6 2
6 2
9 2
8 0
9 1
6 2
9 5
11 3
9 1
12 1
6 2
7 1
4 4
8 1
7 3
6 2
11 2
7 3
6 3
7 1
6 2
9 2
9 2
7 3
7 1
6 2
6 7
8 2
4 4
8 0
6 2
9 0
6 3
9 9
10 3
12 1
6 2
7 2
9 5
7 1
12 1
9 5
8 1
6 3
7 3
12 1
7 1
10 1
6 3
8 2
12 1
7 0
9 5
6 7
9 4
12 1
7 0
6 3
4 4
8 0
12 1
8 1
9 4
6 7
6 7
12 1
8 1
9 2
6 3
9 8
12 1
8 1
6 3
8 0
6 2
12 1
11 3
12 1
9 9
9 0
12 1
7 3
8 0
9 0
4 4
12 1
9 1
9 2
12 1
6 3
12 1
6 7
9 4
11 3
6 2
12 1
9 0
7 1
6 3
9 8
10 3
7 1
4 4
9 2
9 5
10 3
11 3
12 1
9 3
9 5
10 3
8 2
12 1
4 4
6 7
10 3
6 3
9 0
7 3
7 0
10 1
6 2
10 3
7 3
6 7
10 1
12 1
10 3
9 2
10 3
10 1
9 4
8 1
10 3
8 0
10 1
9 5
8 1
6 2
9 5
10 1
7 2
8 1
12 1
12 1
10 1
8 5
8 1
11 3
11 2
10 1
8 4
9 8
11 2
10 3
8 0
8 0
11 3
9 3
10 3
8 0
9 4
9 4
6 2
9 2
8 0
9 5
6 2
6 3
9 1
8 0
7 1
11 2
9 1
8 0
8 0
7 3
8 5
10 3
7 1
8 0
6 7
7 0
11 2
8 0
8 0
6 3
10 3
9 9
9 2
9 4
4 4
9 0
11 2
6 3
9 4
7 3
8 2
9 8
9 0
9 4
8 2
9 1
7 0
9 9
9 4
9 3
6 3
9 5
7 0
9 4
9 9
9 9
12 1
12 1
9 4
9 1
9 4
6 2
10 1
9 4
6 7
10 3
10 1
6 3
9 4
6 3
6 2
9 2
7 2
9 4
6 3
9 3
8 5
12 1
9 5
12 1
8 0
7 0
11 3
9 5
8 0
6 2
4 4
11 2
9 5
9 5
10 3
7 1
12 1
9 5
4 4
9 3
7 1
6 2
9 5
4 4
6 3
8 4
9 9
9 5
11 3
9 9
8 5
8 0
9 5
11 3
6 3
9 1
12 1
4 4
12 1
6 7
7 3
11 2
4 4
10 3
10 3
4 4
6 3
4 4
7 1
11 3
9 0
7 2
4 4
8 1
7 1
9 9
6 2
4 4
7 3
7 2
11 2
8 2
4 4
9 9
9 2
6 7
7 2
4 4
9 8
8 1
9 5
7 2
4 4
9 8
9 0
6 3
8 0
4 4
6 3
4 4
7 3
9 5
7 1
10 3
10 3
7 1
8 0
7 1
9 4
6 7
6 2
9 1
7 1
4 4
9 5
9 5
9 1
7 1
7 2
7 2
9 3
9 5
7 1
7 0
9 1
8 5
7 1
7 1
8 2
7 2
9 8
7 3
7 1
9 9
9 9
9 4
9 0
7 1
9 1
11 3
6 3
4 4
7 1
6 3
9 3
12 1
10 3
7 2
12 1
4 4
4 4
7 3
7 2
8 0
8 2
9 5
7 1
7 2
9 5
8 4
8 5
9 0
7 2
7 1
6 3
10 1
8 2
7 2
7 2
11 3
9 9
10 1
7 2
6 3
10 1
8 5
8 5
7 2
6 3
9 9
11 2
8 1
7 0
12 1
8 5
9 3
8 1
7 0
10 3
8 4
11 2
9 2
7 0
8 0
8 1
8 2
9 9
7 0
9 5
4 4
7 3
9 8
7 0
4 4
4 4
6 3
9 1
7 0
7 2
7 2
9 8
6 7
7 0
7 2
9 0
4 4
9 9
7 0
8 2
8 1
7 1
6 2
7 0
9 9
7 3
8 2
11 3
7 0
6 3
9 3
7 2
8 4
8 1
6 2
8 0
10 3
9 2
8 1
12 1
9 4
7 0
6 2
8 1
12 1
11 3
9 0
10 3
8 1
10 3
8 2
6 2
9 9
8 1
8 1
9 3
7 0
4 4
8 1
8 5
9 3
7 3
9 8
8 1
11 2
9 4
9 1
6 3
8 1
11 2
9 8
8 4
7 2
8 1
9 3
8 2
9 4
8 4
8 1
9 9
8 1
7 2
10 1
8 1
6 3
7 3
4 4
8 4
8 1
6 3
9 8
8 0
4 4
8 5
12 1
9 0
7 2
7 1
8 5
10 1
11 3
7 0
6 2
8 5
9 4
10 1
9 0
8 5
8 5
4 4
6 2
7 3
9 3
8 5
4 4
8 4
10 3
7 2
8 5
7 1
9 9
6 3
9 3
8 5
8 4
9 0
7 0
9 1
8 5
9 0
8 1
9 9
7 3
11 3
12 1
6 3
7 1
7 1
11 3
10 1
6 3
9 5
12 1
11 3
9 5
6 7
9 9
9 5
11 3
4 4
6 3
9 1
11 2
11 3
9 2
10 1
11 3
4 4
11 3
9 1
7 0
6 2
9 1
11 3
9 0
7 2
6 7
8 1
7 3
11 2
6 7
12 1
10 3
7 3
9 2
9 1
8 1
8 4
7 3
9 9
11 3
10 3
11 2
7 3
9 8
12 1
10 3
9 1
7 3
9 8
6 7
8 0
10 3
7 3
8 4
9 1
6 2
11 2
11 2
10 3
9 8
10 1
8 1
11 2
9 4
9 5
10 1
7 3
11 2
9 4
8 4
10 1
11 3
11 2
4 4
11 2
8 4
7 0
11 2
8 5
9 1
8 5
10 3
11 2
11 2
8 5
7 0
8 2
11 2
9 2
4 4
6 2
9 2
11 2
9 1
6 3
10 3
4 4
11 2
6 3
8 2
8 2
8 2
9 2
6 2
7 1
7 1
6 7
9 2
12 1
7 0
9 8
9 3
9 2
9 5
6 2
9 0
7 2
9 2
7 2
9 1
8 4
6 2
9 2
11 3
9 5
10 1
9 9
9 2
9 8
9 1
11 3
7 0
9 2
9 0
7 2
8 5
9 5
9 2
9 0
11 2
12 1
11 3
8 2
10 1
9 8
9 5
9 0
8 2
8 0
11 3
7 1
11 2
8 2
9 4
10 1
6 3
9 1
8 2
4 4
6 3
8 2
8 4
8 2
8 1
12 1
6 2
11 2
8 2
7 3
6 3
7 1
9 8
8 2
9 8
9 3
10 1
9 8
8 2
9 1
10 1
9 5
6 2
8 2
6 3
7 2
4 4
7 0
9 3
10 1
8 5
9 2
8 5
9 3
7 2
9 2
9 2
7 1
9 3
9 2
10 3
11 2
6 2
9 3
9 1
6 3
10 3
8 5
9 3
6 7
8 2
9 2
9 2
9 3
6 3
8 5
8 1
4 4
9 9
8 0
7 0
4 4
11 3
9 9
9 5
9 5
8 1
8 1
9 9
7 2
9 8
6 2
8 2
9 9
7 3
9 4
11 3
9 3
9 9
11 2
9 8
11 3
10 3
9 9
8 2
7 1
10 3
9 0
9 9
9 3
8 5
8 1
9 2
9 9
9 8
9 3
6 7
9 8
9 8
7 2
9 4
9 9
6 3
9 8
7 0
8 5
7 2
9 8
9 8
9 2
9 8
7 3
7 2
8 4
10 1
4 4
4 4
9 0
8 4
10 1
4 4
11 2
7 1
8 4
10 1
7 2
9 5
9 3
8 4
10 1
11 3
9 9
9 2
8 4
8 0
7 1
9 2
9 0
8 4
7 1
9 2
10 1
12 1
8 4
8 1
6 2
8 4
6 7
8 4
9 3
9 5
8 4
12 1
8 4
9 9
7 0
11 2
8 0
8 4
9 1
10 3
7 1
9 0
9 1
8 0
11 3
9 2
8 1
9 1
4 4
6 7
8 2
8 4
9 1
7 2
8 1
11 2
7 3
9 1
8 1
8 1
7 3
8 5
9 1
7 3
9 8
9 9
7 0
6 7
12 1
8 1
7 2
11 2
6 7
9 4
4 4
8 5
10 3
6 7
9 4
9 3
12 1
9 5
6 7
7 1
7 1
10 3
6 7
6 7
11 3
8 0
12 1
10 1
6 7
11 3
7 1
9 1
4 4
6 7
9 2
9 4
8 1
7 3
9 0
10 1
6 2
7 1
7 1
9 0
9 4
6 3
10 3
10 3
9 0
9 8
10 1
4 4
7 3
6 3
6 2
10 3
9 8
11 2
6 3
9 4
10 1
6 3
9 0
6 3
9 5
9 5
7 3
8 2
6 3
4 4
8 2
8 0
9 4
6 3
7 1
11 3
6 7
11 2
6 3
7 2
8 0
9 2
9 4
6 3
8 5
11 3
7 0
11 2
6 3
11 2
9 5
9 5
9 4
6 3
8 2
9 9
7 2
10 3
6 3
9 1
4 4
9 8
12 1
