37
0 0 U -1
1 0 U 0
2 0 U 1
3 0 U 2
4 0 U 3
5 0 U 4
6 0 U -1
7 0 U 6
8 0 U 7
9 0 U 8
10 0 U 9
11 0 U 10
12 0 U -1
13 0 U 12
14 0 U 13
15 0 U 14
16 0 U 15
17 0 U 16
18 0 U -1
19 0 U 18
20 0 U 19
21 0 U 20
22 0 U 21
23 0 U 22
24 0 U -1
25 0 U 24
26 0 U 25
27 0 U 26
28 0 U 27
29 0 U 28
30 0 U -1
31 0 U 30
32 0 U 31
33 0 U 32
34 0 U 33
35 0 U 34
36 0 U -1
# score :0 939573
# W : 395757 , H : 547027 W + H : 942784
37
0 0 U -1
1 1 U 0
2 1 U 1
3 0 U 2
4 0 U 3
5 0 U 4
6 1 U -1
7 1 U 6
8 1 U 7
9 1 U 8
10 0 U 9
11 0 U 10
12 1 U -1
13 0 U 12
14 0 U 13
15 1 U 14
16 0 U 15
17 1 U 16
18 0 U -1
19 0 U 18
20 1 U 19
21 0 U 20
22 0 U 21
23 0 U 22
24 1 U -1
25 1 U 24
26 1 U 25
27 1 U 26
28 1 U 27
29 1 U 28
30 0 U -1
31 0 U 30
32 0 U 31
33 1 U 32
34 0 U 33
35 0 U 34
36 1 U -1
# score :1 892215
# W : 444339 , H : 376877 W + H : 821216
37
0 0 U -1
1 0 U 0
2 0 U 1
3 0 U 2
4 0 U 3
5 0 U 4
6 0 U -1
7 0 U 6
8 0 U 7
9 0 U 8
10 0 U 9
11 0 U 10
12 0 U -1
13 0 U 12
14 0 U 13
15 0 U 14
16 0 U 15
17 0 U 16
18 0 U -1
19 0 U 18
20 0 U 19
21 0 U 20
22 0 U 21
23 0 U 22
24 0 U -1
25 0 U 24
26 0 U 25
27 0 U 26
28 0 U 27
29 0 U 28
30 0 U -1
31 0 U 30
32 0 U 31
33 0 U 32
34 0 U 33
35 0 U 34
36 0 L 30
# score :2 948828
# W : 398476 , H : 553100 W + H : 951576
37
0 0 U -1
1 1 U 0
2 1 U 1
3 0 U 2
4 0 U 3
5 0 U 4
6 1 U -1
7 1 U 6
8 1 U 7
9 1 U 8
10 0 U 9
11 0 U 10
12 1 U -1
13 0 U 12
14 0 U 13
15 1 U 14
16 0 U 15
17 1 U 16
18 0 U -1
19 0 U 18
20 1 U 19
21 0 U 20
22 0 U 21
23 0 U 22
24 1 U -1
25 1 U 24
26 1 U 25
27 1 U 26
28 1 U 27
29 1 U 28
30 0 U -1
31 0 U 30
32 0 U 31
33 1 U 32
34 0 U 33
35 0 U 34
36 1 L 30
# score :3 885738
# W : 446227 , H : 375842 W + H : 822069
37
0 0 U -1
1 0 U 0
2 0 U 1
3 0 U 2
4 0 U 3
5 0 U 4
6 0 U -1
7 0 U 6
8 0 U 7
9 0 U 8
10 0 U 9
11 0 U 10
12 0 U -1
13 0 U 12
14 0 U 13
15 0 U 14
16 0 U 15
17 0 U 16
18 0 U -1
19 0 U 18
20 0 U 19
21 0 U 20
22 0 U 21
23 0 U 22
24 0 U -1
25 0 U 24
26 0 U 25
27 0 U 26
28 0 U 27
29 0 U 28
30 0 U -1
31 0 U 30
32 0 U 31
33 0 U 32
34 0 U 33
35 0 U 34
36 0 L 24
# score :4 901904
# W : 392879 , H : 494102 W + H : 886981
37
0 0 U -1
1 1 U 0
2 1 U 1
3 0 U 2
4 0 U 3
5 0 U 4
6 1 U -1
7 1 U 6
8 1 U 7
9 1 U 8
10 0 U 9
11 0 U 10
12 1 U -1
13 0 U 12
14 0 U 13
15 1 U 14
16 0 U 15
17 1 U 16
18 0 U -1
19 0 U 18
20 1 U 19
21 0 U 20
22 0 U 21
23 0 U 22
24 1 U -1
25 1 U 24
26 1 U 25
27 1 U 26
28 1 U 27
29 1 U 28
30 0 U -1
31 0 U 30
32 0 U 31
33 1 U 32
34 0 U 33
35 0 U 34
36 1 L 24
# score :5 842470
# W : 515592 , H : 325703 W + H : 841295
37
0 0 U -1
1 0 U 0
2 0 U 1
3 0 U 2
4 0 U 3
5 0 U 4
6 0 U -1
7 0 U 6
8 0 U 7
9 0 U 8
10 0 U 9
11 0 U 10
12 0 U -1
13 0 U 12
14 0 U 13
15 0 U 14
16 0 U 15
17 0 U 16
18 0 U -1
19 0 U 18
20 0 U 19
21 0 U 20
22 0 U 21
23 0 U 22
24 0 U -1
25 0 U 24
26 0 U 25
27 0 U 26
28 0 U 27
29 0 U 28
30 0 U -1
31 0 U 30
32 0 U 31
33 0 U 32
34 0 U 33
35 0 U 34
36 0 L 24
# score :6 900786
# W : 391609 , H : 496116 W + H : 887725
37
0 0 U -1
1 1 U 0
2 1 U 1
3 0 U 2
4 0 U 3
5 0 U 4
6 1 U -1
7 1 U 6
8 1 U 7
9 1 U 8
10 0 U 9
11 0 U 10
12 1 U -1
13 0 U 12
14 0 U 13
15 1 U 14
16 0 U 15
17 1 U 16
18 0 U -1
19 0 U 18
20 1 U 19
21 0 U 20
22 0 U 21
23 0 U 22
24 1 U -1
25 1 U 24
26 1 U 25
27 1 U 26
28 1 U 27
29 1 U 28
30 0 U -1
31 0 U 30
32 0 U 31
33 1 U 32
34 0 U 33
35 0 U 34
36 1 L 24
# score :7 838504
# W : 512667 , H : 321396 W + H : 834063
37
0 0 U -1
1 1 U 0
2 0 U 1
3 1 U 2
4 1 U 3
5 1 U 4
6 0 U -1
7 1 U 6
8 0 U 7
9 1 U 8
10 1 U 9
11 0 U 10
12 0 U -1
13 1 U 12
14 0 U 13
15 1 U 14
16 1 U 15
17 1 U 16
18 1 U -1
19 0 U 18
20 1 U 19
21 1 U 20
22 0 U 21
23 1 U 22
24 1 U -1
25 0 U 24
26 0 U 25
27 0 U 26
28 1 U 27
29 1 U 28
30 0 U -1
31 1 U 30
32 0 U 31
33 1 U 32
34 1 U 33
35 1 U 34
36 0 U -1
# score :8 912227
# W : 382540 , H : 452548 W + H : 835088
37
0 1 U -1
1 0 U 0
2 1 U 1
3 0 U 2
4 0 U 3
5 1 U 4
6 0 U -1
7 1 U 6
8 0 U 7
9 1 U 8
10 1 U 9
11 0 U 10
12 0 U -1
13 1 U 12
14 0 U 13
15 0 U 14
16 0 U 15
17 1 U 16
18 0 U -1
19 1 U 18
20 0 U 19
21 1 U 20
22 1 U 21
23 0 U 22
24 1 U -1
25 0 U 24
26 0 U 25
27 1 U 26
28 1 U 27
29 1 U 28
30 0 U -1
31 1 U 30
32 1 U 31
33 1 U 32
34 1 U 33
35 0 U 34
36 1 U -1
# score :9 955687
# W : 385497 , H : 521096 W + H : 906593
37
0 1 U -1
1 0 U 0
2 0 U 1
3 0 U 2
4 1 U 3
5 0 U 4
6 0 U -1
7 0 U 6
8 1 U 7
9 1 U 8
10 1 U 9
11 1 U 10
12 1 U -1
13 1 U 12
14 0 U 13
15 1 U 14
16 1 U 15
17 0 U 16
18 1 U -1
19 0 U 18
20 0 U 19
21 1 U 20
22 1 U 21
23 1 U 22
24 0 U -1
25 0 U 24
26 0 U 25
27 1 U 26
28 1 U 27
29 0 U 28
30 0 U -1
31 1 U 30
32 0 U 31
33 1 U 32
34 0 U 33
35 1 U 34
36 0 L 30
# score :10 956125
# W : 396691 , H : 528228 W + H : 924919
37
0 1 U -1
1 0 U 0
2 1 U 1
3 1 U 2
4 0 U 3
5 0 U 4
6 0 U -1
7 1 U 6
8 0 U 7
9 1 U 8
10 1 U 9
11 0 U 10
12 1 U -1
13 1 U 12
14 0 U 13
15 1 U 14
16 1 U 15
17 0 U 16
18 1 U -1
19 1 U 18
20 0 U 19
21 1 U 20
22 0 U 21
23 1 U 22
24 1 U -1
25 1 U 24
26 1 U 25
27 1 U 26
28 1 U 27
29 0 U 28
30 1 U -1
31 1 U 30
32 1 U 31
33 0 U 32
34 1 U 33
35 1 U 34
36 1 L 30
# score :11 912489
# W : 399125 , H : 456773 W + H : 855898
37
0 0 U -1
1 0 U 0
2 0 U 1
3 0 U 2
4 1 U 3
5 0 U 4
6 1 U -1
7 0 U 6
8 1 U 7
9 1 U 8
10 0 U 9
11 1 U 10
12 0 U -1
13 0 U 12
14 1 U 13
15 0 U 14
16 0 U 15
17 0 U 16
18 1 U -1
19 0 U 18
20 1 U 19
21 0 U 20
22 1 U 21
23 1 U 22
24 0 U -1
25 1 U 24
26 0 U 25
27 0 U 26
28 1 U 27
29 1 U 28
30 0 U -1
31 1 U 30
32 0 U 31
33 1 U 32
34 1 U 33
35 0 U 34
36 0 L 24
# score :12 901440
# W : 370795 , H : 507116 W + H : 877911
37
0 0 U -1
1 0 U 0
2 1 U 1
3 0 U 2
4 1 U 3
5 0 U 4
6 1 U -1
7 1 U 6
8 1 U 7
9 1 U 8
10 1 U 9
11 0 U 10
12 0 U -1
13 1 U 12
14 0 U 13
15 1 U 14
16 0 U 15
17 0 U 16
18 1 U -1
19 1 U 18
20 0 U 19
21 1 U 20
22 0 U 21
23 0 U 22
24 0 U -1
25 1 U 24
26 1 U 25
27 1 U 26
28 0 U 27
29 1 U 28
30 0 U -1
31 0 U 30
32 0 U 31
33 0 U 32
34 1 U 33
35 0 U 34
36 0 L 24
# score :13 914735
# W : 436941 , H : 443127 W + H : 880068
37
0 0 U -1
1 0 U 0
2 1 U 1
3 0 U 2
4 0 U 3
5 0 U 4
6 0 U -1
7 1 U 6
8 1 U 7
9 0 U 8
10 1 U 9
11 0 U 10
12 1 U -1
13 0 U 12
14 0 U 13
15 1 U 14
16 0 U 15
17 0 U 16
18 0 U -1
19 1 U 18
20 0 U 19
21 0 U 20
22 1 U 21
23 1 U 22
24 0 U -1
25 1 U 24
26 1 U 25
27 1 U 26
28 1 U 27
29 0 U 28
30 0 U -1
31 1 U 30
32 0 U 31
33 0 U 32
34 1 U 33
35 0 U 34
36 1 L 24
# score :14 888728
# W : 431375 , H : 406590 W + H : 837965
37
0 1 U -1
1 0 U 0
2 1 U 1
3 1 U 2
4 1 U 3
5 1 U 4
6 1 U -1
7 1 U 6
8 1 U 7
9 1 U 8
10 1 U 9
11 1 U 10
12 0 U -1
13 0 U 12
14 0 U 13
15 1 U 14
16 1 U 15
17 0 U 16
18 0 U -1
19 0 U 18
20 0 U 19
21 0 U 20
22 1 U 21
23 0 U 22
24 1 U -1
25 1 U 24
26 0 U 25
27 1 U 26
28 0 U 27
29 0 U 28
30 0 U -1
31 0 U 30
32 1 U 31
33 1 U 32
34 1 U 33
35 0 U 34
36 1 L 24
# score :15 856813
# W : 410348 , H : 421565 W + H : 831913
37
0 1 U -1
1 0 U 0
2 0 U 1
3 1 U 2
4 0 U 3
5 0 U 4
6 1 U -1
7 1 U 6
8 0 U 7
9 1 U 8
10 0 U 9
11 0 U 10
12 1 U -1
13 0 U 12
14 0 U 13
15 0 U 14
16 1 U 15
17 1 U 16
18 1 U -1
19 1 U 18
20 1 U 19
21 1 U 20
22 1 U 21
23 1 U 22
24 0 U -1
25 1 U 24
26 0 U 25
27 1 U 26
28 0 U 27
29 1 U 28
30 0 U -1
31 1 U 30
32 1 U 31
33 0 U 32
34 0 U 33
35 0 U 34
36 0 U -1
# score :16 977681
# W : 428784 , H : 471574 W + H : 900358
37
0 1 U -1
1 1 U 0
2 0 U 1
3 0 U 2
4 0 U 3
5 1 U 4
6 0 U -1
7 0 U 6
8 1 U 7
9 1 U 8
10 1 U 9
11 0 U 10
12 0 U -1
13 1 U 12
14 1 U 13
15 1 U 14
16 0 U 15
17 0 U 16
18 0 U -1
19 1 U 18
20 1 U 19
21 0 U 20
22 1 U 21
23 1 U 22
24 0 U -1
25 0 U 24
26 1 U 25
27 1 U 26
28 0 U 27
29 0 U 28
30 1 U -1
31 0 U 30
32 0 U 31
33 1 U 32
34 0 U 33
35 0 U 34
36 0 U -1
# score :17 968917
# W : 410392 , H : 546443 W + H : 956835
37
0 1 U -1
1 1 U 0
2 0 U 1
3 0 U 2
4 1 U 3
5 0 U 4
6 1 U -1
7 0 U 6
8 0 U 7
9 1 U 8
10 1 U 9
11 0 U 10
12 1 U -1
13 0 U 12
14 1 U 13
15 0 U 14
16 1 U 15
17 0 U 16
18 1 U -1
19 1 U 18
20 1 U 19
21 0 U 20
22 1 U 21
23 0 U 22
24 0 U -1
25 0 U 24
26 0 U 25
27 1 U 26
28 1 U 27
29 0 U 28
30 0 U -1
31 0 U 30
32 1 U 31
33 1 U 32
34 0 U 33
35 0 U 34
36 1 L 30
# score :18 942810
# W : 387909 , H : 500470 W + H : 888379
37
0 1 U -1
1 1 U 0
2 0 U 1
3 1 U 2
4 0 U 3
5 1 U 4
6 0 U -1
7 1 U 6
8 0 U 7
9 1 U 8
10 0 U 9
11 1 U 10
12 1 U -1
13 0 U 12
14 1 U 13
15 1 U 14
16 0 U 15
17 1 U 16
18 0 U -1
19 0 U 18
20 1 U 19
21 1 U 20
22 1 U 21
23 1 U 22
24 1 U -1
25 1 U 24
26 1 U 25
27 1 U 26
28 0 U 27
29 1 U 28
30 0 U -1
31 0 U 30
32 1 U 31
33 1 U 32
34 1 U 33
35 1 U 34
36 1 L 30
# score :19 884312
# W : 395419 , H : 504765 W + H : 900184
37
0 1 U -1
1 1 U 0
2 1 U 1
3 1 U 2
4 0 U 3
5 1 U 4
6 1 U -1
7 1 U 6
8 1 U 7
9 1 U 8
10 0 U 9
11 0 U 10
12 1 U -1
13 1 U 12
14 0 U 13
15 1 U 14
16 1 U 15
17 0 U 16
18 1 U -1
19 0 U 18
20 1 U 19
21 1 U 20
22 1 U 21
23 0 U 22
24 1 U -1
25 1 U 24
26 0 U 25
27 1 U 26
28 1 U 27
29 0 U 28
30 0 U -1
31 1 U 30
32 0 U 31
33 1 U 32
34 0 U 33
35 1 U 34
36 0 L 24
# score :20 877331
# W : 441456 , H : 393149 W + H : 834605
37
0 0 U -1
1 0 U 0
2 0 U 1
3 0 U 2
4 1 U 3
5 0 U 4
6 0 U -1
7 0 U 6
8 0 U 7
9 0 U 8
10 1 U 9
11 0 U 10
12 0 U -1
13 1 U 12
14 1 U 13
15 0 U 14
16 1 U 15
17 0 U 16
18 0 U -1
19 0 U 18
20 1 U 19
21 0 U 20
22 1 U 21
23 1 U 22
24 0 U -1
25 1 U 24
26 1 U 25
27 0 U 26
28 1 U 27
29 1 U 28
30 0 U -1
31 1 U 30
32 1 U 31
33 1 U 32
34 0 U 33
35 1 U 34
36 1 L 24
# score :21 863030
# W : 373223 , H : 488856 W + H : 862079
37
0 1 U -1
1 0 U 0
2 1 U 1
3 0 U 2
4 1 U 3
5 0 U 4
6 0 U -1
7 0 U 6
8 0 U 7
9 0 U 8
10 1 U 9
11 1 U 10
12 0 U -1
13 0 U 12
14 1 U 13
15 1 U 14
16 1 U 15
17 1 U 16
18 0 U -1
19 1 U 18
20 1 U 19
21 1 U 20
22 1 U 21
23 0 U 22
24 0 U -1
25 1 U 24
26 0 U 25
27 0 U 26
28 1 U 27
29 0 U 28
30 0 U -1
31 1 U 30
32 0 U 31
33 0 U 32
34 1 U 33
35 1 U 34
36 0 L 24
# score :22 865421
# W : 363251 , H : 498335 W + H : 861586
37
0 0 U -1
1 0 U 0
2 1 U 1
3 1 U 2
4 1 U 3
5 0 U 4
6 1 U -1
7 1 U 6
8 0 U 7
9 1 U 8
10 1 U 9
11 1 U 10
12 1 U -1
13 1 U 12
14 0 U 13
15 1 U 14
16 1 U 15
17 1 U 16
18 0 U -1
19 0 U 18
20 0 U 19
21 1 U 20
22 0 U 21
23 0 U 22
24 0 U -1
25 1 U 24
26 0 U 25
27 0 U 26
28 1 U 27
29 1 U 28
30 1 U -1
31 1 U 30
32 0 U 31
33 1 U 32
34 1 U 33
35 1 U 34
36 1 L 24
# score :23 879799
# W : 416190 , H : 395567 W + H : 811757
37
0 0 U -1
1 1 U 0
2 0 U 1
3 1 U 2
4 0 U 3
5 0 U 4
6 1 U -1
7 0 U 6
8 1 U 7
9 0 U 8
10 0 U 9
11 1 U 10
12 1 U -1
13 0 U 12
14 0 U 13
15 1 U 14
16 1 U 15
17 0 U 16
18 1 U -1
19 1 U 18
20 1 U 19
21 0 U 20
22 1 U 21
23 0 U 22
24 0 U -1
25 1 U 24
26 1 U 25
27 0 U 26
28 1 U 27
29 0 U 28
30 1 U -1
31 0 U 30
32 1 U 31
33 1 U 32
34 0 U 33
35 1 U 34
36 1 U -1
# score :24 966111
# W : 423872 , H : 508115 W + H : 931987
37
0 0 U -1
1 1 U 0
2 1 U 1
3 0 U 2
4 1 U 3
5 0 U 4
6 1 U -1
7 0 U 6
8 1 U 7
9 0 U 8
10 0 U 9
11 1 U 10
12 1 U -1
13 0 U 12
14 0 U 13
15 1 U 14
16 1 U 15
17 1 U 16
18 0 U -1
19 1 U 18
20 0 U 19
21 1 U 20
22 1 U 21
23 0 U 22
24 1 U -1
25 1 U 24
26 1 U 25
27 1 U 26
28 1 U 27
29 1 U 28
30 0 U -1
31 0 U 30
32 1 U 31
33 1 U 32
34 0 U 33
35 1 U 34
36 0 U -1
# score :25 975253
# W : 436359 , H : 453095 W + H : 889454
37
0 1 U -1
1 1 U 0
2 1 U 1
3 0 U 2
4 1 U 3
5 0 U 4
6 1 U -1
7 0 U 6
8 0 U 7
9 1 U 8
10 0 U 9
11 1 U 10
12 0 U -1
13 1 U 12
14 0 U 13
15 1 U 14
16 0 U 15
17 0 U 16
18 0 U -1
19 0 U 18
20 1 U 19
21 0 U 20
22 0 U 21
23 1 U 22
24 0 U -1
25 1 U 24
26 0 U 25
27 0 U 26
28 0 U 27
29 0 U 28
30 0 U -1
31 1 U 30
32 1 U 31
33 0 U 32
34 0 U 33
35 0 U 34
36 0 L 30
# score :26 922480
# W : 376435 , H : 521203 W + H : 897638
37
0 1 U -1
1 0 U 0
2 1 U 1
3 1 U 2
4 1 U 3
5 0 U 4
6 1 U -1
7 1 U 6
8 0 U 7
9 1 U 8
10 1 U 9
11 0 U 10
12 0 U -1
13 1 U 12
14 0 U 13
15 1 U 14
16 1 U 15
17 1 U 16
18 1 U -1
19 0 U 18
20 1 U 19
21 1 U 20
22 1 U 21
23 0 U 22
24 0 U -1
25 1 U 24
26 1 U 25
27 1 U 26
28 0 U 27
29 0 U 28
30 1 U -1
31 0 U 30
32 1 U 31
33 1 U 32
34 0 U 33
35 1 U 34
36 1 L 30
# score :27 970356
# W : 427228 , H : 509361 W + H : 936589
37
0 1 U -1
1 1 U 0
2 0 U 1
3 1 U 2
4 0 U 3
5 0 U 4
6 1 U -1
7 1 U 6
8 0 U 7
9 0 U 8
10 0 U 9
11 0 U 10
12 0 U -1
13 1 U 12
14 0 U 13
15 1 U 14
16 1 U 15
17 1 U 16
18 0 U -1
19 1 U 18
20 0 U 19
21 1 U 20
22 1 U 21
23 1 U 22
24 1 U -1
25 0 U 24
26 0 U 25
27 0 U 26
28 1 U 27
29 0 U 28
30 1 U -1
31 0 U 30
32 0 U 31
33 0 U 32
34 1 U 33
35 0 U 34
36 1 L 24
# score :28 869884
# W : 417835 , H : 389253 W + H : 807088
37
0 0 U -1
1 1 U 0
2 0 U 1
3 1 U 2
4 0 U 3
5 0 U 4
6 0 U -1
7 0 U 6
8 0 U 7
9 0 U 8
10 1 U 9
11 0 U 10
12 1 U -1
13 1 U 12
14 0 U 13
15 1 U 14
16 0 U 15
17 1 U 16
18 1 U -1
19 1 U 18
20 0 U 19
21 1 U 20
22 1 U 21
23 1 U 22
24 1 U -1
25 1 U 24
26 0 U 25
27 1 U 26
28 0 U 27
29 1 U 28
30 1 U -1
31 1 U 30
32 1 U 31
33 1 U 32
34 0 U 33
35 0 U 34
36 1 L 24
# score :29 914893
# W : 420365 , H : 459549 W + H : 879914
37
0 1 U -1
1 0 U 0
2 0 U 1
3 1 U 2
4 0 U 3
5 1 U 4
6 1 U -1
7 0 U 6
8 1 U 7
9 1 U 8
10 0 U 9
11 1 U 10
12 0 U -1
13 1 U 12
14 0 U 13
15 1 U 14
16 0 U 15
17 1 U 16
18 1 U -1
19 1 U 18
20 0 U 19
21 0 U 20
22 0 U 21
23 0 U 22
24 0 U -1
25 0 U 24
26 0 U 25
27 0 U 26
28 0 U 27
29 0 U 28
30 1 U -1
31 0 U 30
32 1 U 31
33 1 U 32
34 1 U 33
35 0 U 34
36 0 L 24
# score :30 911891
# W : 390023 , H : 502139 W + H : 892162
37
0 0 U -1
1 0 U 0
2 1 U 1
3 0 U 2
4 0 U 3
5 1 U 4
6 1 U -1
7 0 U 6
8 1 U 7
9 0 U 8
10 0 U 9
11 1 U 10
12 1 U -1
13 0 U 12
14 0 U 13
15 1 U 14
16 0 U 15
17 0 U 16
18 0 U -1
19 0 U 18
20 0 U 19
21 0 U 20
22 0 U 21
23 0 U 22
24 0 U -1
25 0 U 24
26 0 U 25
27 0 U 26
28 1 U 27
29 1 U 28
30 0 U -1
31 1 U 30
32 0 U 31
33 0 U 32
34 1 U 33
35 0 U 34
36 0 L 24
# score :31 882403
# W : 432298 , H : 471400 W + H : 903698
37
0 0 U -1
1 1 U 0
2 1 U 1
3 0 U 2
4 1 U 3
5 0 U 4
6 1 U -1
7 0 U 6
8 1 U 7
9 1 U 8
10 0 U 9
11 1 U 10
12 1 U -1
13 0 U 12
14 0 U 13
15 1 U 14
16 0 U 15
17 0 U 16
18 1 U -1
19 0 U 18
20 1 U 19
21 1 U 20
22 1 U 21
23 1 U 22
24 0 U -1
25 0 U 24
26 1 U 25
27 0 U 26
28 1 U 27
29 1 U 28
30 1 U -1
31 0 U 30
32 1 U 31
33 0 U 32
34 0 U 33
35 0 U 34
36 1 U -1
# score :32 1004870
# W : 436467 , H : 509217 W + H : 945684
37
0 0 U -1
1 1 U 0
2 1 U 1
3 1 U 2
4 0 U 3
5 0 U 4
6 1 U -1
7 0 U 6
8 1 U 7
9 0 U 8
10 1 U 9
11 0 U 10
12 0 U -1
13 0 U 12
14 1 U 13
15 1 U 14
16 1 U 15
17 1 U 16
18 1 U -1
19 0 U 18
20 1 U 19
21 1 U 20
22 1 U 21
23 0 U 22
24 1 U -1
25 0 U 24
26 1 U 25
27 0 U 26
28 1 U 27
29 0 U 28
30 1 U -1
31 0 U 30
32 0 U 31
33 1 U 32
34 0 U 33
35 0 U 34
36 0 U -1
# score :33 1010995
# W : 402793 , H : 493978 W + H : 896771
37
0 0 U -1
1 0 U 0
2 1 U 1
3 1 U 2
4 0 U 3
5 1 U 4
6 0 U -1
7 1 U 6
8 0 U 7
9 1 U 8
10 1 U 9
11 0 U 10
12 0 U -1
13 0 U 12
14 0 U 13
15 1 U 14
16 1 U 15
17 0 U 16
18 0 U -1
19 1 U 18
20 0 U 19
21 1 U 20
22 0 U 21
23 0 U 22
24 1 U -1
25 0 U 24
26 1 U 25
27 1 U 26
28 1 U 27
29 0 U 28
30 0 U -1
31 0 U 30
32 1 U 31
33 1 U 32
34 1 U 33
35 0 U 34
36 0 L 30
# score :34 923384
# W : 392695 , H : 444072 W + H : 836767
37
0 0 U -1
1 1 U 0
2 0 U 1
3 1 U 2
4 1 U 3
5 0 U 4
6 0 U -1
7 0 U 6
8 1 U 7
9 1 U 8
10 1 U 9
11 0 U 10
12 1 U -1
13 0 U 12
14 0 U 13
15 0 U 14
16 0 U 15
17 1 U 16
18 0 U -1
19 1 U 18
20 1 U 19
21 1 U 20
22 1 U 21
23 1 U 22
24 0 U -1
25 1 U 24
26 0 U 25
27 0 U 26
28 1 U 27
29 1 U 28
30 0 U -1
31 1 U 30
32 1 U 31
33 0 U 32
34 0 U 33
35 1 U 34
36 1 L 30
# score :35 923717
# W : 420064 , H : 489511 W + H : 909575
37
0 0 U -1
1 0 U 0
2 1 U 1
3 0 U 2
4 1 U 3
5 0 U 4
6 0 U -1
7 1 U 6
8 1 U 7
9 1 U 8
10 1 U 9
11 1 U 10
12 1 U -1
13 0 U 12
14 0 U 13
15 0 U 14
16 0 U 15
17 1 U 16
18 1 U -1
19 0 U 18
20 1 U 19
21 0 U 20
22 0 U 21
23 1 U 22
24 0 U -1
25 0 U 24
26 0 U 25
27 1 U 26
28 1 U 27
29 1 U 28
30 1 U -1
31 0 U 30
32 1 U 31
33 1 U 32
34 0 U 33
35 0 U 34
36 0 L 24
# score :36 897283
# W : 423171 , H : 411522 W + H : 834693
37
0 1 U -1
1 1 U 0
2 0 U 1
3 1 U 2
4 0 U 3
5 1 U 4
6 0 U -1
7 0 U 6
8 0 U 7
9 0 U 8
10 0 U 9
11 1 U 10
12 1 U -1
13 0 U 12
14 0 U 13
15 0 U 14
16 0 U 15
17 0 U 16
18 0 U -1
19 0 U 18
20 0 U 19
21 1 U 20
22 0 U 21
23 1 U 22
24 1 U -1
25 0 U 24
26 1 U 25
27 1 U 26
28 0 U 27
29 1 U 28
30 1 U -1
31 1 U 30
32 0 U 31
33 1 U 32
34 1 U 33
35 1 U 34
36 1 L 24
# score :37 853821
# W : 410370 , H : 411830 W + H : 822200
37
0 1 U -1
1 1 U 0
2 0 U 1
3 0 U 2
4 0 U 3
5 0 U 4
6 0 U -1
7 0 U 6
8 0 U 7
9 0 U 8
10 1 U 9
11 1 U 10
12 1 U -1
13 1 U 12
14 0 U 13
15 0 U 14
16 0 U 15
17 0 U 16
18 0 U -1
19 0 U 18
20 0 U 19
21 1 U 20
22 0 U 21
23 0 U 22
24 1 U -1
25 1 U 24
26 1 U 25
27 1 U 26
28 0 U 27
29 0 L 28
30 1 U -1
31 1 U 30
32 0 U 31
33 1 U 32
34 1 U 33
35 1 U 34
36 1 L 24
