49
0 0 U -1
1 0 U 0
2 0 U 1
3 0 U 2
4 0 U 3
5 0 U 4
6 0 U 5
7 0 U -1
8 0 U 7
9 0 U 8
10 0 U 9
11 0 U 10
12 0 U 11
13 0 U 12
14 0 U -1
15 0 U 14
16 0 U 15
17 0 U 16
18 0 U 17
19 0 U 18
20 0 U 19
21 0 U -1
22 0 U 21
23 0 U 22
24 0 U 23
25 0 U 24
26 0 U 25
27 0 U 26
28 0 U -1
29 0 U 28
30 0 U 29
31 0 U 30
32 0 U 31
33 0 U 32
34 0 U 33
35 0 U -1
36 0 U 35
37 0 U 36
38 0 U 37
39 0 U 38
40 0 U 39
41 0 U 40
42 0 U -1
43 0 U 42
44 0 U 43
45 0 U 44
46 0 U 45
47 0 U 46
48 0 U 47
# score :0 1182156
# W : 547875 , H : 564468 W + H : 1112343
49
0 1 U -1
1 0 U 0
2 0 U 1
3 1 U 2
4 0 U 3
5 0 U 4
6 0 U 5
7 0 U -1
8 1 U 7
9 1 U 8
10 0 U 9
11 0 U 10
12 1 U 11
13 1 U 12
14 1 U -1
15 0 U 14
16 0 U 15
17 1 U 16
18 0 U 17
19 1 U 18
20 1 U 19
21 0 U -1
22 1 U 21
23 1 U 22
24 0 U 23
25 1 U 24
26 0 U 25
27 1 U 26
28 0 U -1
29 1 U 28
30 0 U 29
31 1 U 30
32 0 U 31
33 1 U 32
34 1 U 33
35 1 U -1
36 0 U 35
37 0 U 36
38 1 U 37
39 1 U 38
40 0 U 39
41 1 U 40
42 1 U -1
43 1 U 42
44 0 U 43
45 1 U 44
46 0 U 45
47 1 U 46
48 1 U 47
# score :1 1169877
# W : 595896 , H : 507374 W + H : 1103270
49
0 0 U -1
1 0 U 0
2 0 U 1
3 0 U 2
4 0 U 3
5 0 U 4
6 0 U 5
7 0 U -1
8 0 U 7
9 0 U 8
10 0 U 9
11 0 U 10
12 0 U 11
13 0 U 12
14 0 U -1
15 0 U 14
16 0 U 15
17 0 U 16
18 0 U 17
19 0 U 18
20 0 U 19
21 0 U -1
22 0 U 21
23 0 U 22
24 0 U 23
25 0 U 24
26 0 U 25
27 0 U 26
28 0 U -1
29 0 U 28
30 0 U 29
31 0 U 30
32 0 U 31
33 0 U 32
34 0 U 33
35 0 U -1
36 0 U 35
37 0 U 36
38 0 U 37
39 0 U 38
40 0 U 39
41 0 U 40
42 0 U -1
43 0 U 42
44 0 U 43
45 0 U 44
46 0 U 45
47 0 U 46
48 0 U 47
# score :2 1144846
# W : 544296 , H : 570159 W + H : 1114455
49
0 1 U -1
1 0 U 0
2 0 U 1
3 1 U 2
4 0 U 3
5 0 U 4
6 0 U 5
7 0 U -1
8 1 U 7
9 1 U 8
10 0 U 9
11 0 U 10
12 1 U 11
13 1 U 12
14 1 U -1
15 0 U 14
16 0 U 15
17 1 U 16
18 0 U 17
19 1 U 18
20 1 U 19
21 0 U -1
22 1 U 21
23 1 U 22
24 0 U 23
25 1 U 24
26 0 U 25
27 1 U 26
28 0 U -1
29 1 U 28
30 0 U 29
31 1 U 30
32 0 U 31
33 1 U 32
34 1 U 33
35 1 U -1
36 0 U 35
37 0 U 36
38 1 U 37
39 1 U 38
40 0 U 39
41 1 U 40
42 1 U -1
43 1 U 42
44 0 U 43
45 1 U 44
46 0 U 45
47 1 U 46
48 1 U 47
# score :3 1180409
# W : 595418 , H : 521889 W + H : 1117307
49
0 0 U -1
1 0 U 0
2 0 U 1
3 0 U 2
4 0 U 3
5 0 U 4
6 0 U 5
7 0 U -1
8 0 U 7
9 0 U 8
10 0 U 9
11 0 U 10
12 0 U 11
13 0 U 12
14 0 U -1
15 0 U 14
16 0 U 15
17 0 U 16
18 0 U 17
19 0 U 18
20 0 U 19
21 0 U -1
22 0 U 21
23 0 U 22
24 0 U 23
25 0 U 24
26 0 U 25
27 0 U 26
28 0 U -1
29 0 U 28
30 0 U 29
31 0 U 30
32 0 U 31
33 0 U 32
34 0 U 33
35 0 U -1
36 0 U 35
37 0 U 36
38 0 U 37
39 0 U 38
40 0 U 39
41 0 U 40
42 0 U -1
43 0 U 42
44 0 U 43
45 0 U 44
46 0 U 45
47 0 U 46
48 0 U 47
# score :4 1192510
# W : 559030 , H : 565376 W + H : 1124406
49
0 1 U -1
1 0 U 0
2 0 U 1
3 1 U 2
4 0 U 3
5 0 U 4
6 0 U 5
7 0 U -1
8 1 U 7
9 1 U 8
10 0 U 9
11 0 U 10
12 1 U 11
13 1 U 12
14 1 U -1
15 0 U 14
16 0 U 15
17 1 U 16
18 0 U 17
19 1 U 18
20 1 U 19
21 0 U -1
22 1 U 21
23 1 U 22
24 0 U 23
25 1 U 24
26 0 U 25
27 1 U 26
28 0 U -1
29 1 U 28
30 0 U 29
31 1 U 30
32 0 U 31
33 1 U 32
34 1 U 33
35 1 U -1
36 0 U 35
37 0 U 36
38 1 U 37
39 1 U 38
40 0 U 39
41 1 U 40
42 1 U -1
43 1 U 42
44 0 U 43
45 1 U 44
46 0 U 45
47 1 U 46
48 1 U 47
# score :5 1163203
# W : 590622 , H : 518264 W + H : 1108886
49
0 0 U -1
1 0 U 0
2 0 U 1
3 0 U 2
4 0 U 3
5 0 U 4
6 0 U 5
7 0 U -1
8 0 U 7
9 0 U 8
10 0 U 9
11 0 U 10
12 0 U 11
13 0 U 12
14 0 U -1
15 0 U 14
16 0 U 15
17 0 U 16
18 0 U 17
19 0 U 18
20 0 U 19
21 0 U -1
22 0 U 21
23 0 U 22
24 0 U 23
25 0 U 24
26 0 U 25
27 0 U 26
28 0 U -1
29 0 U 28
30 0 U 29
31 0 U 30
32 0 U 31
33 0 U 32
34 0 U 33
35 0 U -1
36 0 U 35
37 0 U 36
38 0 U 37
39 0 U 38
40 0 U 39
41 0 U 40
42 0 U -1
43 0 U 42
44 0 U 43
45 0 U 44
46 0 U 45
47 0 U 46
48 0 U 47
# score :6 1178486
# W : 537527 , H : 570907 W + H : 1108434
49
0 1 U -1
1 0 U 0
2 0 U 1
3 1 U 2
4 0 U 3
5 0 U 4
6 0 U 5
7 0 U -1
8 1 U 7
9 1 U 8
10 0 U 9
11 0 U 10
12 1 U 11
13 1 U 12
14 1 U -1
15 0 U 14
16 0 U 15
17 1 U 16
18 0 U 17
19 1 U 18
20 1 U 19
21 0 U -1
22 1 U 21
23 1 U 22
24 0 U 23
25 1 U 24
26 0 U 25
27 1 U 26
28 0 U -1
29 1 U 28
30 0 U 29
31 1 U 30
32 0 U 31
33 1 U 32
34 1 U 33
35 1 U -1
36 0 U 35
37 0 U 36
38 1 U 37
39 1 U 38
40 0 U 39
41 1 U 40
42 1 U -1
43 1 U 42
44 0 U 43
45 1 U 44
46 0 U 45
47 1 U 46
48 1 U 47
# score :7 1157791
# W : 581119 , H : 501160 W + H : 1082279
49
0 1 U -1
1 0 U 0
2 1 U 1
3 1 U 2
4 1 U 3
5 0 U 4
6 0 U 5
7 1 U -1
8 0 U 7
9 1 U 8
10 0 U 9
11 1 U 10
12 0 U 11
13 1 U 12
14 0 U -1
15 0 U 14
16 0 U 15
17 0 U 16
18 0 U 17
19 0 U 18
20 0 U 19
21 0 U -1
22 1 U 21
23 0 U 22
24 0 U 23
25 1 U 24
26 0 U 25
27 1 U 26
28 1 U -1
29 1 U 28
30 1 U 29
31 0 U 30
32 0 U 31
33 1 U 32
34 0 U 33
35 1 U -1
36 0 U 35
37 1 U 36
38 0 U 37
39 1 U 38
40 1 U 39
41 1 U 40
42 1 U -1
43 1 U 42
44 1 U 43
45 1 U 44
46 0 U 45
47 0 U 46
48 0 U 47
# score :8 1172278
# W : 522326 , H : 580769 W + H : 1103095
49
0 0 U -1
1 0 U 0
2 0 U 1
3 1 U 2
4 1 U 3
5 1 U 4
6 1 U 5
7 0 U -1
8 1 U 7
9 1 U 8
10 0 U 9
11 1 U 10
12 1 U 11
13 0 U 12
14 1 U -1
15 0 U 14
16 1 U 15
17 0 U 16
18 1 U 17
19 1 U 18
20 1 U 19
21 0 U -1
22 0 U 21
23 1 U 22
24 0 U 23
25 1 U 24
26 1 U 25
27 1 U 26
28 1 U -1
29 0 U 28
30 0 U 29
31 0 U 30
32 1 U 31
33 0 U 32
34 1 U 33
35 1 U -1
36 1 U 35
37 0 U 36
38 1 U 37
39 1 U 38
40 0 U 39
41 1 U 40
42 0 U -1
43 0 U 42
44 1 U 43
45 0 U 44
46 1 U 45
47 1 U 46
48 1 U 47
# score :9 1182320
# W : 508009 , H : 619990 W + H : 1127999
49
0 0 U -1
1 1 U 0
2 0 U 1
3 0 U 2
4 1 U 3
5 0 U 4
6 0 U 5
7 0 U -1
8 1 U 7
9 0 U 8
10 1 U 9
11 0 U 10
12 1 U 11
13 0 U 12
14 0 U -1
15 0 U 14
16 0 U 15
17 0 U 16
18 1 U 17
19 0 U 18
20 1 U 19
21 1 U -1
22 1 U 21
23 0 U 22
24 1 U 23
25 0 U 24
26 1 U 25
27 1 U 26
28 0 U -1
29 1 U 28
30 0 U 29
31 0 U 30
32 1 U 31
33 0 U 32
34 1 U 33
35 1 U -1
36 1 U 35
37 1 U 36
38 1 U 37
39 1 U 38
40 0 U 39
41 1 U 40
42 0 U -1
43 0 U 42
44 1 U 43
45 0 U 44
46 1 U 45
47 1 U 46
48 0 U 47
# score :10 1229964
# W : 546015 , H : 566357 W + H : 1112372
49
0 1 U -1
1 0 U 0
2 1 U 1
3 0 U 2
4 1 U 3
5 0 U 4
6 0 U 5
7 0 U -1
8 0 U 7
9 1 U 8
10 1 U 9
11 1 U 10
12 1 U 11
13 0 U 12
14 1 U -1
15 1 U 14
16 0 U 15
17 1 U 16
18 0 U 17
19 1 U 18
20 1 U 19
21 1 U -1
22 0 U 21
23 1 U 22
24 1 U 23
25 0 U 24
26 0 U 25
27 0 U 26
28 0 U -1
29 0 U 28
30 0 U 29
31 1 U 30
32 0 U 31
33 1 U 32
34 1 U 33
35 0 U -1
36 0 U 35
37 0 U 36
38 0 U 37
39 1 U 38
40 1 U 39
41 0 U 40
42 1 U -1
43 0 U 42
44 1 U 43
45 0 U 44
46 1 U 45
47 1 U 46
48 0 U 47
# score :11 1183238
# W : 555602 , H : 585497 W + H : 1141099
49
0 1 U -1
1 0 U 0
2 1 U 1
3 1 U 2
4 0 U 3
5 1 U 4
6 1 U 5
7 1 U -1
8 0 U 7
9 1 U 8
10 0 U 9
11 0 U 10
12 0 U 11
13 0 U 12
14 0 U -1
15 0 U 14
16 0 U 15
17 0 U 16
18 1 U 17
19 1 U 18
20 1 U 19
21 1 U -1
22 0 U 21
23 1 U 22
24 0 U 23
25 0 U 24
26 0 U 25
27 1 U 26
28 1 U -1
29 0 U 28
30 1 U 29
31 0 U 30
32 1 U 31
33 1 U 32
34 1 U 33
35 0 U -1
36 0 U 35
37 0 U 36
38 1 U 37
39 0 U 38
40 0 U 39
41 1 U 40
42 0 U -1
43 1 U 42
44 1 U 43
45 1 U 44
46 1 U 45
47 0 U 46
48 0 U 47
# score :12 1143489
# W : 502899 , H : 593387 W + H : 1096286
49
0 0 U -1
1 1 U 0
2 1 U 1
3 0 U 2
4 1 U 3
5 0 U 4
6 0 U 5
7 1 U -1
8 1 U 7
9 0 U 8
10 0 U 9
11 1 U 10
12 0 U 11
13 1 U 12
14 1 U -1
15 0 U 14
16 1 U 15
17 1 U 16
18 1 U 17
19 1 U 18
20 1 U 19
21 1 U -1
22 0 U 21
23 1 U 22
24 0 U 23
25 1 U 24
26 0 U 25
27 0 U 26
28 1 U -1
29 0 U 28
30 1 U 29
31 0 U 30
32 1 U 31
33 1 U 32
34 1 U 33
35 1 U -1
36 0 U 35
37 0 U 36
38 1 U 37
39 1 U 38
40 1 U 39
41 1 U 40
42 0 U -1
43 1 U 42
44 0 U 43
45 1 U 44
46 1 U 45
47 1 U 46
48 0 U 47
# score :13 1164757
# W : 524431 , H : 564440 W + H : 1088871
49
0 1 U -1
1 1 U 0
2 0 U 1
3 0 U 2
4 0 U 3
5 0 U 4
6 0 U 5
7 1 U -1
8 1 U 7
9 1 U 8
10 0 U 9
11 1 U 10
12 0 U 11
13 0 U 12
14 1 U -1
15 0 U 14
16 1 U 15
17 0 U 16
18 0 U 17
19 1 U 18
20 1 U 19
21 1 U -1
22 1 U 21
23 0 U 22
24 0 U 23
25 1 U 24
26 0 U 25
27 1 U 26
28 0 U -1
29 1 U 28
30 1 U 29
31 0 U 30
32 0 U 31
33 1 U 32
34 0 U 33
35 1 U -1
36 0 U 35
37 1 U 36
38 0 U 37
39 0 U 38
40 0 U 39
41 0 U 40
42 0 U -1
43 0 U 42
44 1 U 43
45 1 U 44
46 0 U 45
47 1 U 46
48 0 U 47
# score :14 1197364
# W : 545105 , H : 575768 W + H : 1120873
49
0 1 U -1
1 1 U 0
2 0 U 1
3 0 U 2
4 1 U 3
5 1 U 4
6 0 U 5
7 1 U -1
8 1 U 7
9 1 U 8
10 0 U 9
11 1 U 10
12 0 U 11
13 1 U 12
14 1 U -1
15 0 U 14
16 1 U 15
17 1 U 16
18 0 U 17
19 0 U 18
20 0 U 19
21 1 U -1
22 0 U 21
23 0 U 22
24 1 U 23
25 1 U 24
26 0 U 25
27 0 U 26
28 0 U -1
29 0 U 28
30 0 U 29
31 1 U 30
32 1 U 31
33 0 U 32
34 1 U 33
35 0 U -1
36 1 U 35
37 1 U 36
38 1 U 37
39 1 U 38
40 1 U 39
41 0 U 40
42 1 U -1
43 0 U 42
44 1 U 43
45 1 U 44
46 0 U 45
47 1 U 46
48 0 U 47
# score :15 1216947
# W : 529797 , H : 596491 W + H : 1126288
49
0 0 U -1
1 1 U 0
2 0 U 1
3 0 U 2
4 1 U 3
5 0 U 4
6 0 U 5
7 0 U -1
8 1 U 7
9 0 U 8
10 1 U 9
11 0 U 10
12 0 U 11
13 1 U 12
14 1 U -1
15 0 U 14
16 1 U 15
17 1 U 16
18 0 U 17
19 0 U 18
20 0 U 19
21 1 U -1
22 1 U 21
23 1 U 22
24 1 U 23
25 0 U 24
26 0 U 25
27 0 U 26
28 1 U -1
29 1 U 28
30 1 U 29
31 0 U 30
32 0 U 31
33 0 U 32
34 0 U 33
35 1 U -1
36 0 U 35
37 1 U 36
38 1 U 37
39 0 U 38
40 0 U 39
41 1 U 40
42 0 U -1
43 1 U 42
44 1 U 43
45 1 U 44
46 1 U 45
47 0 U 46
48 0 U 47
# score :16 1181534
# W : 522325 , H : 599799 W + H : 1122124
49
0 1 U -1
1 1 U 0
2 1 U 1
3 1 U 2
4 0 U 3
5 0 U 4
6 1 U 5
7 0 U -1
8 0 U 7
9 1 U 8
10 1 U 9
11 1 U 10
12 0 U 11
13 0 U 12
14 1 U -1
15 0 U 14
16 0 U 15
17 0 U 16
18 1 U 17
19 1 U 18
20 0 U 19
21 0 U -1
22 0 U 21
23 1 U 22
24 0 U 23
25 0 U 24
26 0 U 25
27 1 U 26
28 1 U -1
29 0 U 28
30 1 U 29
31 0 U 30
32 0 U 31
33 1 U 32
34 0 U 33
35 1 U -1
36 0 U 35
37 0 U 36
38 1 U 37
39 1 U 38
40 1 U 39
41 0 U 40
42 1 U -1
43 0 U 42
44 1 U 43
45 1 U 44
46 0 U 45
47 0 U 46
48 0 U 47
# score :17 1166724
# W : 508245 , H : 584564 W + H : 1092809
49
0 1 U -1
1 1 U 0
2 0 U 1
3 1 U 2
4 1 U 3
5 1 U 4
6 0 U 5
7 1 U -1
8 1 U 7
9 1 U 8
10 0 U 9
11 1 U 10
12 0 U 11
13 1 U 12
14 0 U -1
15 0 U 14
16 0 U 15
17 1 U 16
18 1 U 17
19 0 U 18
20 1 U 19
21 1 U -1
22 1 U 21
23 1 U 22
24 0 U 23
25 0 U 24
26 1 U 25
27 0 U 26
28 1 U -1
29 1 U 28
30 1 U 29
31 0 U 30
32 0 U 31
33 0 U 32
34 1 U 33
35 1 U -1
36 0 U 35
37 1 U 36
38 0 U 37
39 0 U 38
40 0 U 39
41 1 U 40
42 1 U -1
43 0 U 42
44 0 U 43
45 1 U 44
46 0 U 45
47 0 U 46
48 1 U 47
# score :18 1172004
# W : 566657 , H : 577366 W + H : 1144023
49
0 1 U -1
1 0 U 0
2 1 U 1
3 0 U 2
4 0 U 3
5 0 U 4
6 1 U 5
7 0 U -1
8 1 U 7
9 1 U 8
10 1 U 9
11 0 U 10
12 1 U 11
13 1 U 12
14 0 U -1
15 0 U 14
16 0 U 15
17 0 U 16
18 0 U 17
19 1 U 18
20 0 U 19
21 1 U -1
22 1 U 21
23 0 U 22
24 0 U 23
25 0 U 24
26 1 U 25
27 1 U 26
28 1 U -1
29 1 U 28
30 1 U 29
31 1 U 30
32 1 U 31
33 0 U 32
34 1 U 33
35 1 U -1
36 1 U 35
37 1 U 36
38 0 U 37
39 0 U 38
40 1 U 39
41 1 U 40
42 1 U -1
43 0 U 42
44 0 U 43
45 1 U 44
46 0 U 45
47 0 U 46
48 1 U 47
# score :19 1169602
# W : 576997 , H : 549103 W + H : 1126100
49
0 1 U -1
1 0 U 0
2 1 U 1
3 0 U 2
4 1 U 3
5 1 U 4
6 0 U 5
7 0 U -1
8 0 U 7
9 1 U 8
10 1 U 9
11 1 U 10
12 0 U 11
13 1 U 12
14 1 U -1
15 1 U 14
16 1 U 15
17 0 U 16
18 1 U 17
19 0 U 18
20 0 U 19
21 1 U -1
22 1 U 21
23 1 U 22
24 0 U 23
25 1 U 24
26 1 U 25
27 1 U 26
28 0 U -1
29 1 U 28
30 0 U 29
31 1 U 30
32 1 U 31
33 1 U 32
34 0 U 33
35 0 U -1
36 0 U 35
37 1 U 36
38 0 U 37
39 1 U 38
40 1 U 39
41 0 U 40
42 1 U -1
43 1 U 42
44 0 U 43
45 0 U 44
46 1 U 45
47 1 U 46
48 0 U 47
# score :20 1187640
# W : 551424 , H : 585956 W + H : 1137380
49
0 1 U -1
1 0 U 0
2 1 U 1
3 0 U 2
4 0 U 3
5 0 U 4
6 1 U 5
7 0 U -1
8 0 U 7
9 1 U 8
10 0 U 9
11 0 U 10
12 1 U 11
13 0 U 12
14 1 U -1
15 1 U 14
16 0 U 15
17 1 U 16
18 1 U 17
19 0 U 18
20 1 U 19
21 0 U -1
22 0 U 21
23 1 U 22
24 0 U 23
25 1 U 24
26 1 U 25
27 1 U 26
28 0 U -1
29 0 U 28
30 1 U 29
31 1 U 30
32 0 U 31
33 1 U 32
34 1 U 33
35 1 U -1
36 0 U 35
37 0 U 36
38 1 U 37
39 0 U 38
40 0 U 39
41 0 U 40
42 0 U -1
43 1 U 42
44 1 U 43
45 0 U 44
46 0 U 45
47 0 U 46
48 1 U 47
# score :21 1170210
# W : 537049 , H : 591762 W + H : 1128811
49
0 0 U -1
1 0 U 0
2 0 U 1
3 0 U 2
4 0 U 3
5 1 U 4
6 1 U 5
7 1 U -1
8 1 U 7
9 1 U 8
10 1 U 9
11 1 U 10
12 1 U 11
13 1 U 12
14 0 U -1
15 0 U 14
16 1 U 15
17 0 U 16
18 0 U 17
19 0 U 18
20 0 U 19
21 1 U -1
22 0 U 21
23 0 U 22
24 0 U 23
25 0 U 24
26 1 U 25
27 1 U 26
28 1 U -1
29 1 U 28
30 0 U 29
31 1 U 30
32 0 U 31
33 1 U 32
34 0 U 33
35 0 U -1
36 1 U 35
37 0 U 36
38 0 U 37
39 0 U 38
40 0 U 39
41 1 U 40
42 1 U -1
43 0 U 42
44 0 U 43
45 0 U 44
46 0 U 45
47 0 U 46
48 0 U 47
# score :22 1157874
# W : 543207 , H : 606700 W + H : 1149907
49
0 0 U -1
1 1 U 0
2 1 U 1
3 0 U 2
4 0 U 3
5 1 U 4
6 0 U 5
7 0 U -1
8 1 U 7
9 1 U 8
10 1 U 9
11 1 U 10
12 0 U 11
13 1 U 12
14 0 U -1
15 0 U 14
16 0 U 15
17 0 U 16
18 0 U 17
19 0 U 18
20 1 U 19
21 0 U -1
22 1 U 21
23 0 U 22
24 0 U 23
25 1 U 24
26 0 U 25
27 0 U 26
28 0 U -1
29 1 U 28
30 1 U 29
31 0 U 30
32 1 U 31
33 1 U 32
34 1 U 33
35 0 U -1
36 0 U 35
37 1 U 36
38 0 U 37
39 0 U 38
40 1 U 39
41 0 U 40
42 0 U -1
43 0 U 42
44 1 U 43
45 0 U 44
46 1 U 45
47 1 U 46
48 0 U 47
# score :23 1156984
# W : 539658 , H : 561746 W + H : 1101404
49
0 1 U -1
1 0 U 0
2 1 U 1
3 0 U 2
4 1 U 3
5 1 U 4
6 1 U 5
7 0 U -1
8 0 U 7
9 0 U 8
10 1 U 9
11 1 U 10
12 0 U 11
13 0 U 12
14 1 U -1
15 0 U 14
16 1 U 15
17 0 U 16
18 0 U 17
19 1 U 18
20 0 U 19
21 0 U -1
22 0 U 21
23 0 U 22
24 0 U 23
25 0 U 24
26 1 U 25
27 1 U 26
28 1 U -1
29 1 U 28
30 0 U 29
31 0 U 30
32 0 U 31
33 0 U 32
34 0 U 33
35 0 U -1
36 1 U 35
37 0 U 36
38 1 U 37
39 1 U 38
40 1 U 39
41 0 U 40
42 1 U -1
43 0 U 42
44 1 U 43
45 0 U 44
46 1 U 45
47 0 U 46
48 1 U 47
# score :24 1173115
# W : 521055 , H : 589464 W + H : 1110519
49
0 0 U -1
1 0 U 0
2 0 U 1
3 0 U 2
4 1 U 3
5 1 U 4
6 1 U 5
7 0 U -1
8 0 U 7
9 0 U 8
10 1 U 9
11 0 U 10
12 1 U 11
13 1 U 12
14 0 U -1
15 0 U 14
16 1 U 15
17 1 U 16
18 0 U 17
19 0 U 18
20 1 U 19
21 0 U -1
22 0 U 21
23 0 U 22
24 0 U 23
25 0 U 24
26 0 U 25
27 0 U 26
28 0 U -1
29 0 U 28
30 1 U 29
31 0 U 30
32 0 U 31
33 0 U 32
34 1 U 33
35 1 U -1
36 1 U 35
37 1 U 36
38 0 U 37
39 0 U 38
40 0 U 39
41 1 U 40
42 1 U -1
43 1 U 42
44 1 U 43
45 0 U 44
46 0 U 45
47 1 U 46
48 1 U 47
# score :25 1194086
# W : 542449 , H : 623561 W + H : 1166010
49
0 0 U -1
1 0 U 0
2 0 U 1
3 0 U 2
4 0 U 3
5 1 U 4
6 1 U 5
7 1 U -1
8 1 U 7
9 1 U 8
10 1 U 9
11 0 U 10
12 0 U 11
13 1 U 12
14 1 U -1
15 1 U 14
16 0 U 15
17 0 U 16
18 1 U 17
19 0 U 18
20 0 U 19
21 1 U -1
22 1 U 21
23 1 U 22
24 0 U 23
25 0 U 24
26 0 U 25
27 0 U 26
28 1 U -1
29 0 U 28
30 0 U 29
31 0 U 30
32 1 U 31
33 1 U 32
34 0 U 33
35 0 U -1
36 1 U 35
37 0 U 36
38 0 U 37
39 0 U 38
40 1 U 39
41 1 U 40
42 0 U -1
43 0 U 42
44 0 U 43
45 0 U 44
46 0 U 45
47 1 U 46
48 1 U 47
# score :26 1178650
# W : 537567 , H : 606043 W + H : 1143610
49
0 1 U -1
1 1 U 0
2 1 U 1
3 1 U 2
4 0 U 3
5 1 U 4
6 0 U 5
7 1 U -1
8 0 U 7
9 0 U 8
10 1 U 9
11 1 U 10
12 0 U 11
13 0 U 12
14 1 U -1
15 1 U 14
16 0 U 15
17 0 U 16
18 1 U 17
19 0 U 18
20 1 U 19
21 1 U -1
22 0 U 21
23 1 U 22
24 0 U 23
25 1 U 24
26 1 U 25
27 1 U 26
28 0 U -1
29 0 U 28
30 0 U 29
31 1 U 30
32 0 U 31
33 0 U 32
34 1 U 33
35 0 U -1
36 0 U 35
37 1 U 36
38 1 U 37
39 0 U 38
40 1 U 39
41 0 U 40
42 1 U -1
43 1 U 42
44 0 U 43
45 0 U 44
46 1 U 45
47 0 U 46
48 0 U 47
# score :27 1211162
# W : 555612 , H : 593909 W + H : 1149521
49
0 0 U -1
1 0 U 0
2 0 U 1
3 0 U 2
4 1 U 3
5 0 U 4
6 0 U 5
7 1 U -1
8 1 U 7
9 1 U 8
10 1 U 9
11 0 U 10
12 0 U 11
13 1 U 12
14 1 U -1
15 0 U 14
16 1 U 15
17 1 U 16
18 0 U 17
19 1 U 18
20 0 U 19
21 0 U -1
22 0 U 21
23 1 U 22
24 0 U 23
25 1 U 24
26 1 U 25
27 0 U 26
28 1 U -1
29 0 U 28
30 1 U 29
31 0 U 30
32 0 U 31
33 0 U 32
34 1 U 33
35 1 U -1
36 1 U 35
37 0 U 36
38 0 U 37
39 1 U 38
40 1 U 39
41 1 U 40
42 1 U -1
43 0 U 42
44 1 U 43
45 0 U 44
46 1 U 45
47 1 U 46
48 0 U 47
# score :28 1196532
# W : 539033 , H : 578485 W + H : 1117518
49
0 0 U -1
1 1 U 0
2 0 U 1
3 1 U 2
4 0 U 3
5 0 U 4
6 1 U 5
7 0 U -1
8 1 U 7
9 0 U 8
10 0 U 9
11 1 U 10
12 1 U 11
13 1 U 12
14 1 U -1
15 1 U 14
16 0 U 15
17 0 U 16
18 1 U 17
19 1 U 18
20 1 U 19
21 0 U -1
22 1 U 21
23 1 U 22
24 0 U 23
25 1 U 24
26 1 U 25
27 1 U 26
28 0 U -1
29 0 U 28
30 0 U 29
31 0 U 30
32 1 U 31
33 1 U 32
34 0 U 33
35 1 U -1
36 1 U 35
37 1 U 36
38 1 U 37
39 0 U 38
40 0 U 39
41 0 U 40
42 0 U -1
43 1 U 42
44 1 U 43
45 1 U 44
46 0 U 45
47 0 U 46
48 0 U 47
# score :29 1164732
# W : 524978 , H : 619219 W + H : 1144197
49
0 0 U -1
1 1 U 0
2 0 U 1
3 0 U 2
4 0 U 3
5 1 U 4
6 1 U 5
7 1 U -1
8 1 U 7
9 0 U 8
10 1 U 9
11 0 U 10
12 0 U 11
13 1 U 12
14 0 U -1
15 0 U 14
16 1 U 15
17 0 U 16
18 0 U 17
19 1 U 18
20 1 U 19
21 1 U -1
22 0 U 21
23 1 U 22
24 1 U 23
25 1 U 24
26 0 U 25
27 1 U 26
28 0 U -1
29 1 U 28
30 0 U 29
31 0 U 30
32 0 U 31
33 0 U 32
34 0 U 33
35 1 U -1
36 0 U 35
37 1 U 36
38 0 U 37
39 1 U 38
40 0 U 39
41 1 U 40
42 0 U -1
43 1 U 42
44 0 U 43
45 1 U 44
46 1 U 45
47 0 U 46
48 1 U 47
# score :30 1176490
# W : 560887 , H : 559977 W + H : 1120864
49
0 0 U -1
1 0 U 0
2 1 U 1
3 1 U 2
4 1 U 3
5 0 U 4
6 0 U 5
7 1 U -1
8 1 U 7
9 1 U 8
10 1 U 9
11 1 U 10
12 0 U 11
13 1 U 12
14 0 U -1
15 0 U 14
16 0 U 15
17 0 U 16
18 0 U 17
19 0 U 18
20 0 U 19
21 1 U -1
22 0 U 21
23 0 U 22
24 1 U 23
25 1 U 24
26 1 U 25
27 0 U 26
28 1 U -1
29 0 U 28
30 1 U 29
31 1 U 30
32 0 U 31
33 0 U 32
34 0 U 33
35 0 U -1
36 0 U 35
37 1 U 36
38 1 U 37
39 1 U 38
40 1 U 39
41 0 U 40
42 1 U -1
43 1 U 42
44 0 U 43
45 1 U 44
46 0 U 45
47 1 U 46
48 0 U 47
# score :31 1167649
# W : 555175 , H : 597805 W + H : 1152980
49
0 1 U -1
1 0 U 0
2 0 U 1
3 0 U 2
4 0 U 3
5 0 U 4
6 0 U 5
7 0 U -1
8 0 U 7
9 0 U 8
10 0 U 9
11 0 U 10
12 1 U 11
13 0 U 12
14 1 U -1
15 0 U 14
16 0 U 15
17 0 U 16
18 1 U 17
19 0 U 18
20 1 U 19
21 1 U -1
22 0 U 21
23 1 U 22
24 1 U 23
25 0 U 24
26 1 U 25
27 1 U 26
28 1 U -1
29 0 U 28
30 1 U 29
31 1 U 30
32 0 U 31
33 0 U 32
34 1 U 33
35 0 U -1
36 1 U 35
37 1 U 36
38 1 U 37
39 1 U 38
40 1 U 39
41 1 U 40
42 1 U -1
43 0 U 42
44 0 U 43
45 1 U 44
46 0 U 45
47 1 U 46
48 1 U 47
# score :32 1190047
# W : 593176 , H : 572872 W + H : 1166048
49
0 0 U -1
1 0 U 0
2 0 U 1
3 0 U 2
4 0 U 3
5 1 U 4
6 1 U 5
7 1 U -1
8 0 U 7
9 0 U 8
10 1 U 9
11 1 U 10
12 1 U 11
13 0 U 12
14 1 U -1
15 1 U 14
16 1 U 15
17 1 U 16
18 0 U 17
19 0 U 18
20 0 U 19
21 1 U -1
22 1 U 21
23 0 U 22
24 1 U 23
25 0 U 24
26 1 U 25
27 0 U 26
28 0 U -1
29 0 U 28
30 1 U 29
31 1 U 30
32 0 U 31
33 1 U 32
34 1 U 33
35 0 U -1
36 0 U 35
37 0 U 36
38 0 U 37
39 1 U 38
40 1 U 39
41 1 U 40
42 0 U -1
43 1 U 42
44 1 U 43
45 1 U 44
46 1 U 45
47 0 U 46
48 1 U 47
# score :33 1195628
# W : 533103 , H : 617381 W + H : 1150484
49
0 1 U -1
1 1 U 0
2 0 U 1
3 1 U 2
4 0 U 3
5 1 U 4
6 0 U 5
7 0 U -1
8 0 U 7
9 0 U 8
10 1 U 9
11 1 U 10
12 0 U 11
13 0 U 12
14 0 U -1
15 0 U 14
16 1 U 15
17 0 U 16
18 1 U 17
19 0 U 18
20 0 U 19
21 1 U -1
22 1 U 21
23 1 U 22
24 1 U 23
25 1 U 24
26 0 U 25
27 0 U 26
28 1 U -1
29 1 U 28
30 1 U 29
31 1 U 30
32 0 U 31
33 1 U 32
34 1 U 33
35 1 U -1
36 0 U 35
37 1 U 36
38 0 U 37
39 0 U 38
40 1 U 39
41 1 U 40
42 0 U -1
43 1 U 42
44 0 U 43
45 1 U 44
46 1 U 45
47 0 U 46
48 1 U 47
# score :34 1145846
# W : 551391 , H : 587287 W + H : 1138678
49
0 0 U -1
1 0 U 0
2 1 U 1
3 0 U 2
4 1 U 3
5 0 U 4
6 0 U 5
7 0 U -1
8 1 U 7
9 1 U 8
10 1 U 9
11 1 U 10
12 0 U 11
13 1 U 12
14 1 U -1
15 1 U 14
16 0 U 15
17 1 U 16
18 0 U 17
19 0 U 18
20 0 U 19
21 0 U -1
22 1 U 21
23 0 U 22
24 0 U 23
25 1 U 24
26 1 U 25
27 1 U 26
28 0 U -1
29 0 U 28
30 0 U 29
31 1 U 30
32 1 U 31
33 1 U 32
34 0 U 33
35 0 U -1
36 1 U 35
37 0 U 36
38 1 U 37
39 0 U 38
40 0 U 39
41 1 U 40
42 0 U -1
43 0 U 42
44 0 U 43
45 0 U 44
46 1 U 45
47 0 U 46
48 0 U 47
# score :35 1200577
# W : 530746 , H : 594317 W + H : 1125063
49
0 0 U -1
1 0 U 0
2 0 U 1
3 0 U 2
4 0 U 3
5 1 U 4
6 1 U 5
7 1 U -1
8 1 U 7
9 0 U 8
10 1 U 9
11 0 U 10
12 1 U 11
13 0 U 12
14 0 U -1
15 1 U 14
16 0 U 15
17 0 U 16
18 1 U 17
19 1 U 18
20 1 U 19
21 1 U -1
22 0 U 21
23 1 U 22
24 1 U 23
25 1 U 24
26 0 U 25
27 1 U 26
28 1 U -1
29 1 U 28
30 0 U 29
31 1 U 30
32 0 U 31
33 1 U 32
34 1 U 33
35 0 U -1
36 0 U 35
37 1 U 36
38 1 U 37
39 1 U 38
40 1 U 39
41 1 U 40
42 1 U -1
43 1 U 42
44 0 U 43
45 0 U 44
46 0 U 45
47 0 U 46
48 0 U 47
# score :36 1148375
# W : 531434 , H : 616737 W + H : 1148171
49
0 1 U -1
1 1 U 0
2 0 U 1
3 1 U 2
4 0 U 3
5 0 U 4
6 1 U 5
7 1 U -1
8 0 U 7
9 0 U 8
10 1 U 9
11 1 U 10
12 1 U 11
13 1 U 12
14 1 U -1
15 1 U 14
16 0 U 15
17 0 U 16
18 1 U 17
19 0 U 18
20 0 U 19
21 0 U -1
22 0 U 21
23 1 U 22
24 1 U 23
25 1 U 24
26 0 U 25
27 1 U 26
28 1 U -1
29 1 U 28
30 1 U 29
31 1 U 30
32 0 U 31
33 1 U 32
34 0 U 33
35 0 U -1
36 0 U 35
37 1 U 36
38 0 U 37
39 1 U 38
40 0 U 39
41 1 U 40
42 0 U -1
43 1 U 42
44 1 U 43
45 0 U 44
46 1 U 45
47 1 U 46
48 1 U 47
# score :37 1202762
# W : 528789 , H : 610253 W + H : 1139042
49
0 0 U -1
1 0 U 0
2 1 U 1
3 0 U 2
4 1 U 3
5 1 U 4
6 0 U 5
7 1 U -1
8 0 U 7
9 1 U 8
10 0 U 9
11 1 U 10
12 1 U 11
13 1 U 12
14 0 U -1
15 1 U 14
16 0 U 15
17 0 U 16
18 1 U 17
19 0 U 18
20 1 U 19
21 1 U -1
22 0 U 21
23 1 U 22
24 0 U 23
25 0 U 24
26 0 U 25
27 1 U 26
28 1 U -1
29 1 U 28
30 1 U 29
31 1 U 30
32 1 U 31
33 0 U 32
34 0 U 33
35 0 U -1
36 0 U 35
37 1 U 36
38 0 U 37
39 1 U 38
40 0 U 39
41 1 U 40
42 1 U -1
43 0 U 42
44 0 U 43
45 1 U 44
46 1 U 45
47 0 U 46
48 1 U 47
# score :38 1188990
# W : 572382 , H : 608324 W + H : 1180706
49
0 0 U -1
1 0 U 0
2 0 U 1
3 0 U 2
4 1 U 3
5 1 U 4
6 0 U 5
7 0 U -1
8 0 U 7
9 0 U 8
10 1 U 9
11 0 U 10
12 0 U 11
13 0 U 12
14 0 U -1
15 1 U 14
16 0 U 15
17 0 U 16
18 0 U 17
19 1 U 18
20 1 U 19
21 1 U -1
22 0 U 21
23 1 U 22
24 0 U 23
25 0 U 24
26 0 U 25
27 1 U 26
28 1 U -1
29 0 U 28
30 1 U 29
31 0 U 30
32 1 U 31
33 1 U 32
34 0 U 33
35 1 U -1
36 1 U 35
37 0 U 36
38 0 U 37
39 1 U 38
40 0 U 39
41 1 U 40
42 1 U -1
43 0 U 42
44 0 U 43
45 1 U 44
46 1 U 45
47 1 U 46
48 1 U 47
# score :39 1165820
# W : 570265 , H : 577138 W + H : 1147403
49
0 0 U -1
1 1 U 0
2 1 U 1
3 1 U 2
4 0 U 3
5 1 U 4
6 1 U 5
7 1 U -1
8 1 U 7
9 1 U 8
10 1 U 9
11 1 U 10
12 0 U 11
13 0 U 12
14 1 U -1
15 0 U 14
16 0 U 15
17 0 U 16
18 0 U 17
19 0 U 18
20 1 U 19
21 1 U -1
22 1 U 21
23 0 U 22
24 1 U 23
25 1 U 24
26 0 U 25
27 0 U 26
28 1 U -1
29 0 U 28
30 0 U 29
31 0 U 30
32 0 U 31
33 0 U 32
34 0 U 33
35 1 U -1
36 0 U 35
37 0 U 36
38 1 U 37
39 0 U 38
40 1 U 39
41 0 U 40
42 1 U -1
43 0 U 42
44 1 U 43
45 1 U 44
46 1 U 45
47 1 U 46
48 0 U 47
# score :40 1180654
# W : 536048 , H : 584958 W + H : 1121006
49
0 1 U -1
1 0 U 0
2 0 U 1
3 0 U 2
4 0 U 3
5 1 U 4
6 1 U 5
7 1 U -1
8 0 U 7
9 1 U 8
10 0 U 9
11 1 U 10
12 1 U 11
13 0 U 12
14 0 U -1
15 0 U 14
16 0 U 15
17 0 U 16
18 0 U 17
19 1 U 18
20 0 U 19
21 1 U -1
22 0 U 21
23 0 U 22
24 1 U 23
25 1 U 24
26 1 U 25
27 0 U 26
28 1 U -1
29 0 U 28
30 1 U 29
31 1 U 30
32 0 U 31
33 0 U 32
34 0 U 33
35 0 U -1
36 0 U 35
37 1 U 36
38 1 U 37
39 1 U 38
40 0 U 39
41 1 U 40
42 0 U -1
43 0 U 42
44 1 U 43
45 1 U 44
46 0 U 45
47 0 U 46
48 0 U 47
# score :41 1175761
# W : 486513 , H : 592783 W + H : 1079296
49
0 1 U -1
1 1 U 0
2 1 U 1
3 1 U 2
4 0 U 3
5 0 U 4
6 0 U 5
7 0 U -1
8 1 U 7
9 1 U 8
10 1 U 9
11 0 U 10
12 0 U 11
13 1 U 12
14 1 U -1
15 0 U 14
16 1 U 15
17 1 U 16
18 1 U 17
19 1 U 18
20 1 U 19
21 1 U -1
22 0 U 21
23 0 U 22
24 1 U 23
25 1 U 24
26 0 U 25
27 1 U 26
28 1 U -1
29 0 U 28
30 0 U 29
31 0 U 30
32 0 U 31
33 1 U 32
34 0 U 33
35 1 U -1
36 0 U 35
37 0 U 36
38 0 U 37
39 1 U 38
40 0 U 39
41 1 U 40
42 0 U -1
43 0 U 42
44 1 U 43
45 0 U 44
46 0 U 45
47 0 U 46
48 1 U 47
# score :42 1125841
# W : 539227 , H : 580280 W + H : 1119507
49
0 1 U -1
1 1 U 0
2 1 U 1
3 0 U 2
4 1 U 3
5 1 U 4
6 1 U 5
7 1 U -1
8 1 U 7
9 1 U 8
10 1 U 9
11 0 U 10
12 0 U 11
13 1 U 12
14 1 U -1
15 1 U 14
16 1 U 15
17 0 U 16
18 1 U 17
19 0 U 18
20 1 U 19
21 0 U -1
22 0 U 21
23 1 U 22
24 1 U 23
25 0 U 24
26 1 U 25
27 0 U 26
28 1 U -1
29 1 U 28
30 1 U 29
31 0 U 30
32 1 U 31
33 0 U 32
34 1 U 33
35 1 U -1
36 1 U 35
37 0 U 36
38 0 U 37
39 1 U 38
40 0 U 39
41 0 U 40
42 1 U -1
43 1 U 42
44 0 U 43
45 1 U 44
46 0 U 45
47 0 U 46
48 0 U 47
# score :43 1177695
# W : 529620 , H : 580058 W + H : 1109678
49
0 0 U -1
1 0 U 0
2 0 U 1
3 1 U 2
4 0 U 3
5 1 U 4
6 0 U 5
7 0 U -1
8 1 U 7
9 0 U 8
10 1 U 9
11 0 U 10
12 0 U 11
13 0 U 12
14 1 U -1
15 0 U 14
16 0 U 15
17 1 U 16
18 1 U 17
19 1 U 18
20 0 U 19
21 0 U -1
22 0 U 21
23 0 U 22
24 0 U 23
25 0 U 24
26 0 U 25
27 0 U 26
28 1 U -1
29 1 U 28
30 0 U 29
31 0 U 30
32 0 U 31
33 1 U 32
34 1 U 33
35 0 U -1
36 0 U 35
37 0 U 36
38 0 U 37
39 1 U 38
40 0 U 39
41 1 U 40
42 1 U -1
43 0 U 42
44 1 U 43
45 0 U 44
46 0 U 45
47 1 U 46
48 1 U 47
# score :44 1145184
# W : 529311 , H : 604077 W + H : 1133388
49
0 1 U -1
1 1 U 0
2 1 U 1
3 0 U 2
4 1 U 3
5 0 U 4
6 0 U 5
7 0 U -1
8 0 U 7
9 1 U 8
10 1 U 9
11 0 U 10
12 1 U 11
13 0 U 12
14 1 U -1
15 0 U 14
16 1 U 15
17 1 U 16
18 0 U 17
19 0 U 18
20 1 U 19
21 1 U -1
22 0 U 21
23 1 U 22
24 0 U 23
25 1 U 24
26 1 U 25
27 1 U 26
28 0 U -1
29 1 U 28
30 0 U 29
31 0 U 30
32 1 U 31
33 1 U 32
34 0 U 33
35 1 U -1
36 0 U 35
37 0 U 36
38 1 U 37
39 0 U 38
40 1 U 39
41 0 U 40
42 0 U -1
43 1 U 42
44 1 U 43
45 0 U 44
46 1 U 45
47 0 U 46
48 0 U 47
# score :45 1157041
# W : 548997 , H : 563546 W + H : 1112543
49
0 1 U -1
1 0 U 0
2 0 U 1
3 1 U 2
4 1 U 3
5 0 U 4
6 1 U 5
7 0 U -1
8 0 U 7
9 1 U 8
10 1 U 9
11 0 U 10
12 1 U 11
13 0 U 12
14 1 U -1
15 1 U 14
16 1 U 15
17 1 U 16
18 1 U 17
19 1 U 18
20 1 U 19
21 1 U -1
22 0 U 21
23 0 U 22
24 0 U 23
25 1 U 24
26 0 U 25
27 1 U 26
28 0 U -1
29 0 U 28
30 1 U 29
31 0 U 30
32 0 U 31
33 1 U 32
34 1 U 33
35 0 U -1
36 1 U 35
37 0 U 36
38 1 U 37
39 1 U 38
40 0 U 39
41 1 U 40
42 1 U -1
43 0 U 42
44 1 U 43
45 1 U 44
46 0 U 45
47 1 U 46
48 1 U 47
# score :46 1206679
# W : 549379 , H : 573898 W + H : 1123277
49
0 1 U -1
1 1 U 0
2 0 U 1
3 0 U 2
4 1 U 3
5 1 U 4
6 0 U 5
7 0 U -1
8 1 U 7
9 0 U 8
10 0 U 9
11 0 U 10
12 0 U 11
13 1 U 12
14 0 U -1
15 1 U 14
16 1 U 15
17 1 U 16
18 1 U 17
19 1 U 18
20 1 U 19
21 1 U -1
22 0 U 21
23 0 U 22
24 1 U 23
25 0 U 24
26 0 U 25
27 0 U 26
28 0 U -1
29 1 U 28
30 0 U 29
31 1 U 30
32 0 U 31
33 0 U 32
34 0 U 33
35 1 U -1
36 1 U 35
37 0 U 36
38 1 U 37
39 1 U 38
40 1 U 39
41 0 U 40
42 1 U -1
43 1 U 42
44 1 U 43
45 1 U 44
46 0 U 45
47 1 U 46
48 0 U 47
# score :47 1225111
# W : 555657 , H : 567143 W + H : 1122800
49
0 1 U -1
1 0 U 0
2 0 U 1
3 1 U 2
4 1 U 3
5 0 U 4
6 0 U 5
7 1 U -1
8 0 U 7
9 1 U 8
10 1 U 9
11 0 U 10
12 0 U 11
13 0 U 12
14 1 U -1
15 0 U 14
16 0 U 15
17 1 U 16
18 1 U 17
19 0 U 18
20 1 U 19
21 0 U -1
22 1 U 21
23 1 U 22
24 1 U 23
25 0 U 24
26 1 U 25
27 1 U 26
28 1 U -1
29 0 U 28
30 1 U 29
31 0 U 30
32 0 U 31
33 1 U 32
34 0 U 33
35 1 U -1
36 1 U 35
37 1 U 36
38 1 U 37
39 1 U 38
40 1 U 39
41 0 U 40
42 0 U -1
43 0 U 42
44 0 U 43
45 0 U 44
46 1 U 45
47 0 U 46
48 1 U 47
# score :48 1137499
# W : 542634 , H : 555393 W + H : 1098027
49
0 1 U -1
1 0 U 0
2 1 U 1
3 0 U 2
4 1 U 3
5 1 U 4
6 1 U 5
7 0 U -1
8 0 U 7
9 0 U 8
10 0 U 9
11 0 U 10
12 0 U 11
13 1 U 12
14 1 U -1
15 0 U 14
16 1 U 15
17 1 U 16
18 1 U 17
19 0 U 18
20 1 U 19
21 0 U -1
22 0 U 21
23 0 U 22
24 0 U 23
25 0 U 24
26 0 U 25
27 1 U 26
28 0 U -1
29 1 U 28
30 1 U 29
31 1 U 30
32 0 U 31
33 1 U 32
34 0 U 33
35 1 U -1
36 0 U 35
37 1 U 36
38 1 U 37
39 0 U 38
40 1 U 39
41 1 U 40
42 1 U -1
43 1 U 42
44 1 U 43
45 1 U 44
46 0 U 45
47 1 U 46
48 1 U 47
# score :49 1234440
# W : 559466 , H : 590400 W + H : 1149866
49
0 0 U -1
1 1 U 0
2 1 U 1
3 1 U 2
4 1 U 3
5 1 U 4
6 1 U 5
7 0 U -1
8 0 U 7
9 0 U 8
10 1 U 9
11 1 U 10
12 0 U 11
13 1 U 12
14 0 U -1
15 1 U 14
16 0 U 15
17 0 U 16
18 0 U 17
19 0 U 18
20 0 U 19
21 1 U -1
22 1 U 21
23 1 U 22
24 0 U 23
25 0 U 24
26 0 U 25
27 0 U 26
28 1 U -1
29 1 U 28
30 0 U 29
31 0 U 30
32 0 U 31
33 0 U 32
34 1 U 33
35 1 U -1
36 0 U 35
37 1 U 36
38 1 U 37
39 0 U 38
40 0 U 39
41 1 U 40
42 1 U -1
43 0 U 42
44 0 U 43
45 0 U 44
46 0 U 45
47 1 U 46
48 0 U 47
# score :50 1159684
# W : 532589 , H : 588693 W + H : 1121282
49
0 1 U -1
1 0 U 0
2 0 U 1
3 0 U 2
4 0 U 3
5 1 U 4
6 0 U 5
7 0 U -1
8 0 U 7
9 1 U 8
10 0 U 9
11 1 U 10
12 1 U 11
13 0 U 12
14 0 U -1
15 1 U 14
16 1 U 15
17 0 U 16
18 1 U 17
19 1 U 18
20 0 U 19
21 1 U -1
22 1 U 21
23 0 U 22
24 1 U 23
25 1 U 24
26 0 U 25
27 1 U 26
28 1 U -1
29 1 U 28
30 1 U 29
31 1 U 30
32 0 U 31
33 0 U 32
34 0 U 33
35 0 U -1
36 1 U 35
37 0 U 36
38 0 U 37
39 1 U 38
40 1 U 39
41 1 U 40
42 0 U -1
43 0 U 42
44 1 U 43
45 0 U 44
46 1 U 45
47 0 U 46
48 0 U 47
# score :51 1209586
# W : 533184 , H : 605365 W + H : 1138549
49
0 1 U -1
1 1 U 0
2 0 U 1
3 0 U 2
4 0 U 3
5 1 U 4
6 0 U 5
7 0 U -1
8 0 U 7
9 0 U 8
10 0 U 9
11 0 U 10
12 1 U 11
13 0 U 12
14 1 U -1
15 0 U 14
16 0 U 15
17 0 U 16
18 0 U 17
19 0 U 18
20 1 U 19
21 0 U -1
22 0 U 21
23 1 U 22
24 1 U 23
25 0 U 24
26 1 U 25
27 1 U 26
28 1 U -1
29 1 U 28
30 1 U 29
31 1 U 30
32 1 U 31
33 1 U 32
34 0 U 33
35 0 U -1
36 1 U 35
37 1 U 36
38 0 U 37
39 0 U 38
40 0 U 39
41 1 U 40
42 1 U -1
43 0 U 42
44 1 U 43
45 0 U 44
46 1 U 45
47 1 U 46
48 1 U 47
# score :52 1197088
# W : 538309 , H : 588824 W + H : 1127133
49
0 1 U -1
1 1 U 0
2 1 U 1
3 1 U 2
4 0 U 3
5 1 U 4
6 0 U 5
7 0 U -1
8 1 U 7
9 0 U 8
10 1 U 9
11 0 U 10
12 0 U 11
13 0 U 12
14 0 U -1
15 0 U 14
16 0 U 15
17 0 U 16
18 1 U 17
19 1 U 18
20 1 U 19
21 1 U -1
22 1 U 21
23 1 U 22
24 0 U 23
25 0 U 24
26 1 U 25
27 1 U 26
28 1 U -1
29 0 U 28
30 1 U 29
31 0 U 30
32 0 U 31
33 0 U 32
34 0 U 33
35 1 U -1
36 1 U 35
37 0 U 36
38 1 U 37
39 0 U 38
40 0 U 39
41 1 U 40
42 1 U -1
43 1 U 42
44 1 U 43
45 1 U 44
46 0 U 45
47 1 U 46
48 1 U 47
# score :53 1163644
# W : 549470 , H : 562974 W + H : 1112444
49
0 1 U -1
1 0 U 0
2 0 U 1
3 0 U 2
4 1 U 3
5 1 U 4
6 1 U 5
7 1 U -1
8 0 U 7
9 1 U 8
10 1 U 9
11 1 U 10
12 1 U 11
13 0 U 12
14 1 U -1
15 1 U 14
16 1 U 15
17 0 U 16
18 0 U 17
19 0 U 18
20 0 U 19
21 0 U -1
22 0 U 21
23 0 U 22
24 0 U 23
25 1 U 24
26 1 U 25
27 1 U 26
28 1 U -1
29 0 U 28
30 1 U 29
31 1 U 30
32 0 U 31
33 1 U 32
34 1 U 33
35 0 U -1
36 0 U 35
37 0 U 36
38 1 U 37
39 0 U 38
40 0 U 39
41 1 U 40
42 0 U -1
43 0 U 42
44 0 U 43
45 0 U 44
46 1 U 45
47 1 U 46
48 0 U 47
# score :54 1150253
# W : 494440 , H : 597362 W + H : 1091802
49
0 0 U -1
1 1 U 0
2 1 U 1
3 1 U 2
4 0 U 3
5 0 U 4
6 1 U 5
7 1 U -1
8 1 U 7
9 0 U 8
10 0 U 9
11 1 U 10
12 0 U 11
13 1 U 12
14 0 U -1
15 0 U 14
16 0 U 15
17 1 U 16
18 0 U 17
19 1 U 18
20 1 U 19
21 1 U -1
22 1 U 21
23 1 U 22
24 0 U 23
25 0 U 24
26 0 U 25
27 1 U 26
28 0 U -1
29 1 U 28
30 1 U 29
31 0 U 30
32 0 U 31
33 0 U 32
34 0 U 33
35 1 U -1
36 1 U 35
37 0 U 36
38 0 U 37
39 1 U 38
40 1 U 39
41 0 U 40
42 0 U -1
43 1 U 42
44 1 U 43
45 0 U 44
46 0 U 45
47 0 U 46
48 1 U 47
# score :55 1173541
# W : 553746 , H : 591216 W + H : 1144962
49
0 0 U -1
1 1 U 0
2 0 U 1
3 0 U 2
4 1 U 3
5 1 U 4
6 0 U 5
7 1 U -1
8 1 U 7
9 0 U 8
10 1 U 9
11 1 U 10
12 0 U 11
13 1 U 12
14 1 U -1
15 0 U 14
16 1 U 15
17 0 U 16
18 1 U 17
19 0 U 18
20 0 U 19
21 1 U -1
22 1 U 21
23 1 U 22
24 1 U 23
25 1 U 24
26 0 U 25
27 0 U 26
28 0 U -1
29 0 U 28
30 0 U 29
31 1 U 30
32 1 U 31
33 0 U 32
34 1 U 33
35 1 U -1
36 1 U 35
37 1 U 36
38 1 U 37
39 1 U 38
40 1 U 39
41 0 U 40
42 0 U -1
43 1 U 42
44 0 U 43
45 1 U 44
46 1 U 45
47 0 U 46
48 1 U 47
# score :56 1188362
# W : 554768 , H : 573961 W + H : 1128729
49
0 1 U -1
1 0 U 0
2 0 U 1
3 0 U 2
4 1 U 3
5 0 U 4
6 1 U 5
7 0 U -1
8 1 U 7
9 1 U 8
10 0 U 9
11 0 U 10
12 1 U 11
13 0 U 12
14 0 U -1
15 0 U 14
16 1 U 15
17 0 U 16
18 0 U 17
19 0 U 18
20 1 U 19
21 0 U -1
22 0 U 21
23 1 U 22
24 1 U 23
25 0 U 24
26 0 U 25
27 1 U 26
28 1 U -1
29 0 U 28
30 0 U 29
31 1 U 30
32 1 U 31
33 1 U 32
34 0 U 33
35 0 U -1
36 1 U 35
37 1 U 36
38 1 U 37
39 0 U 38
40 1 U 39
41 0 U 40
42 0 U -1
43 0 U 42
44 0 U 43
45 0 U 44
46 1 U 45
47 0 U 46
48 1 U 47
# score :57 1180948
# W : 512354 , H : 591568 W + H : 1103922
49
0 1 U -1
1 1 U 0
2 1 U 1
3 0 U 2
4 0 U 3
5 1 U 4
6 0 U 5
7 1 U -1
8 0 U 7
9 0 U 8
10 1 U 9
11 0 U 10
12 1 U 11
13 0 U 12
14 1 U -1
15 1 U 14
16 0 U 15
17 1 U 16
18 0 U 17
19 1 U 18
20 0 U 19
21 1 U -1
22 0 U 21
23 0 U 22
24 0 U 23
25 1 U 24
26 0 U 25
27 1 U 26
28 1 U -1
29 1 U 28
30 0 U 29
31 0 U 30
32 0 U 31
33 1 U 32
34 1 U 33
35 0 U -1
36 0 U 35
37 0 U 36
38 1 U 37
39 0 U 38
40 0 U 39
41 1 U 40
42 1 U -1
43 1 U 42
44 1 U 43
45 0 U 44
46 1 U 45
47 1 U 46
48 0 U 47
# score :58 1148998
# W : 539132 , H : 576117 W + H : 1115249
49
0 0 U -1
1 1 U 0
2 1 U 1
3 0 U 2
4 0 U 3
5 1 U 4
6 1 U 5
7 0 U -1
8 1 U 7
9 0 U 8
10 0 U 9
11 1 U 10
12 0 U 11
13 0 U 12
14 0 U -1
15 1 U 14
16 0 U 15
17 1 U 16
18 0 U 17
19 0 U 18
20 1 U 19
21 1 U -1
22 0 U 21
23 0 U 22
24 1 U 23
25 0 U 24
26 1 U 25
27 1 U 26
28 0 U -1
29 0 U 28
30 1 U 29
31 1 U 30
32 1 U 31
33 1 U 32
34 0 U 33
35 1 U -1
36 0 U 35
37 1 U 36
38 0 U 37
39 0 U 38
40 0 U 39
41 0 U 40
42 1 U -1
43 0 U 42
44 0 U 43
45 0 U 44
46 0 U 45
47 0 U 46
48 1 U 47
# score :59 1167348
# W : 532937 , H : 597578 W + H : 1130515
49
0 0 U -1
1 1 U 0
2 1 U 1
3 0 U 2
4 1 U 3
5 0 U 4
6 1 U 5
7 0 U -1
8 0 U 7
9 0 U 8
10 1 U 9
11 0 U 10
12 0 U 11
13 1 U 12
14 1 U -1
15 0 U 14
16 0 U 15
17 1 U 16
18 1 U 17
19 1 U 18
20 0 U 19
21 0 U -1
22 1 U 21
23 1 U 22
24 1 U 23
25 0 U 24
26 0 U 25
27 1 U 26
28 0 U -1
29 0 U 28
30 0 U 29
31 0 U 30
32 1 U 31
33 0 U 32
34 0 U 33
35 0 U -1
36 1 U 35
37 0 U 36
38 0 U 37
39 0 U 38
40 1 U 39
41 1 U 40
42 1 U -1
43 1 U 42
44 0 U 43
45 1 U 44
46 1 U 45
47 1 U 46
48 1 U 47
# score :60 1180639
# W : 570986 , H : 576013 W + H : 1146999
49
0 1 U -1
1 1 U 0
2 0 U 1
3 1 U 2
4 0 U 3
5 1 U 4
6 1 U 5
7 0 U -1
8 0 U 7
9 0 U 8
10 1 U 9
11 1 U 10
12 0 U 11
13 0 U 12
14 0 U -1
15 1 U 14
16 0 U 15
17 1 U 16
18 0 U 17
19 0 U 18
20 0 U 19
21 1 U -1
22 0 U 21
23 1 U 22
24 1 U 23
25 1 U 24
26 0 U 25
27 1 U 26
28 1 U -1
29 0 U 28
30 1 U 29
31 1 U 30
32 1 U 31
33 0 U 32
34 0 U 33
35 0 U -1
36 0 U 35
37 0 U 36
38 1 U 37
39 1 U 38
40 0 U 39
41 1 U 40
42 0 U -1
43 1 U 42
44 0 U 43
45 1 U 44
46 0 U 45
47 0 U 46
48 1 U 47
# score :61 1228271
# W : 570165 , H : 587996 W + H : 1158161
49
0 0 U -1
1 0 U 0
2 0 U 1
3 0 U 2
4 1 U 3
5 1 U 4
6 0 U 5
7 1 U -1
8 1 U 7
9 1 U 8
10 1 U 9
11 1 U 10
12 0 U 11
13 1 U 12
14 0 U -1
15 1 U 14
16 0 U 15
17 0 U 16
18 1 U 17
19 1 U 18
20 0 U 19
21 1 U -1
22 0 U 21
23 1 U 22
24 1 U 23
25 0 U 24
26 0 U 25
27 1 U 26
28 1 U -1
29 0 U 28
30 1 U 29
31 0 U 30
32 0 U 31
33 0 U 32
34 0 U 33
35 1 U -1
36 1 U 35
37 1 U 36
38 1 U 37
39 0 U 38
40 1 U 39
41 0 U 40
42 0 U -1
43 0 U 42
44 0 U 43
45 1 U 44
46 0 U 45
47 1 U 46
48 0 U 47
# score :62 1193158
# W : 527131 , H : 590000 W + H : 1117131
49
0 1 U -1
1 1 U 0
2 0 U 1
3 1 U 2
4 0 U 3
5 0 U 4
6 0 U 5
7 0 U -1
8 1 U 7
9 1 U 8
10 0 U 9
11 0 U 10
12 1 U 11
13 1 U 12
14 1 U -1
15 1 U 14
16 0 U 15
17 0 U 16
18 0 U 17
19 0 U 18
20 1 U 19
21 1 U -1
22 0 U 21
23 1 U 22
24 0 U 23
25 1 U 24
26 0 U 25
27 1 U 26
28 1 U -1
29 1 U 28
30 1 U 29
31 1 U 30
32 0 U 31
33 0 U 32
34 1 U 33
35 0 U -1
36 0 U 35
37 0 U 36
38 0 U 37
39 0 U 38
40 0 U 39
41 0 U 40
42 1 U -1
43 0 U 42
44 0 U 43
45 0 U 44
46 1 U 45
47 1 U 46
48 1 U 47
# score :63 1193277
# W : 560172 , H : 592517 W + H : 1152689
49
0 0 U -1
1 1 U 0
2 0 U 1
3 0 U 2
4 0 U 3
5 0 U 4
6 0 U 5
7 1 U -1
8 1 U 7
9 1 U 8
10 0 U 9
11 0 U 10
12 0 U 11
13 0 U 12
14 1 U -1
15 1 U 14
16 0 U 15
17 0 U 16
18 0 U 17
19 0 U 18
20 0 U 19
21 0 U -1
22 0 U 21
23 1 U 22
24 0 U 23
25 0 U 24
26 1 U 25
27 0 U 26
28 0 U -1
29 1 U 28
30 0 U 29
31 0 U 30
32 0 U 31
33 0 U 32
34 0 U 33
35 1 U -1
36 1 U 35
37 1 U 36
38 0 U 37
39 0 U 38
40 0 U 39
41 0 U 40
42 0 U -1
43 1 U 42
44 0 U 43
45 1 U 44
46 0 U 45
47 1 U 46
48 1 U 47
# score :64 1183861
# W : 582911 , H : 564317 W + H : 1147228
49
0 1 U -1
1 1 U 0
2 1 U 1
3 1 U 2
4 1 U 3
5 0 U 4
6 0 U 5
7 0 U -1
8 0 U 7
9 0 U 8
10 1 U 9
11 0 U 10
12 0 U 11
13 0 U 12
14 0 U -1
15 0 U 14
16 0 U 15
17 1 U 16
18 1 U 17
19 1 U 18
20 1 U 19
21 1 U -1
22 0 U 21
23 1 U 22
24 0 U 23
25 0 U 24
26 1 U 25
27 0 U 26
28 0 U -1
29 0 U 28
30 0 U 29
31 1 U 30
32 0 U 31
33 1 U 32
34 1 U 33
35 1 U -1
36 0 U 35
37 1 U 36
38 0 U 37
39 1 U 38
40 0 U 39
41 0 U 40
42 1 U -1
43 0 U 42
44 0 U 43
45 0 U 44
46 0 U 45
47 0 U 46
48 1 U 47
# score :65 1164673
# W : 543917 , H : 560004 W + H : 1103921
49
0 1 U -1
1 1 U 0
2 0 U 1
3 1 U 2
4 1 U 3
5 1 U 4
6 0 U 5
7 0 U -1
8 1 U 7
9 0 U 8
10 1 U 9
11 1 U 10
12 1 U 11
13 1 U 12
14 1 U -1
15 1 U 14
16 1 U 15
17 1 U 16
18 1 U 17
19 0 U 18
20 0 U 19
21 0 U -1
22 1 U 21
23 1 U 22
24 1 U 23
25 0 U 24
26 1 U 25
27 0 U 26
28 1 U -1
29 0 U 28
30 0 U 29
31 1 U 30
32 0 U 31
33 0 U 32
34 0 U 33
35 0 U -1
36 0 U 35
37 0 U 36
38 1 U 37
39 1 U 38
40 1 U 39
41 0 U 40
42 0 U -1
43 0 U 42
44 0 U 43
45 1 U 44
46 1 U 45
47 1 U 46
48 1 U 47
# score :66 1205444
# W : 563569 , H : 583624 W + H : 1147193
49
0 1 U -1
1 1 U 0
2 0 U 1
3 0 U 2
4 0 U 3
5 0 U 4
6 0 U 5
7 1 U -1
8 0 U 7
9 0 U 8
10 0 U 9
11 0 U 10
12 1 U 11
13 1 U 12
14 1 U -1
15 1 U 14
16 1 U 15
17 1 U 16
18 0 U 17
19 0 U 18
20 1 U 19
21 1 U -1
22 0 U 21
23 1 U 22
24 0 U 23
25 1 U 24
26 1 U 25
27 1 U 26
28 0 U -1
29 0 U 28
30 1 U 29
31 1 U 30
32 0 U 31
33 1 U 32
34 0 U 33
35 1 U -1
36 1 U 35
37 1 U 36
38 0 U 37
39 0 U 38
40 1 U 39
41 1 U 40
42 0 U -1
43 1 U 42
44 0 U 43
45 1 U 44
46 0 U 45
47 1 U 46
48 1 U 47
# score :67 1210062
# W : 585683 , H : 559216 W + H : 1144899
49
0 1 U -1
1 1 U 0
2 0 U 1
3 0 U 2
4 0 U 3
5 0 U 4
6 0 U 5
7 1 U -1
8 1 U 7
9 0 U 8
10 1 U 9
11 0 U 10
12 0 U 11
13 1 U 12
14 1 U -1
15 1 U 14
16 0 U 15
17 0 U 16
18 0 U 17
19 1 U 18
20 0 U 19
21 0 U -1
22 1 U 21
23 1 U 22
24 0 U 23
25 1 U 24
26 0 U 25
27 0 U 26
28 0 U -1
29 0 U 28
30 0 U 29
31 0 U 30
32 1 U 31
33 0 U 32
34 0 U 33
35 0 U -1
36 1 U 35
37 1 U 36
38 0 U 37
39 0 U 38
40 0 U 39
41 0 U 40
42 1 U -1
43 0 U 42
44 1 U 43
45 1 U 44
46 1 U 45
47 0 U 46
48 1 U 47
# score :68 1200876
# W : 535648 , H : 577637 W + H : 1113285
49
0 1 U -1
1 1 U 0
2 1 U 1
3 1 U 2
4 0 U 3
5 0 U 4
6 0 U 5
7 0 U -1
8 1 U 7
9 1 U 8
10 1 U 9
11 0 U 10
12 0 U 11
13 1 U 12
14 0 U -1
15 0 U 14
16 0 U 15
17 1 U 16
18 1 U 17
19 0 U 18
20 0 U 19
21 1 U -1
22 1 U 21
23 0 U 22
24 1 U 23
25 1 U 24
26 1 U 25
27 0 U 26
28 0 U -1
29 1 U 28
30 1 U 29
31 1 U 30
32 1 U 31
33 0 U 32
34 0 U 33
35 0 U -1
36 0 U 35
37 0 U 36
38 0 U 37
39 1 U 38
40 1 U 39
41 1 U 40
42 1 U -1
43 1 U 42
44 1 U 43
45 1 U 44
46 0 U 45
47 0 U 46
48 0 U 47
# score :69 1182608
# W : 542842 , H : 578997 W + H : 1121839
49
0 0 U -1
1 0 U 0
2 0 U 1
3 0 U 2
4 0 U 3
5 0 U 4
6 0 U 5
7 1 U -1
8 1 U 7
9 0 U 8
10 1 U 9
11 1 U 10
12 1 U 11
13 0 U 12
14 1 U -1
15 1 U 14
16 0 U 15
17 1 U 16
18 0 U 17
19 0 U 18
20 1 U 19
21 0 U -1
22 0 U 21
23 1 U 22
24 1 U 23
25 0 U 24
26 0 U 25
27 0 U 26
28 0 U -1
29 1 U 28
30 0 U 29
31 1 U 30
32 0 U 31
33 1 U 32
34 1 U 33
35 0 U -1
36 0 U 35
37 0 U 36
38 1 U 37
39 0 U 38
40 0 U 39
41 0 U 40
42 0 U -1
43 0 U 42
44 0 U 43
45 0 U 44
46 0 U 45
47 1 U 46
48 1 U 47
# score :70 1215353
# W : 561029 , H : 593305 W + H : 1154334
49
0 0 U -1
1 1 U 0
2 1 U 1
3 0 U 2
4 1 U 3
5 1 U 4
6 0 U 5
7 1 U -1
8 1 U 7
9 1 U 8
10 1 U 9
11 1 U 10
12 1 U 11
13 1 U 12
14 1 U -1
15 1 U 14
16 0 U 15
17 0 U 16
18 0 U 17
19 0 U 18
20 1 U 19
21 0 U -1
22 0 U 21
23 0 U 22
24 0 U 23
25 1 U 24
26 0 U 25
27 1 U 26
28 0 U -1
29 1 U 28
30 1 U 29
31 1 U 30
32 1 U 31
33 1 U 32
34 1 U 33
35 1 U -1
36 0 U 35
37 1 U 36
38 0 U 37
39 1 U 38
40 0 U 39
41 1 U 40
42 0 U -1
43 1 U 42
44 0 U 43
45 0 U 44
46 0 U 45
47 0 U 46
48 1 U 47
# score :71 1185911
# W : 539493 , H : 601244 W + H : 1140737
49
0 1 U -1
1 1 U 0
2 1 U 1
3 1 U 2
4 0 U 3
5 1 U 4
6 1 U 5
7 1 U -1
8 1 U 7
9 0 U 8
10 0 U 9
11 0 U 10
12 0 U 11
13 1 U 12
14 1 U -1
15 0 U 14
16 0 U 15
17 1 U 16
18 1 U 17
19 0 U 18
20 0 U 19
21 1 U -1
22 0 U 21
23 1 U 22
24 0 U 23
25 1 U 24
26 1 U 25
27 0 U 26
28 1 U -1
29 1 U 28
30 1 U 29
31 0 U 30
32 0 U 31
33 1 U 32
34 0 U 33
35 0 U -1
36 0 U 35
37 1 U 36
38 0 U 37
39 1 U 38
40 0 U 39
41 0 U 40
42 1 U -1
43 1 U 42
44 1 U 43
45 1 U 44
46 0 U 45
47 1 U 46
48 0 U 47
# score :72 1199652
# W : 520313 , H : 602482 W + H : 1122795
49
0 1 U -1
1 1 U 0
2 1 U 1
3 1 U 2
4 0 U 3
5 1 U 4
6 1 U 5
7 0 U -1
8 0 U 7
9 0 U 8
10 0 U 9
11 1 U 10
12 1 U 11
13 1 U 12
14 0 U -1
15 1 U 14
16 1 U 15
17 1 U 16
18 1 U 17
19 1 U 18
20 0 U 19
21 0 U -1
22 1 U 21
23 1 U 22
24 1 U 23
25 1 U 24
26 1 U 25
27 1 U 26
28 0 U -1
29 0 U 28
30 1 U 29
31 0 U 30
32 0 U 31
33 0 U 32
34 1 U 33
35 0 U -1
36 0 U 35
37 0 U 36
38 1 U 37
39 0 U 38
40 1 U 39
41 1 U 40
42 1 U -1
43 0 U 42
44 0 U 43
45 1 U 44
46 0 U 45
47 1 U 46
48 1 U 47
# score :73 1230994
# W : 597467 , H : 578137 W + H : 1175604
49
0 0 U -1
1 0 U 0
2 1 U 1
3 1 U 2
4 1 U 3
5 1 U 4
6 0 U 5
7 1 U -1
8 1 U 7
9 0 U 8
10 1 U 9
11 1 U 10
12 1 U 11
13 1 U 12
14 1 U -1
15 0 U 14
16 0 U 15
17 1 U 16
18 1 U 17
19 1 U 18
20 0 U 19
21 0 U -1
22 0 U 21
23 0 U 22
24 0 U 23
25 1 U 24
26 0 U 25
27 0 U 26
28 1 U -1
29 1 U 28
30 1 U 29
31 1 U 30
32 1 U 31
33 0 U 32
34 0 U 33
35 0 U -1
36 0 U 35
37 1 U 36
38 1 U 37
39 1 U 38
40 1 U 39
41 1 U 40
42 1 U -1
43 0 U 42
44 0 U 43
45 1 U 44
46 0 U 45
47 0 U 46
48 0 U 47
# score :74 1146930
# W : 526156 , H : 587595 W + H : 1113751
49
0 0 U -1
1 0 U 0
2 0 U 1
3 1 U 2
4 0 U 3
5 1 U 4
6 0 U 5
7 0 U -1
8 0 U 7
9 0 U 8
10 0 U 9
11 1 U 10
12 1 U 11
13 0 U 12
14 0 U -1
15 1 U 14
16 1 U 15
17 1 U 16
18 1 U 17
19 0 U 18
20 0 U 19
21 1 U -1
22 1 U 21
23 1 U 22
24 1 U 23
25 1 U 24
26 1 U 25
27 1 U 26
28 1 U -1
29 1 U 28
30 0 U 29
31 1 U 30
32 1 U 31
33 0 U 32
34 1 U 33
35 0 U -1
36 1 U 35
37 1 U 36
38 0 U 37
39 1 U 38
40 1 U 39
41 1 U 40
42 0 U -1
43 0 U 42
44 0 U 43
45 1 U 44
46 0 U 45
47 0 U 46
48 0 U 47
# score :75 1172268
# W : 519911 , H : 619239 W + H : 1139150
49
0 0 U -1
1 0 U 0
2 1 U 1
3 0 U 2
4 1 U 3
5 0 U 4
6 1 U 5
7 1 U -1
8 1 U 7
9 1 U 8
10 0 U 9
11 1 U 10
12 0 U 11
13 0 U 12
14 1 U -1
15 1 U 14
16 0 U 15
17 0 U 16
18 0 U 17
19 0 U 18
20 0 U 19
21 0 U -1
22 0 U 21
23 1 U 22
24 0 U 23
25 0 U 24
26 0 U 25
27 0 U 26
28 1 U -1
29 0 U 28
30 1 U 29
31 1 U 30
32 0 U 31
33 0 U 32
34 0 U 33
35 1 U -1
36 1 U 35
37 0 U 36
38 1 U 37
39 1 U 38
40 1 U 39
41 1 U 40
42 1 U -1
43 0 U 42
44 1 U 43
45 0 U 44
46 0 U 45
47 1 U 46
48 0 U 47
# score :76 1139592
# W : 500901 , H : 596041 W + H : 1096942
49
0 0 U -1
1 0 U 0
2 0 U 1
3 1 U 2
4 0 U 3
5 0 U 4
6 0 U 5
7 1 U -1
8 1 U 7
9 0 U 8
10 0 U 9
11 0 U 10
12 0 U 11
13 0 U 12
14 0 U -1
15 1 U 14
16 1 U 15
17 1 U 16
18 0 U 17
19 1 U 18
20 0 U 19
21 0 U -1
22 0 U 21
23 1 U 22
24 0 U 23
25 1 U 24
26 1 U 25
27 1 U 26
28 0 U -1
29 0 U 28
30 1 U 29
31 0 U 30
32 0 U 31
33 1 U 32
34 0 U 33
35 0 U -1
36 1 U 35
37 1 U 36
38 1 U 37
39 1 U 38
40 1 U 39
41 1 U 40
42 1 U -1
43 0 U 42
44 1 U 43
45 0 U 44
46 1 U 45
47 1 U 46
48 0 U 47
# score :77 1185592
# W : 538490 , H : 629038 W + H : 1167528
49
0 1 U -1
1 0 U 0
2 1 U 1
3 1 U 2
4 0 U 3
5 0 U 4
6 0 U 5
7 1 U -1
8 0 U 7
9 0 U 8
10 0 U 9
11 0 U 10
12 0 U 11
13 0 U 12
14 1 U -1
15 0 U 14
16 0 U 15
17 1 U 16
18 1 U 17
19 1 U 18
20 1 U 19
21 1 U -1
22 0 U 21
23 1 U 22
24 1 U 23
25 1 U 24
26 1 U 25
27 1 U 26
28 1 U -1
29 1 U 28
30 1 U 29
31 1 U 30
32 0 U 31
33 1 U 32
34 0 U 33
35 1 U -1
36 1 U 35
37 0 U 36
38 1 U 37
39 0 U 38
40 1 U 39
41 1 U 40
42 0 U -1
43 1 U 42
44 1 U 43
45 1 U 44
46 0 U 45
47 1 U 46
48 1 U 47
# score :78 1179396
# W : 543750 , H : 597771 W + H : 1141521
49
0 1 U -1
1 1 U 0
2 0 U 1
3 0 U 2
4 0 U 3
5 0 U 4
6 1 U 5
7 1 U -1
8 1 U 7
9 1 U 8
10 0 U 9
11 1 U 10
12 0 U 11
13 1 U 12
14 0 U -1
15 0 U 14
16 0 U 15
17 0 U 16
18 0 U 17
19 0 U 18
20 0 U 19
21 1 U -1
22 1 U 21
23 1 U 22
24 1 U 23
25 0 U 24
26 0 U 25
27 0 U 26
28 0 U -1
29 1 U 28
30 1 U 29
31 0 U 30
32 0 U 31
33 1 U 32
34 0 U 33
35 0 U -1
36 1 U 35
37 0 U 36
38 1 U 37
39 1 U 38
40 0 U 39
41 0 U 40
42 1 U -1
43 1 U 42
44 0 U 43
45 0 U 44
46 0 U 45
47 0 U 46
48 1 U 47
# score :79 1188547
# W : 543034 , H : 565680 W + H : 1108714
49
0 1 U -1
1 1 U 0
2 1 U 1
3 0 U 2
4 1 U 3
5 0 U 4
6 1 U 5
7 1 U -1
8 0 U 7
9 1 U 8
10 0 U 9
11 1 U 10
12 1 U 11
13 0 U 12
14 0 U -1
15 1 U 14
16 1 U 15
17 0 U 16
18 1 U 17
19 0 U 18
20 1 U 19
21 1 U -1
22 0 U 21
23 1 U 22
24 1 U 23
25 1 U 24
26 1 U 25
27 1 U 26
28 1 U -1
29 1 U 28
30 0 U 29
31 0 U 30
32 0 U 31
33 0 U 32
34 0 U 33
35 1 U -1
36 1 U 35
37 1 U 36
38 1 U 37
39 1 U 38
40 0 U 39
41 1 U 40
42 0 U -1
43 0 U 42
44 1 U 43
45 1 U 44
46 1 U 45
47 0 U 46
48 0 U 47
# score :80 1202151
# W : 534124 , H : 622956 W + H : 1157080
49
0 0 U -1
1 1 U 0
2 1 U 1
3 1 U 2
4 0 U 3
5 1 U 4
6 1 U 5
7 0 U -1
8 0 U 7
9 1 U 8
10 1 U 9
11 1 U 10
12 0 U 11
13 0 U 12
14 0 U -1
15 0 U 14
16 0 U 15
17 0 U 16
18 1 U 17
19 1 U 18
20 0 U 19
21 0 U -1
22 0 U 21
23 0 U 22
24 1 U 23
25 1 U 24
26 0 U 25
27 1 U 26
28 0 U -1
29 0 U 28
30 0 U 29
31 0 U 30
32 0 U 31
33 1 U 32
34 1 U 33
35 0 U -1
36 0 U 35
37 0 U 36
38 1 U 37
39 0 U 38
40 1 U 39
41 0 U 40
42 0 U -1
43 0 U 42
44 1 U 43
45 1 U 44
46 0 U 45
47 0 U 46
48 0 U 47
# score :81 1213894
# W : 557961 , H : 601064 W + H : 1159025
49
0 1 U -1
1 1 U 0
2 0 U 1
3 0 U 2
4 1 U 3
5 1 U 4
6 1 U 5
7 1 U -1
8 1 U 7
9 0 U 8
10 0 U 9
11 0 U 10
12 0 U 11
13 0 U 12
14 0 U -1
15 0 U 14
16 1 U 15
17 0 U 16
18 0 U 17
19 1 U 18
20 1 U 19
21 1 U -1
22 1 U 21
23 1 U 22
24 0 U 23
25 0 U 24
26 1 U 25
27 0 U 26
28 0 U -1
29 0 U 28
30 1 U 29
31 0 U 30
32 0 U 31
33 0 U 32
34 0 U 33
35 0 U -1
36 1 U 35
37 0 U 36
38 0 U 37
39 1 U 38
40 1 U 39
41 0 U 40
42 1 U -1
43 1 U 42
44 0 U 43
45 1 U 44
46 0 U 45
47 1 U 46
48 1 U 47
# score :82 1206906
# W : 595444 , H : 562105 W + H : 1157549
49
0 1 U -1
1 1 U 0
2 0 U 1
3 0 U 2
4 1 U 3
5 1 U 4
6 0 U 5
7 1 U -1
8 0 U 7
9 1 U 8
10 0 U 9
11 0 U 10
12 1 U 11
13 1 U 12
14 0 U -1
15 1 U 14
16 0 U 15
17 0 U 16
18 1 U 17
19 0 U 18
20 0 U 19
21 0 U -1
22 1 U 21
23 0 U 22
24 1 U 23
25 1 U 24
26 1 U 25
27 1 U 26
28 1 U -1
29 1 U 28
30 1 U 29
31 0 U 30
32 0 U 31
33 1 U 32
34 1 U 33
35 1 U -1
36 1 U 35
37 0 U 36
38 1 U 37
39 0 U 38
40 0 U 39
41 1 U 40
42 1 U -1
43 0 U 42
44 0 U 43
45 0 U 44
46 0 U 45
47 0 U 46
48 0 U 47
# score :83 1204104
# W : 535629 , H : 587777 W + H : 1123406
49
0 0 U -1
1 1 U 0
2 1 U 1
3 0 U 2
4 1 U 3
5 1 U 4
6 1 U 5
7 1 U -1
8 0 U 7
9 1 U 8
10 0 U 9
11 1 U 10
12 1 U 11
13 0 U 12
14 1 U -1
15 1 U 14
16 0 U 15
17 0 U 16
18 0 U 17
19 0 U 18
20 0 U 19
21 0 U -1
22 0 U 21
23 0 U 22
24 1 U 23
25 1 U 24
26 1 U 25
27 1 U 26
28 0 U -1
29 1 U 28
30 0 U 29
31 0 U 30
32 0 U 31
33 1 U 32
34 0 U 33
35 0 U -1
36 0 U 35
37 1 U 36
38 1 U 37
39 1 U 38
40 1 U 39
41 0 U 40
42 0 U -1
43 0 U 42
44 1 U 43
45 1 U 44
46 1 U 45
47 1 U 46
48 0 U 47
# score :84 1241648
# W : 555835 , H : 602175 W + H : 1158010
49
0 1 U -1
1 1 U 0
2 0 U 1
3 0 U 2
4 0 U 3
5 1 U 4
6 0 U 5
7 0 U -1
8 1 U 7
9 0 U 8
10 0 U 9
11 1 U 10
12 0 U 11
13 1 U 12
14 1 U -1
15 1 U 14
16 1 U 15
17 0 U 16
18 0 U 17
19 1 U 18
20 1 U 19
21 1 U -1
22 0 U 21
23 1 U 22
24 1 U 23
25 0 U 24
26 1 U 25
27 1 U 26
28 0 U -1
29 1 U 28
30 1 U 29
31 0 U 30
32 0 U 31
33 0 U 32
34 1 U 33
35 1 U -1
36 1 U 35
37 0 U 36
38 0 U 37
39 1 U 38
40 1 U 39
41 0 U 40
42 1 U -1
43 1 U 42
44 1 U 43
45 0 U 44
46 0 U 45
47 1 U 46
48 1 U 47
# score :85 1199400
# W : 548418 , H : 578837 W + H : 1127255
49
0 1 U -1
1 0 U 0
2 1 U 1
3 0 U 2
4 1 U 3
5 1 U 4
6 1 U 5
7 0 U -1
8 0 U 7
9 0 U 8
10 0 U 9
11 0 U 10
12 1 U 11
13 1 U 12
14 0 U -1
15 1 U 14
16 1 U 15
17 1 U 16
18 0 U 17
19 1 U 18
20 0 U 19
21 1 U -1
22 0 U 21
23 0 U 22
24 0 U 23
25 1 U 24
26 0 U 25
27 1 U 26
28 0 U -1
29 1 U 28
30 1 U 29
31 0 U 30
32 0 U 31
33 1 U 32
34 1 U 33
35 0 U -1
36 0 U 35
37 0 U 36
38 0 U 37
39 1 U 38
40 1 U 39
41 1 U 40
42 1 U -1
43 1 U 42
44 0 U 43
45 1 U 44
46 1 U 45
47 1 U 46
48 1 U 47
# score :86 1218147
# W : 584087 , H : 577467 W + H : 1161554
49
0 1 U -1
1 0 U 0
2 0 U 1
3 1 U 2
4 1 U 3
5 1 U 4
6 0 U 5
7 1 U -1
8 0 U 7
9 1 U 8
10 0 U 9
11 0 U 10
12 0 U 11
13 0 U 12
14 0 U -1
15 1 U 14
16 1 U 15
17 1 U 16
18 0 U 17
19 1 U 18
20 1 U 19
21 0 U -1
22 0 U 21
23 0 U 22
24 1 U 23
25 0 U 24
26 0 U 25
27 0 U 26
28 1 U -1
29 1 U 28
30 0 U 29
31 1 U 30
32 0 U 31
33 1 U 32
34 0 U 33
35 0 U -1
36 0 U 35
37 1 U 36
38 0 U 37
39 0 U 38
40 0 U 39
41 0 U 40
42 1 U -1
43 1 U 42
44 0 U 43
45 1 U 44
46 1 U 45
47 1 U 46
48 0 U 47
# score :87 1166172
# W : 533759 , H : 570352 W + H : 1104111
49
0 0 U -1
1 1 U 0
2 0 U 1
3 1 U 2
4 1 U 3
5 0 U 4
6 0 U 5
7 0 U -1
8 0 U 7
9 0 U 8
10 0 U 9
11 1 U 10
12 1 U 11
13 0 U 12
14 0 U -1
15 0 U 14
16 1 U 15
17 0 U 16
18 1 U 17
19 0 U 18
20 0 U 19
21 0 U -1
22 0 U 21
23 1 U 22
24 1 U 23
25 1 U 24
26 0 U 25
27 0 U 26
28 0 U -1
29 0 U 28
30 1 U 29
31 1 U 30
32 1 U 31
33 1 U 32
34 0 U 33
35 1 U -1
36 1 U 35
37 1 U 36
38 1 U 37
39 1 U 38
40 0 U 39
41 1 U 40
42 1 U -1
43 0 U 42
44 1 U 43
45 1 U 44
46 1 U 45
47 0 U 46
48 1 U 47
# score :88 1200804
# W : 532342 , H : 628776 W + H : 1161118
49
0 0 U -1
1 1 U 0
2 0 U 1
3 0 U 2
4 1 U 3
5 1 U 4
6 0 U 5
7 0 U -1
8 1 U 7
9 1 U 8
10 1 U 9
11 1 U 10
12 0 U 11
13 0 U 12
14 0 U -1
15 0 U 14
16 1 U 15
17 1 U 16
18 0 U 17
19 0 U 18
20 0 U 19
21 0 U -1
22 1 U 21
23 1 U 22
24 1 U 23
25 0 U 24
26 0 U 25
27 0 U 26
28 0 U -1
29 1 U 28
30 1 U 29
31 0 U 30
32 0 U 31
33 1 U 32
34 0 U 33
35 0 U -1
36 0 U 35
37 0 U 36
38 1 U 37
39 0 U 38
40 1 U 39
41 0 U 40
42 0 U -1
43 1 U 42
44 1 U 43
45 1 U 44
46 1 U 45
47 0 U 46
48 1 U 47
# score :89 1239565
# W : 550582 , H : 601458 W + H : 1152040
49
0 0 U -1
1 0 U 0
2 0 U 1
3 0 U 2
4 1 U 3
5 1 U 4
6 0 U 5
7 1 U -1
8 1 U 7
9 0 U 8
10 0 U 9
11 0 U 10
12 1 U 11
13 0 U 12
14 0 U -1
15 0 U 14
16 1 U 15
17 0 U 16
18 0 U 17
19 0 U 18
20 1 U 19
21 0 U -1
22 1 U 21
23 1 U 22
24 0 U 23
25 0 U 24
26 1 U 25
27 1 U 26
28 1 U -1
29 0 U 28
30 1 U 29
31 0 U 30
32 0 U 31
33 0 U 32
34 0 U 33
35 0 U -1
36 1 U 35
37 0 U 36
38 0 U 37
39 0 U 38
40 1 U 39
41 0 U 40
42 1 U -1
43 0 U 42
44 1 U 43
45 0 U 44
46 1 U 45
47 0 U 46
48 0 U 47
# score :90 1172829
# W : 521774 , H : 604280 W + H : 1126054
49
0 0 U -1
1 1 U 0
2 0 U 1
3 0 U 2
4 0 U 3
5 0 U 4
6 1 U 5
7 1 U -1
8 0 U 7
9 1 U 8
10 0 U 9
11 0 U 10
12 0 U 11
13 0 U 12
14 1 U -1
15 0 U 14
16 1 U 15
17 0 U 16
18 1 U 17
19 1 U 18
20 0 U 19
21 0 U -1
22 0 U 21
23 1 U 22
24 0 U 23
25 1 U 24
26 1 U 25
27 0 U 26
28 1 U -1
29 0 U 28
30 1 U 29
31 0 U 30
32 0 U 31
33 0 U 32
34 0 U 33
35 1 U -1
36 0 U 35
37 0 U 36
38 1 U 37
39 0 U 38
40 1 U 39
41 0 U 40
42 1 U -1
43 1 U 42
44 1 U 43
45 0 U 44
46 0 U 45
47 1 U 46
48 0 U 47
# score :91 1144234
# W : 503545 , H : 596503 W + H : 1100048
49
0 0 U -1
1 1 U 0
2 0 U 1
3 1 U 2
4 1 U 3
5 1 U 4
6 0 U 5
7 0 U -1
8 1 U 7
9 1 U 8
10 0 U 9
11 0 U 10
12 0 U 11
13 0 U 12
14 1 U -1
15 0 U 14
16 1 U 15
17 0 U 16
18 1 U 17
19 0 U 18
20 1 U 19
21 1 U -1
22 1 U 21
23 1 U 22
24 0 U 23
25 1 U 24
26 1 U 25
27 0 U 26
28 1 U -1
29 1 U 28
30 0 U 29
31 0 U 30
32 1 U 31
33 0 U 32
34 1 U 33
35 1 U -1
36 0 U 35
37 1 U 36
38 0 U 37
39 1 U 38
40 0 U 39
41 1 U 40
42 0 U -1
43 1 U 42
44 0 U 43
45 1 U 44
46 1 U 45
47 0 U 46
48 0 U 47
# score :92 1129713
# W : 510983 , H : 567061 W + H : 1078044
49
0 0 U -1
1 1 U 0
2 1 U 1
3 0 U 2
4 0 U 3
5 0 U 4
6 0 U 5
7 1 U -1
8 0 U 7
9 0 U 8
10 0 U 9
11 1 U 10
12 1 U 11
13 0 U 12
14 1 U -1
15 1 U 14
16 1 U 15
17 1 U 16
18 0 U 17
19 1 U 18
20 0 U 19
21 1 U -1
22 0 U 21
23 0 U 22
24 0 U 23
25 0 U 24
26 1 U 25
27 0 U 26
28 1 U -1
29 0 U 28
30 1 U 29
31 0 U 30
32 1 U 31
33 1 U 32
34 0 U 33
35 0 U -1
36 1 U 35
37 0 U 36
38 1 U 37
39 1 U 38
40 1 U 39
41 0 U 40
42 0 U -1
43 1 U 42
44 0 U 43
45 0 U 44
46 0 U 45
47 0 U 46
48 1 U 47
# score :93 1188958
# W : 528380 , H : 623102 W + H : 1151482
49
0 1 U -1
1 0 U 0
2 0 U 1
3 0 U 2
4 1 U 3
5 1 U 4
6 1 U 5
7 1 U -1
8 1 U 7
9 0 U 8
10 1 U 9
11 1 U 10
12 1 U 11
13 0 U 12
14 0 U -1
15 0 U 14
16 1 U 15
17 1 U 16
18 1 U 17
19 0 U 18
20 0 U 19
21 1 U -1
22 0 U 21
23 0 U 22
24 1 U 23
25 0 U 24
26 0 U 25
27 1 U 26
28 0 U -1
29 0 U 28
30 1 U 29
31 0 U 30
32 1 U 31
33 0 U 32
34 0 U 33
35 0 U -1
36 1 U 35
37 0 U 36
38 1 U 37
39 0 U 38
40 0 U 39
41 0 U 40
42 0 U -1
43 0 U 42
44 0 U 43
45 0 U 44
46 1 U 45
47 1 U 46
48 1 U 47
# score :94 1159439
# W : 523940 , H : 616990 W + H : 1140930
49
0 1 U -1
1 1 U 0
2 0 U 1
3 1 U 2
4 0 U 3
5 0 U 4
6 1 U 5
7 1 U -1
8 0 U 7
9 0 U 8
10 0 U 9
11 0 U 10
12 1 U 11
13 1 U 12
14 0 U -1
15 1 U 14
16 1 U 15
17 1 U 16
18 0 U 17
19 1 U 18
20 0 U 19
21 1 U -1
22 0 U 21
23 0 U 22
24 0 U 23
25 1 U 24
26 0 U 25
27 1 U 26
28 1 U -1
29 0 U 28
30 0 U 29
31 0 U 30
32 0 U 31
33 1 U 32
34 1 U 33
35 1 U -1
36 0 U 35
37 0 U 36
38 0 U 37
39 0 U 38
40 1 U 39
41 0 U 40
42 0 U -1
43 1 U 42
44 1 U 43
45 1 U 44
46 0 U 45
47 1 U 46
48 1 U 47
# score :95 1254925
# W : 557405 , H : 565041 W + H : 1122446
49
0 0 U -1
1 0 U 0
2 1 U 1
3 0 U 2
4 1 U 3
5 0 U 4
6 0 U 5
7 0 U -1
8 0 U 7
9 1 U 8
10 1 U 9
11 1 U 10
12 1 U 11
13 1 U 12
14 0 U -1
15 0 U 14
16 0 U 15
17 0 U 16
18 1 U 17
19 1 U 18
20 0 U 19
21 0 U -1
22 0 U 21
23 1 U 22
24 1 U 23
25 1 U 24
26 0 U 25
27 0 U 26
28 0 U -1
29 0 U 28
30 0 U 29
31 1 U 30
32 0 U 31
33 0 U 32
34 1 U 33
35 0 U -1
36 0 U 35
37 0 U 36
38 1 U 37
39 0 U 38
40 0 U 39
41 0 U 40
42 0 U -1
43 1 U 42
44 1 U 43
45 0 U 44
46 1 U 45
47 1 U 46
48 0 U 47
# score :96 1199426
# W : 547606 , H : 618582 W + H : 1166188
49
0 1 U -1
1 0 U 0
2 0 U 1
3 1 U 2
4 0 U 3
5 0 U 4
6 1 U 5
7 0 U -1
8 0 U 7
9 0 U 8
10 1 U 9
11 1 U 10
12 1 U 11
13 0 U 12
14 0 U -1
15 0 U 14
16 0 U 15
17 1 U 16
18 0 U 17
19 1 U 18
20 0 U 19
21 0 U -1
22 0 U 21
23 1 U 22
24 1 U 23
25 0 U 24
26 1 U 25
27 1 U 26
28 0 U -1
29 1 U 28
30 1 U 29
31 0 U 30
32 1 U 31
33 0 U 32
34 1 U 33
35 1 U -1
36 1 U 35
37 0 U 36
38 0 U 37
39 1 U 38
40 1 U 39
41 1 U 40
42 1 U -1
43 1 U 42
44 0 U 43
45 0 U 44
46 1 U 45
47 0 U 46
48 0 U 47
# score :97 1179380
# W : 532308 , H : 589300 W + H : 1121608
49
0 0 U -1
1 1 U 0
2 1 U 1
3 1 U 2
4 1 U 3
5 1 U 4
6 1 U 5
7 1 U -1
8 0 U 7
9 1 U 8
10 1 U 9
11 1 U 10
12 1 U 11
13 0 U 12
14 1 U -1
15 0 U 14
16 0 U 15
17 1 U 16
18 0 U 17
19 1 U 18
20 1 U 19
21 1 U -1
22 1 U 21
23 1 U 22
24 0 U 23
25 1 U 24
26 1 U 25
27 1 U 26
28 1 U -1
29 0 U 28
30 0 U 29
31 0 U 30
32 1 U 31
33 1 U 32
34 1 U 33
35 0 U -1
36 1 U 35
37 0 U 36
38 1 U 37
39 0 U 38
40 1 U 39
41 1 U 40
42 1 U -1
43 1 U 42
44 0 U 43
45 0 U 44
46 1 U 45
47 0 U 46
48 0 U 47
# score :98 1224473
# W : 518158 , H : 596754 W + H : 1114912
49
0 0 U -1
1 1 U 0
2 1 U 1
3 0 U 2
4 1 U 3
5 1 U 4
6 0 U 5
7 1 U -1
8 0 U 7
9 0 U 8
10 1 U 9
11 1 U 10
12 0 U 11
13 0 U 12
14 1 U -1
15 0 U 14
16 0 U 15
17 0 U 16
18 0 U 17
19 0 U 18
20 1 U 19
21 1 U -1
22 0 U 21
23 0 U 22
24 1 U 23
25 0 U 24
26 1 U 25
27 0 U 26
28 0 U -1
29 1 U 28
30 1 U 29
31 1 U 30
32 1 U 31
33 1 U 32
34 1 U 33
35 1 U -1
36 1 U 35
37 0 U 36
38 0 U 37
39 1 U 38
40 0 U 39
41 1 U 40
42 0 U -1
43 1 U 42
44 1 U 43
45 1 U 44
46 0 U 45
47 1 U 46
48 0 U 47
# score :99 1206802
# W : 533849 , H : 621049 W + H : 1154898
49
0 0 U -1
1 1 U 0
2 1 U 1
3 0 U 2
4 1 U 3
5 1 U 4
6 0 U 5
7 1 U -1
8 1 U 7
9 0 U 8
10 0 U 9
11 0 U 10
12 0 U 11
13 1 U 12
14 1 U -1
15 1 U 14
16 1 U 15
17 1 U 16
18 1 U 17
19 1 U 18
20 0 U 19
21 1 U -1
22 1 U 21
23 0 U 22
24 1 U 23
25 1 U 24
26 1 U 25
27 0 U 26
28 0 U -1
29 1 U 28
30 0 U 29
31 0 U 30
32 1 U 31
33 0 U 32
34 1 U 33
35 0 U -1
36 0 U 35
37 1 U 36
38 0 U 37
39 1 U 38
40 1 U 39
41 0 U 40
42 0 U -1
43 0 U 42
44 0 U 43
45 0 U 44
46 0 U 45
47 1 U 46
48 0 U 47
# score :100 1179043
# W : 550460 , H : 572059 W + H : 1122519
49
0 1 U -1
1 0 U 0
2 0 U 1
3 1 U 2
4 0 U 3
5 1 U 4
6 1 U 5
7 1 U -1
8 0 U 7
9 1 U 8
10 0 U 9
11 0 U 10
12 0 U 11
13 1 U 12
14 1 U -1
15 0 U 14
16 0 U 15
17 0 U 16
18 1 U 17
19 0 U 18
20 0 U 19
21 0 U -1
22 1 U 21
23 1 U 22
24 1 U 23
25 1 U 24
26 1 U 25
27 0 U 26
28 0 U -1
29 1 U 28
30 1 U 29
31 1 U 30
32 0 U 31
33 1 U 32
34 0 U 33
35 0 U -1
36 0 U 35
37 1 U 36
38 1 U 37
39 1 U 38
40 0 U 39
41 1 U 40
42 0 U -1
43 1 U 42
44 1 U 43
45 1 U 44
46 0 U 45
47 0 U 46
48 0 U 47
# score :101 1231690
# W : 549901 , H : 569468 W + H : 1119369
49
0 1 U -1
1 0 U 0
2 0 U 1
3 0 U 2
4 1 U 3
5 1 U 4
6 1 U 5
7 0 U -1
8 0 U 7
9 0 U 8
10 0 U 9
11 0 U 10
12 0 U 11
13 1 U 12
14 1 U -1
15 1 U 14
16 1 U 15
17 0 U 16
18 0 U 17
19 0 U 18
20 0 U 19
21 0 U -1
22 1 U 21
23 1 U 22
24 1 U 23
25 0 U 24
26 1 U 25
27 1 U 26
28 1 U -1
29 1 U 28
30 0 U 29
31 1 U 30
32 0 U 31
33 0 U 32
34 0 U 33
35 1 U -1
36 0 U 35
37 1 U 36
38 0 U 37
39 1 U 38
40 1 U 39
41 0 U 40
42 1 U -1
43 0 U 42
44 0 U 43
45 0 U 44
46 0 U 45
47 0 U 46
48 0 U 47
# score :102 1153600
# W : 534802 , H : 568489 W + H : 1103291
49
0 0 U -1
1 1 U 0
2 0 U 1
3 1 U 2
4 1 U 3
5 1 U 4
6 1 U 5
7 0 U -1
8 0 U 7
9 1 U 8
10 0 U 9
11 1 U 10
12 1 U 11
13 0 U 12
14 0 U -1
15 1 U 14
16 1 U 15
17 1 U 16
18 0 U 17
19 0 U 18
20 1 U 19
21 0 U -1
22 0 U 21
23 0 U 22
24 1 U 23
25 1 U 24
26 1 U 25
27 0 U 26
28 1 U -1
29 1 U 28
30 0 U 29
31 1 U 30
32 0 U 31
33 1 U 32
34 0 U 33
35 1 U -1
36 1 U 35
37 1 U 36
38 1 U 37
39 0 U 38
40 1 U 39
41 1 U 40
42 0 U -1
43 1 U 42
44 1 U 43
45 1 U 44
46 0 U 45
47 0 U 46
48 0 U 47
# score :103 1195460
# W : 531682 , H : 598037 W + H : 1129719
49
0 0 U -1
1 1 U 0
2 0 U 1
3 1 U 2
4 0 U 3
5 0 U 4
6 0 U 5
7 1 U -1
8 1 U 7
9 0 U 8
10 1 U 9
11 1 U 10
12 1 U 11
13 0 U 12
14 0 U -1
15 0 U 14
16 1 U 15
17 1 U 16
18 0 U 17
19 0 U 18
20 1 U 19
21 0 U -1
22 1 U 21
23 1 U 22
24 0 U 23
25 1 U 24
26 0 U 25
27 1 U 26
28 0 U -1
29 0 U 28
30 0 U 29
31 0 U 30
32 0 U 31
33 1 U 32
34 1 U 33
35 1 U -1
36 1 U 35
37 0 U 36
38 0 U 37
39 0 U 38
40 1 U 39
41 1 U 40
42 1 U -1
43 0 U 42
44 0 U 43
45 1 U 44
46 1 U 45
47 0 U 46
48 0 U 47
# score :104 1164264
# W : 546044 , H : 557404 W + H : 1103448
49
0 0 U -1
1 0 U 0
2 0 U 1
3 0 U 2
4 0 U 3
5 1 U 4
6 0 U 5
7 1 U -1
8 0 U 7
9 1 U 8
10 1 U 9
11 1 U 10
12 1 U 11
13 0 U 12
14 1 U -1
15 1 U 14
16 0 U 15
17 0 U 16
18 1 U 17
19 0 U 18
20 0 U 19
21 0 U -1
22 1 U 21
23 1 U 22
24 1 U 23
25 0 U 24
26 0 U 25
27 0 U 26
28 0 U -1
29 0 U 28
30 1 U 29
31 0 U 30
32 1 U 31
33 1 U 32
34 0 U 33
35 1 U -1
36 1 U 35
37 1 U 36
38 0 U 37
39 1 U 38
40 1 U 39
41 1 U 40
42 1 U -1
43 1 U 42
44 0 U 43
45 1 U 44
46 1 U 45
47 1 U 46
48 1 U 47
# score :105 1185772
# W : 584051 , H : 579819 W + H : 1163870
49
0 1 U -1
1 1 U 0
2 1 U 1
3 0 U 2
4 1 U 3
5 1 U 4
6 0 U 5
7 0 U -1
8 0 U 7
9 1 U 8
10 1 U 9
11 0 U 10
12 1 U 11
13 1 U 12
14 0 U -1
15 1 U 14
16 1 U 15
17 0 U 16
18 0 U 17
19 1 U 18
20 0 U 19
21 0 U -1
22 0 U 21
23 0 U 22
24 1 U 23
25 1 U 24
26 1 U 25
27 1 U 26
28 0 U -1
29 0 U 28
30 1 U 29
31 0 U 30
32 0 U 31
33 1 U 32
34 1 U 33
35 1 U -1
36 0 U 35
37 0 U 36
38 0 U 37
39 0 U 38
40 1 U 39
41 1 U 40
42 0 U -1
43 1 U 42
44 0 U 43
45 0 U 44
46 0 U 45
47 1 U 46
48 1 U 47
# score :106 1203539
# W : 542963 , H : 587552 W + H : 1130515
49
0 0 U -1
1 1 U 0
2 1 U 1
3 1 U 2
4 0 U 3
5 0 U 4
6 0 U 5
7 1 U -1
8 0 U 7
9 1 U 8
10 1 U 9
11 0 U 10
12 1 U 11
13 0 U 12
14 0 U -1
15 1 U 14
16 0 U 15
17 1 U 16
18 1 U 17
19 0 U 18
20 1 U 19
21 1 U -1
22 1 U 21
23 0 U 22
24 0 U 23
25 1 U 24
26 1 U 25
27 0 U 26
28 0 U -1
29 0 U 28
30 0 U 29
31 0 U 30
32 1 U 31
33 1 U 32
34 0 U 33
35 0 U -1
36 0 U 35
37 1 U 36
38 1 U 37
39 0 U 38
40 0 U 39
41 1 U 40
42 0 U -1
43 0 U 42
44 1 U 43
45 1 U 44
46 0 U 45
47 0 U 46
48 0 U 47
# score :107 1162426
# W : 528556 , H : 596884 W + H : 1125440
49
0 1 U -1
1 0 U 0
2 1 U 1
3 1 U 2
4 1 U 3
5 0 U 4
6 1 U 5
7 0 U -1
8 0 U 7
9 0 U 8
10 0 U 9
11 0 U 10
12 1 U 11
13 1 U 12
14 0 U -1
15 1 U 14
16 0 U 15
17 1 U 16
18 1 U 17
19 1 U 18
20 0 U 19
21 0 U -1
22 1 U 21
23 1 U 22
24 0 U 23
25 0 U 24
26 1 U 25
27 1 U 26
28 1 U -1
29 1 U 28
30 1 U 29
31 0 U 30
32 0 U 31
33 1 U 32
34 0 U 33
35 0 U -1
36 1 U 35
37 0 U 36
38 0 U 37
39 0 U 38
40 0 U 39
41 0 U 40
42 0 U -1
43 1 U 42
44 1 U 43
45 1 U 44
46 1 U 45
47 0 U 46
48 0 U 47
# score :108 1189009
# W : 511716 , H : 607023 W + H : 1118739
49
0 0 U -1
1 1 U 0
2 0 U 1
3 1 U 2
4 1 U 3
5 0 U 4
6 0 U 5
7 1 U -1
8 1 U 7
9 1 U 8
10 1 U 9
11 1 U 10
12 0 U 11
13 0 U 12
14 1 U -1
15 1 U 14
16 0 U 15
17 1 U 16
18 0 U 17
19 0 U 18
20 0 U 19
21 1 U -1
22 0 U 21
23 1 U 22
24 1 U 23
25 0 U 24
26 1 U 25
27 1 U 26
28 1 U -1
29 1 U 28
30 0 U 29
31 1 U 30
32 1 U 31
33 1 U 32
34 0 U 33
35 1 U -1
36 0 U 35
37 0 U 36
38 0 U 37
39 1 U 38
40 1 U 39
41 0 U 40
42 0 U -1
43 1 U 42
44 0 U 43
45 0 U 44
46 0 U 45
47 0 U 46
48 0 U 47
# score :109 1171117
# W : 513008 , H : 607825 W + H : 1120833
49
0 1 U -1
1 1 U 0
2 1 U 1
3 1 U 2
4 0 U 3
5 1 U 4
6 1 U 5
7 1 U -1
8 0 U 7
9 1 U 8
10 1 U 9
11 0 U 10
12 1 U 11
13 0 U 12
14 1 U -1
15 1 U 14
16 1 U 15
17 1 U 16
18 1 U 17
19 0 U 18
20 1 U 19
21 0 U -1
22 1 U 21
23 0 U 22
24 0 U 23
25 0 U 24
26 0 U 25
27 1 U 26
28 0 U -1
29 0 U 28
30 0 U 29
31 0 U 30
32 1 U 31
33 0 U 32
34 0 U 33
35 0 U -1
36 0 U 35
37 1 U 36
38 0 U 37
39 0 U 38
40 1 U 39
41 0 U 40
42 1 U -1
43 0 U 42
44 1 U 43
45 0 U 44
46 1 U 45
47 1 U 46
48 0 U 47
# score :110 1176116
# W : 516660 , H : 584027 W + H : 1100687
49
0 1 U -1
1 0 U 0
2 0 U 1
3 1 U 2
4 1 U 3
5 0 U 4
6 0 U 5
7 0 U -1
8 0 U 7
9 0 U 8
10 1 U 9
11 1 U 10
12 0 U 11
13 0 U 12
14 0 U -1
15 0 U 14
16 0 U 15
17 1 U 16
18 0 U 17
19 1 U 18
20 1 U 19
21 0 U -1
22 1 U 21
23 1 U 22
24 1 U 23
25 1 U 24
26 0 U 25
27 0 U 26
28 0 U -1
29 1 U 28
30 1 U 29
31 0 U 30
32 1 U 31
33 1 U 32
34 0 U 33
35 0 U -1
36 0 U 35
37 1 U 36
38 1 U 37
39 0 U 38
40 0 U 39
41 1 U 40
42 1 U -1
43 1 U 42
44 1 U 43
45 1 U 44
46 0 U 45
47 1 U 46
48 1 U 47
# score :111 1202062
# W : 554840 , H : 591796 W + H : 1146636
49
0 0 U -1
1 0 U 0
2 1 U 1
3 1 U 2
4 0 U 3
5 1 U 4
6 0 U 5
7 1 U -1
8 1 U 7
9 1 U 8
10 1 U 9
11 1 U 10
12 0 U 11
13 1 U 12
14 0 U -1
15 0 U 14
16 1 U 15
17 0 U 16
18 1 U 17
19 1 U 18
20 1 U 19
21 0 U -1
22 1 U 21
23 1 U 22
24 1 U 23
25 0 U 24
26 0 U 25
27 0 U 26
28 1 U -1
29 0 U 28
30 0 U 29
31 0 U 30
32 1 U 31
33 1 U 32
34 1 U 33
35 0 U -1
36 1 U 35
37 1 U 36
38 0 U 37
39 1 U 38
40 0 U 39
41 1 U 40
42 1 U -1
43 1 U 42
44 0 U 43
45 0 U 44
46 0 U 45
47 0 U 46
48 1 U 47
# score :112 1157328
# W : 538342 , H : 593596 W + H : 1131938
49
0 0 U -1
1 0 U 0
2 1 U 1
3 0 U 2
4 0 U 3
5 1 U 4
6 0 U 5
7 1 U -1
8 1 U 7
9 1 U 8
10 0 U 9
11 1 U 10
12 0 U 11
13 0 U 12
14 0 U -1
15 1 U 14
16 1 U 15
17 0 U 16
18 0 U 17
19 1 U 18
20 0 U 19
21 0 U -1
22 1 U 21
23 1 U 22
24 1 U 23
25 0 U 24
26 0 U 25
27 0 U 26
28 0 U -1
29 1 U 28
30 1 U 29
31 0 U 30
32 0 U 31
33 1 U 32
34 1 U 33
35 0 U -1
36 1 U 35
37 0 U 36
38 1 U 37
39 1 U 38
40 0 U 39
41 1 U 40
42 1 U -1
43 1 U 42
44 1 U 43
45 0 U 44
46 1 U 45
47 0 U 46
48 0 U 47
# score :113 1226350
# W : 548447 , H : 586084 W + H : 1134531
49
0 0 U -1
1 0 U 0
2 1 U 1
3 0 U 2
4 0 U 3
5 0 U 4
6 1 U 5
7 0 U -1
8 1 U 7
9 1 U 8
10 0 U 9
11 1 U 10
12 1 U 11
13 0 U 12
14 1 U -1
15 0 U 14
16 0 U 15
17 1 U 16
18 1 U 17
19 0 U 18
20 0 U 19
21 0 U -1
22 1 U 21
23 1 U 22
24 1 U 23
25 0 U 24
26 1 U 25
27 1 U 26
28 0 U -1
29 1 U 28
30 1 U 29
31 0 U 30
32 0 U 31
33 0 U 32
34 0 U 33
35 0 U -1
36 1 U 35
37 1 U 36
38 0 U 37
39 1 U 38
40 1 U 39
41 1 U 40
42 1 U -1
43 1 U 42
44 1 U 43
45 0 U 44
46 0 U 45
47 0 U 46
48 1 U 47
# score :114 1235528
# W : 551609 , H : 596493 W + H : 1148102
49
0 0 U -1
1 0 U 0
2 0 U 1
3 0 U 2
4 1 U 3
5 1 U 4
6 0 U 5
7 0 U -1
8 1 U 7
9 0 U 8
10 1 U 9
11 0 U 10
12 1 U 11
13 0 U 12
14 1 U -1
15 1 U 14
16 1 U 15
17 1 U 16
18 0 U 17
19 1 U 18
20 0 U 19
21 0 U -1
22 1 U 21
23 0 U 22
24 1 U 23
25 1 U 24
26 1 U 25
27 1 U 26
28 0 U -1
29 1 U 28
30 0 U 29
31 1 U 30
32 1 U 31
33 1 U 32
34 0 U 33
35 0 U -1
36 1 U 35
37 0 U 36
38 0 U 37
39 0 U 38
40 0 U 39
41 1 U 40
42 1 U -1
43 1 U 42
44 1 U 43
45 1 U 44
46 0 U 45
47 1 U 46
48 1 U 47
# score :115 1186034
# W : 551774 , H : 602774 W + H : 1154548
49
0 0 U -1
1 0 U 0
2 1 U 1
3 1 U 2
4 0 U 3
5 1 U 4
6 1 U 5
7 1 U -1
8 0 U 7
9 1 U 8
10 1 U 9
11 1 U 10
12 1 U 11
13 0 U 12
14 1 U -1
15 1 U 14
16 1 U 15
17 1 U 16
18 0 U 17
19 1 U 18
20 1 U 19
21 1 U -1
22 0 U 21
23 0 U 22
24 1 U 23
25 0 U 24
26 0 U 25
27 1 U 26
28 0 U -1
29 0 U 28
30 1 U 29
31 0 U 30
32 0 U 31
33 1 U 32
34 1 U 33
35 0 U -1
36 1 U 35
37 0 U 36
38 1 U 37
39 1 U 38
40 0 U 39
41 1 U 40
42 0 U -1
43 0 U 42
44 1 U 43
45 1 U 44
46 1 U 45
47 0 U 46
48 1 U 47
# score :116 1212577
# W : 539906 , H : 606876 W + H : 1146782
49
0 1 U -1
1 0 U 0
2 0 U 1
3 1 U 2
4 1 U 3
5 0 U 4
6 1 U 5
7 0 U -1
8 0 U 7
9 1 U 8
10 0 U 9
11 1 U 10
12 0 U 11
13 1 U 12
14 1 U -1
15 0 U 14
16 0 U 15
17 0 U 16
18 0 U 17
19 1 U 18
20 0 U 19
21 0 U -1
22 0 U 21
23 0 U 22
24 1 U 23
25 1 U 24
26 1 U 25
27 1 U 26
28 1 U -1
29 1 U 28
30 0 U 29
31 0 U 30
32 1 U 31
33 1 U 32
34 1 U 33
35 0 U -1
36 1 U 35
37 1 U 36
38 1 U 37
39 0 U 38
40 0 U 39
41 1 U 40
42 1 U -1
43 1 U 42
44 0 U 43
45 0 U 44
46 1 U 45
47 0 U 46
48 1 U 47
# score :117 1141397
# W : 530369 , H : 623533 W + H : 1153902
49
0 1 U -1
1 0 U 0
2 0 U 1
3 1 U 2
4 1 U 3
5 1 U 4
6 1 U 5
7 0 U -1
8 1 U 7
9 0 U 8
10 0 U 9
11 1 U 10
12 1 U 11
13 1 U 12
14 1 U -1
15 1 U 14
16 1 U 15
17 1 U 16
18 0 U 17
19 0 U 18
20 0 U 19
21 1 U -1
22 1 U 21
23 0 U 22
24 1 U 23
25 0 U 24
26 1 U 25
27 0 U 26
28 0 U -1
29 1 U 28
30 0 U 29
31 0 U 30
32 0 U 31
33 1 U 32
34 0 U 33
35 0 U -1
36 1 U 35
37 0 U 36
38 0 U 37
39 0 U 38
40 1 U 39
41 1 U 40
42 1 U -1
43 0 U 42
44 1 U 43
45 1 U 44
46 1 U 45
47 1 U 46
48 0 U 47
# score :118 1240355
# W : 562628 , H : 566589 W + H : 1129217
49
0 0 U -1
1 0 U 0
2 0 U 1
3 1 U 2
4 0 U 3
5 0 U 4
6 0 U 5
7 1 U -1
8 0 U 7
9 0 U 8
10 0 U 9
11 0 U 10
12 0 U 11
13 0 U 12
14 0 U -1
15 0 U 14
16 1 U 15
17 1 U 16
18 1 U 17
19 0 U 18
20 1 U 19
21 0 U -1
22 1 U 21
23 1 U 22
24 1 U 23
25 0 U 24
26 1 U 25
27 0 U 26
28 1 U -1
29 0 U 28
30 0 U 29
31 0 U 30
32 0 U 31
33 0 U 32
34 0 U 33
35 0 U -1
36 0 U 35
37 0 U 36
38 0 U 37
39 0 U 38
40 1 U 39
41 1 U 40
42 0 U -1
43 1 U 42
44 1 U 43
45 1 U 44
46 1 U 45
47 0 U 46
48 1 U 47
# score :119 1160359
# W : 544820 , H : 609079 W + H : 1153899
49
0 0 U -1
1 1 U 0
2 0 U 1
3 1 U 2
4 1 U 3
5 0 U 4
6 0 U 5
7 0 U -1
8 0 U 7
9 0 U 8
10 0 U 9
11 1 U 10
12 0 U 11
13 1 U 12
14 0 U -1
15 0 U 14
16 1 U 15
17 1 U 16
18 0 U 17
19 1 U 18
20 0 U 19
21 0 U -1
22 0 U 21
23 1 U 22
24 0 U 23
25 1 U 24
26 1 U 25
27 0 U 26
28 1 U -1
29 0 U 28
30 1 U 29
31 1 U 30
32 0 U 31
33 1 U 32
34 1 U 33
35 1 U -1
36 1 U 35
37 0 U 36
38 0 U 37
39 1 U 38
40 1 U 39
41 0 U 40
42 1 U -1
43 1 U 42
44 0 U 43
45 0 U 44
46 0 U 45
47 1 U 46
48 0 U 47
# score :120 1143918
# W : 518030 , H : 581348 W + H : 1099378
49
0 0 U -1
1 0 U 0
2 1 U 1
3 0 U 2
4 1 U 3
5 0 U 4
6 0 U 5
7 0 U -1
8 1 U 7
9 1 U 8
10 0 U 9
11 0 U 10
12 1 U 11
13 1 U 12
14 0 U -1
15 1 U 14
16 1 U 15
17 0 U 16
18 1 U 17
19 0 U 18
20 0 U 19
21 1 U -1
22 1 U 21
23 0 U 22
24 0 U 23
25 1 U 24
26 1 U 25
27 1 U 26
28 0 U -1
29 0 U 28
30 0 U 29
31 1 U 30
32 1 U 31
33 0 U 32
34 0 U 33
35 1 U -1
36 0 U 35
37 0 U 36
38 0 U 37
39 1 U 38
40 0 U 39
41 0 U 40
42 1 U -1
43 0 U 42
44 0 U 43
45 1 U 44
46 1 U 45
47 1 U 46
48 0 U 47
# score :121 1191373
# W : 547314 , H : 573523 W + H : 1120837
49
0 1 U -1
1 1 U 0
2 0 U 1
3 0 U 2
4 1 U 3
5 1 U 4
6 1 U 5
7 0 U -1
8 0 U 7
9 1 U 8
10 1 U 9
11 1 U 10
12 0 U 11
13 0 U 12
14 0 U -1
15 0 U 14
16 1 U 15
17 1 U 16
18 0 U 17
19 0 U 18
20 0 U 19
21 0 U -1
22 1 U 21
23 0 U 22
24 1 U 23
25 1 U 24
26 0 U 25
27 1 U 26
28 0 U -1
29 0 U 28
30 0 U 29
31 0 U 30
32 0 U 31
33 0 U 32
34 0 U 33
35 1 U -1
36 0 U 35
37 1 U 36
38 0 U 37
39 0 U 38
40 1 U 39
41 0 U 40
42 1 U -1
43 1 U 42
44 1 U 43
45 1 U 44
46 1 U 45
47 0 U 46
48 1 U 47
# score :122 1187150
# W : 543486 , H : 593284 W + H : 1136770
49
0 0 U -1
1 1 U 0
2 0 U 1
3 1 U 2
4 0 U 3
5 0 U 4
6 0 U 5
7 1 U -1
8 0 U 7
9 1 U 8
10 1 U 9
11 0 U 10
12 0 U 11
13 0 U 12
14 1 U -1
15 1 U 14
16 0 U 15
17 0 U 16
18 1 U 17
19 1 U 18
20 0 U 19
21 0 U -1
22 0 U 21
23 1 U 22
24 1 U 23
25 1 U 24
26 0 U 25
27 0 U 26
28 1 U -1
29 1 U 28
30 1 U 29
31 1 U 30
32 0 U 31
33 1 U 32
34 0 U 33
35 1 U -1
36 0 U 35
37 0 U 36
38 0 U 37
39 0 U 38
40 0 U 39
41 1 U 40
42 1 U -1
43 1 U 42
44 0 U 43
45 1 U 44
46 0 U 45
47 1 U 46
48 1 U 47
# score :123 1183414
# W : 574335 , H : 600395 W + H : 1174730
49
0 1 U -1
1 0 U 0
2 0 U 1
3 1 U 2
4 1 U 3
5 0 U 4
6 0 U 5
7 1 U -1
8 0 U 7
9 1 U 8
10 1 U 9
11 1 U 10
12 1 U 11
13 0 U 12
14 0 U -1
15 1 U 14
16 1 U 15
17 0 U 16
18 0 U 17
19 0 U 18
20 1 U 19
21 0 U -1
22 0 U 21
23 1 U 22
24 1 U 23
25 1 U 24
26 1 U 25
27 0 U 26
28 1 U -1
29 0 U 28
30 1 U 29
31 1 U 30
32 1 U 31
33 1 U 32
34 0 U 33
35 0 U -1
36 1 U 35
37 1 U 36
38 0 U 37
39 1 U 38
40 0 U 39
41 1 U 40
42 0 U -1
43 0 U 42
44 0 U 43
45 0 U 44
46 1 U 45
47 1 U 46
48 0 U 47
# score :124 1169353
# W : 546178 , H : 580084 W + H : 1126262
49
0 0 U -1
1 1 U 0
2 0 U 1
3 0 U 2
4 1 U 3
5 1 U 4
6 0 U 5
7 0 U -1
8 1 U 7
9 0 U 8
10 1 U 9
11 0 U 10
12 1 U 11
13 1 U 12
14 1 U -1
15 0 U 14
16 1 U 15
17 0 U 16
18 1 U 17
19 1 U 18
20 1 U 19
21 0 U -1
22 0 U 21
23 1 U 22
24 0 U 23
25 0 U 24
26 0 U 25
27 1 U 26
28 1 U -1
29 1 U 28
30 0 U 29
31 0 U 30
32 0 U 31
33 1 U 32
34 0 U 33
35 1 U -1
36 0 U 35
37 1 U 36
38 0 U 37
39 0 U 38
40 0 U 39
41 1 U 40
42 1 U -1
43 0 U 42
44 0 U 43
45 0 U 44
46 1 U 45
47 0 U 46
48 0 U 47
# score :125 1141714
# W : 532844 , H : 581005 W + H : 1113849
49
0 0 U -1
1 0 U 0
2 1 U 1
3 0 U 2
4 1 U 3
5 0 U 4
6 1 U 5
7 1 U -1
8 1 U 7
9 1 U 8
10 0 U 9
11 1 U 10
12 0 U 11
13 0 U 12
14 1 U -1
15 1 U 14
16 0 U 15
17 0 U 16
18 0 U 17
19 0 U 18
20 0 U 19
21 0 U -1
22 0 U 21
23 1 U 22
24 0 U 23
25 0 U 24
26 0 U 25
27 1 U 26
28 1 U -1
29 0 U 28
30 1 U 29
31 1 U 30
32 0 U 31
33 0 U 32
34 0 U 33
35 1 U -1
36 1 U 35
37 0 U 36
38 1 U 37
39 1 U 38
40 1 U 39
41 1 U 40
42 1 U -1
43 0 U 42
44 1 U 43
45 0 U 44
46 0 U 45
47 1 U 46
48 0 U 47
