47
0 0 U -1
1 0 U 0
2 0 U 1
3 0 U 2
4 0 U 3
5 0 U 4
6 0 U -1
7 0 U 6
8 0 U 7
9 0 U 8
10 0 U 9
11 0 U 10
12 0 U -1
13 0 U 12
14 0 U 13
15 0 U 14
16 0 U 15
17 0 U 16
18 0 U -1
19 0 U 18
20 0 U 19
21 0 U 20
22 0 U 21
23 0 U 22
24 0 U -1
25 0 U 24
26 0 U 25
27 0 U 26
28 0 U 27
29 0 U 28
30 0 U -1
31 0 U 30
32 0 U 31
33 0 U 32
34 0 U 33
35 0 U 34
36 0 U -1
37 0 U 36
38 0 U 37
39 0 U 38
40 0 U 39
41 0 U 40
42 0 U -1
43 0 U 42
44 0 U 43
45 0 U 44
46 0 U 45
# score :0 1234960
# W : 463327 , H : 666504 W + H : 1129831
47
0 1 U -1
1 1 U 0
2 0 U 1
3 1 U 2
4 0 U 3
5 0 U 4
6 0 U -1
7 0 U 6
8 0 U 7
9 1 U 8
10 1 U 9
11 0 U 10
12 1 U -1
13 0 U 12
14 1 U 13
15 1 U 14
16 0 U 15
17 1 U 16
18 0 U -1
19 1 U 18
20 1 U 19
21 0 U 20
22 1 U 21
23 0 U 22
24 1 U -1
25 0 U 24
26 0 U 25
27 1 U 26
28 0 U 27
29 1 U 28
30 1 U -1
31 0 U 30
32 0 U 31
33 0 U 32
34 1 U 33
35 1 U 34
36 1 U -1
37 1 U 36
38 0 U 37
39 1 U 38
40 0 U 39
41 0 U 40
42 1 U -1
43 0 U 42
44 1 U 43
45 0 U 44
46 1 U 45
# score :1 1159464
# W : 547451 , H : 594888 W + H : 1142339
47
0 0 U -1
1 0 U 0
2 0 U 1
3 0 U 2
4 0 U 3
5 0 U 4
6 0 U -1
7 0 U 6
8 0 U 7
9 0 U 8
10 0 U 9
11 0 U 10
12 0 U -1
13 0 U 12
14 0 U 13
15 0 U 14
16 0 U 15
17 0 U 16
18 0 U -1
19 0 U 18
20 0 U 19
21 0 U 20
22 0 U 21
23 0 U 22
24 0 U -1
25 0 U 24
26 0 U 25
27 0 U 26
28 0 U 27
29 0 U 28
30 0 U -1
31 0 U 30
32 0 U 31
33 0 U 32
34 0 U 33
35 0 U 34
36 0 L 30
37 0 L 31
38 0 L 32
39 0 L 33
40 0 L 34
41 0 L 35
42 0 U -1
43 0 U 42
44 0 U 43
45 0 U 44
46 0 U 45
# score :2 1372109
# W : 749772 , H : 691268 W + H : 1441040
47
0 1 U -1
1 1 U 0
2 0 U 1
3 1 U 2
4 0 U 3
5 0 U 4
6 0 U -1
7 0 U 6
8 0 U 7
9 1 U 8
10 1 U 9
11 0 U 10
12 1 U -1
13 0 U 12
14 1 U 13
15 1 U 14
16 0 U 15
17 1 U 16
18 0 U -1
19 1 U 18
20 1 U 19
21 0 U 20
22 1 U 21
23 0 U 22
24 1 U -1
25 0 U 24
26 0 U 25
27 1 U 26
28 0 U 27
29 1 U 28
30 1 U -1
31 0 U 30
32 0 U 31
33 0 U 32
34 1 U 33
35 1 U 34
36 1 L 30
37 1 L 31
38 0 L 32
39 1 L 33
40 0 L 34
41 0 L 35
42 1 U -1
43 0 U 42
44 1 U 43
45 0 U 44
46 1 U 45
# score :3 1372168
# W : 1023742 , H : 527069 W + H : 1550811
47
0 0 U -1
1 0 U 0
2 0 U 1
3 0 U 2
4 0 U 3
5 0 U 4
6 0 U -1
7 0 U 6
8 0 U 7
9 0 U 8
10 0 U 9
11 0 U 10
12 0 U -1
13 0 U 12
14 0 U 13
15 0 U 14
16 0 U 15
17 0 U 16
18 0 U -1
19 0 U 18
20 0 U 19
21 0 U 20
22 0 U 21
23 0 U 22
24 0 U -1
25 0 U 24
26 0 U 25
27 0 U 26
28 0 U 27
29 0 U 28
30 0 U -1
31 0 U 30
32 0 U 31
33 0 U 32
34 0 U 33
35 0 U 34
36 0 L 24
37 0 L 25
38 0 L 26
39 0 L 27
40 0 L 28
41 0 L 29
42 0 U -1
43 0 U 42
44 0 U 43
45 0 U 44
46 0 U 45
# score :4 1464906
# W : 904561 , H : 595529 W + H : 1500090
47
0 1 U -1
1 1 U 0
2 0 U 1
3 1 U 2
4 0 U 3
5 0 U 4
6 0 U -1
7 0 U 6
8 0 U 7
9 1 U 8
10 1 U 9
11 0 U 10
12 1 U -1
13 0 U 12
14 1 U 13
15 1 U 14
16 0 U 15
17 1 U 16
18 0 U -1
19 1 U 18
20 1 U 19
21 0 U 20
22 1 U 21
23 0 U 22
24 1 U -1
25 0 U 24
26 0 U 25
27 1 U 26
28 0 U 27
29 1 U 28
30 1 U -1
31 0 U 30
32 0 U 31
33 0 U 32
34 1 U 33
35 1 U 34
36 1 L 24
37 1 L 25
38 0 L 26
39 1 L 27
40 0 L 28
41 0 L 29
42 1 U -1
43 0 U 42
44 1 U 43
45 0 U 44
46 1 U 45
# score :5 1565634
# W : 938730 , H : 531290 W + H : 1470020
47
0 0 U -1
1 0 U 0
2 0 U 1
3 0 U 2
4 0 U 3
5 0 U 4
6 0 U -1
7 0 U 6
8 0 U 7
9 0 U 8
10 0 U 9
11 0 U 10
12 0 U -1
13 0 U 12
14 0 U 13
15 0 U 14
16 0 U 15
17 0 U 16
18 0 U -1
19 0 U 18
20 0 U 19
21 0 U 20
22 0 U 21
23 0 U 22
24 0 U -1
25 0 U 24
26 0 U 25
27 0 U 26
28 0 U 27
29 0 U 28
30 0 U -1
31 0 U 30
32 0 U 31
33 0 U 32
34 0 U 33
35 0 U 34
36 0 L 24
37 0 L 25
38 0 L 26
39 0 L 27
40 0 L 28
41 0 L 29
42 0 U -1
43 0 U 42
44 0 U 43
45 0 U 44
46 0 U 45
# score :6 1524966
# W : 911951 , H : 599346 W + H : 1511297
47
0 1 U -1
1 1 U 0
2 0 U 1
3 1 U 2
4 0 U 3
5 0 U 4
6 0 U -1
7 0 U 6
8 0 U 7
9 1 U 8
10 1 U 9
11 0 U 10
12 1 U -1
13 0 U 12
14 1 U 13
15 1 U 14
16 0 U 15
17 1 U 16
18 0 U -1
19 1 U 18
20 1 U 19
21 0 U 20
22 1 U 21
23 0 U 22
24 1 U -1
25 0 U 24
26 0 U 25
27 1 U 26
28 0 U 27
29 1 U 28
30 1 U -1
31 0 U 30
32 0 U 31
33 0 U 32
34 1 U 33
35 1 U 34
36 1 L 24
37 1 L 25
38 0 L 26
39 1 L 27
40 0 L 28
41 0 L 29
42 1 U -1
43 0 U 42
44 1 U 43
45 0 U 44
46 1 U 45
# score :7 1590894
# W : 938387 , H : 530183 W + H : 1468570
47
0 0 U -1
1 0 U 0
2 0 U 1
3 0 U 2
4 0 U 3
5 0 U 4
6 1 U -1
7 0 U 6
8 1 U 7
9 0 U 8
10 1 U 9
11 1 U 10
12 1 U -1
13 0 U 12
14 0 U 13
15 1 U 14
16 0 U 15
17 0 U 16
18 1 U -1
19 0 U 18
20 0 U 19
21 1 U 20
22 1 U 21
23 1 U 22
24 1 U -1
25 1 U 24
26 0 U 25
27 0 U 26
28 0 U 27
29 0 U 28
30 0 U -1
31 0 U 30
32 1 U 31
33 1 U 32
34 1 U 33
35 0 U 34
36 1 U -1
37 1 U 36
38 0 U 37
39 1 U 38
40 0 U 39
41 1 U 40
42 0 U -1
43 1 U 42
44 1 U 43
45 1 U 44
46 0 U 45
# score :8 1184145
# W : 496311 , H : 666096 W + H : 1162407
47
0 0 U -1
1 1 U 0
2 1 U 1
3 1 U 2
4 0 U 3
5 1 U 4
6 0 U -1
7 0 U 6
8 1 U 7
9 0 U 8
10 0 U 9
11 0 U 10
12 1 U -1
13 0 U 12
14 1 U 13
15 0 U 14
16 0 U 15
17 1 U 16
18 1 U -1
19 1 U 18
20 1 U 19
21 0 U 20
22 1 U 21
23 1 U 22
24 1 U -1
25 1 U 24
26 0 U 25
27 1 U 26
28 0 U 27
29 0 U 28
30 0 U -1
31 1 U 30
32 1 U 31
33 0 U 32
34 0 U 33
35 1 U 34
36 1 U -1
37 1 U 36
38 1 U 37
39 1 U 38
40 1 U 39
41 0 U 40
42 0 U -1
43 1 U 42
44 1 U 43
45 0 U 44
46 1 U 45
# score :9 1192604
# W : 528127 , H : 638557 W + H : 1166684
47
0 1 U -1
1 0 U 0
2 0 U 1
3 1 U 2
4 1 U 3
5 0 U 4
6 1 U -1
7 1 U 6
8 0 U 7
9 1 U 8
10 1 U 9
11 1 U 10
12 1 U -1
13 0 U 12
14 0 U 13
15 0 U 14
16 1 U 15
17 0 U 16
18 1 U -1
19 1 U 18
20 1 U 19
21 0 U 20
22 1 U 21
23 1 U 22
24 0 U -1
25 1 U 24
26 0 U 25
27 1 U 26
28 0 U 27
29 1 U 28
30 0 U -1
31 0 U 30
32 0 U 31
33 1 U 32
34 0 U 33
35 0 U 34
36 1 L 30
37 0 L 31
38 1 L 32
39 0 L 33
40 1 L 34
41 1 L 35
42 0 U -1
43 0 U 42
44 1 U 43
45 0 U 44
46 1 U 45
# score :10 1307871
# W : 680263 , H : 637815 W + H : 1318078
47
0 0 U -1
1 1 U 0
2 0 U 1
3 1 U 2
4 1 U 3
5 1 U 4
6 0 U -1
7 1 U 6
8 1 U 7
9 1 U 8
10 1 U 9
11 0 U 10
12 0 U -1
13 1 U 12
14 1 U 13
15 1 U 14
16 1 U 15
17 0 U 16
18 1 U -1
19 1 U 18
20 1 U 19
21 0 U 20
22 0 U 21
23 1 U 22
24 0 U -1
25 1 U 24
26 1 U 25
27 0 U 26
28 1 U 27
29 1 U 28
30 1 U -1
31 0 U 30
32 0 U 31
33 1 U 32
34 0 U 33
35 0 U 34
36 1 L 30
37 0 L 31
38 0 L 32
39 1 L 33
40 0 L 34
41 1 L 35
42 0 U -1
43 1 U 42
44 0 U 43
45 0 U 44
46 1 U 45
# score :11 1482339
# W : 868464 , H : 597417 W + H : 1465881
47
0 0 U -1
1 0 U 0
2 0 U 1
3 1 U 2
4 1 U 3
5 0 U 4
6 0 U -1
7 1 U 6
8 1 U 7
9 1 U 8
10 1 U 9
11 0 U 10
12 0 U -1
13 1 U 12
14 1 U 13
15 1 U 14
16 1 U 15
17 0 U 16
18 1 U -1
19 0 U 18
20 0 U 19
21 1 U 20
22 0 U 21
23 0 U 22
24 0 U -1
25 0 U 24
26 1 U 25
27 0 U 26
28 0 U 27
29 1 U 28
30 0 U -1
31 0 U 30
32 1 U 31
33 0 U 32
34 1 U 33
35 1 U 34
36 0 L 24
37 1 L 25
38 1 L 26
39 0 L 27
40 0 L 28
41 0 L 29
42 1 U -1
43 0 U 42
44 0 U 43
45 0 U 44
46 1 U 45
# score :12 1461054
# W : 827515 , H : 645310 W + H : 1472825
47
0 0 U -1
1 1 U 0
2 0 U 1
3 1 U 2
4 0 U 3
5 0 U 4
6 0 U -1
7 0 U 6
8 0 U 7
9 1 U 8
10 0 U 9
11 1 U 10
12 1 U -1
13 1 U 12
14 0 U 13
15 0 U 14
16 0 U 15
17 0 U 16
18 0 U -1
19 0 U 18
20 0 U 19
21 0 U 20
22 0 U 21
23 0 U 22
24 0 U -1
25 1 U 24
26 0 U 25
27 0 U 26
28 1 U 27
29 0 U 28
30 0 U -1
31 1 U 30
32 0 U 31
33 0 U 32
34 1 U 33
35 1 U 34
36 0 L 24
37 1 L 25
38 0 L 26
39 0 L 27
40 1 L 28
41 1 L 29
42 1 U -1
43 0 U 42
44 0 U 43
45 0 U 44
46 1 U 45
# score :13 1562431
# W : 796653 , H : 593652 W + H : 1390305
47
0 0 U -1
1 0 U 0
2 1 U 1
3 1 U 2
4 0 U 3
5 0 U 4
6 0 U -1
7 0 U 6
8 0 U 7
9 0 U 8
10 0 U 9
11 0 U 10
12 1 U -1
13 0 U 12
14 0 U 13
15 1 U 14
16 0 U 15
17 1 U 16
18 1 U -1
19 1 U 18
20 0 U 19
21 0 U 20
22 0 U 21
23 0 U 22
24 1 U -1
25 0 U 24
26 1 U 25
27 1 U 26
28 0 U 27
29 0 U 28
30 1 U -1
31 1 U 30
32 0 U 31
33 0 U 32
34 1 U 33
35 1 U 34
36 1 L 24
37 0 L 25
38 1 L 26
39 1 L 27
40 0 L 28
41 1 L 29
42 1 U -1
43 0 U 42
44 1 U 43
45 1 U 44
46 1 U 45
# score :14 1483323
# W : 912491 , H : 570295 W + H : 1482786
47
0 1 U -1
1 0 U 0
2 0 U 1
3 1 U 2
4 0 U 3
5 0 U 4
6 1 U -1
7 0 U 6
8 0 U 7
9 0 U 8
10 0 U 9
11 1 U 10
12 0 U -1
13 1 U 12
14 1 U 13
15 1 U 14
16 1 U 15
17 0 U 16
18 0 U -1
19 0 U 18
20 0 U 19
21 0 U 20
22 1 U 21
23 0 U 22
24 0 U -1
25 0 U 24
26 0 U 25
27 1 U 26
28 0 U 27
29 0 U 28
30 0 U -1
31 1 U 30
32 1 U 31
33 0 U 32
34 0 U 33
35 1 U 34
36 1 L 24
37 0 L 25
38 0 L 26
39 1 L 27
40 0 L 28
41 0 L 29
42 1 U -1
43 1 U 42
44 1 U 43
45 0 U 44
46 0 U 45
# score :15 1521761
# W : 828438 , H : 562057 W + H : 1390495
47
0 0 U -1
1 1 U 0
2 0 U 1
3 1 U 2
4 1 U 3
5 1 U 4
6 1 U -1
7 0 U 6
8 1 U 7
9 1 U 8
10 1 U 9
11 0 U 10
12 1 U -1
13 0 U 12
14 0 U 13
15 0 U 14
16 1 U 15
17 0 U 16
18 0 U -1
19 1 U 18
20 0 U 19
21 0 U 20
22 1 U 21
23 0 U 22
24 1 U -1
25 1 U 24
26 0 U 25
27 0 U 26
28 0 U 27
29 0 U 28
30 1 U -1
31 1 U 30
32 1 U 31
33 1 U 32
34 1 U 33
35 0 U 34
36 1 U -1
37 0 U 36
38 0 U 37
39 1 U 38
40 1 U 39
41 1 U 40
42 0 U -1
43 0 U 42
44 0 U 43
45 1 U 44
46 0 U 45
# score :16 1198711
# W : 471692 , H : 680038 W + H : 1151730
47
0 0 U -1
1 1 U 0
2 1 U 1
3 1 U 2
4 0 U 3
5 0 U 4
6 0 U -1
7 1 U 6
8 1 U 7
9 1 U 8
10 1 U 9
11 1 U 10
12 1 U -1
13 0 U 12
14 0 U 13
15 1 U 14
16 1 U 15
17 0 U 16
18 1 U -1
19 0 U 18
20 1 U 19
21 1 U 20
22 0 U 21
23 0 U 22
24 1 U -1
25 1 U 24
26 0 U 25
27 1 U 26
28 0 U 27
29 0 U 28
30 1 U -1
31 0 U 30
32 0 U 31
33 1 U 32
34 1 U 33
35 0 U 34
36 0 U -1
37 1 U 36
38 0 U 37
39 1 U 38
40 0 U 39
41 1 U 40
42 1 U -1
43 1 U 42
44 1 U 43
45 1 U 44
46 0 U 45
# score :17 1222769
# W : 480934 , H : 655220 W + H : 1136154
47
0 0 U -1
1 0 U 0
2 0 U 1
3 0 U 2
4 1 U 3
5 1 U 4
6 0 U -1
7 0 U 6
8 1 U 7
9 1 U 8
10 0 U 9
11 1 U 10
12 1 U -1
13 1 U 12
14 1 U 13
15 1 U 14
16 1 U 15
17 0 U 16
18 1 U -1
19 0 U 18
20 0 U 19
21 0 U 20
22 0 U 21
23 1 U 22
24 0 U -1
25 0 U 24
26 0 U 25
27 0 U 26
28 0 U 27
29 0 U 28
30 1 U -1
31 0 U 30
32 1 U 31
33 1 U 32
34 0 U 33
35 0 U 34
36 0 L 30
37 0 L 31
38 1 L 32
39 1 L 33
40 1 L 34
41 1 L 35
42 1 U -1
43 1 U 42
44 0 U 43
45 0 U 44
46 1 U 45
# score :18 1372122
# W : 822483 , H : 608498 W + H : 1430981
47
0 1 U -1
1 1 U 0
2 1 U 1
3 1 U 2
4 0 U 3
5 0 U 4
6 1 U -1
7 0 U 6
8 1 U 7
9 0 U 8
10 1 U 9
11 1 U 10
12 1 U -1
13 0 U 12
14 0 U 13
15 0 U 14
16 1 U 15
17 0 U 16
18 0 U -1
19 0 U 18
20 0 U 19
21 1 U 20
22 0 U 21
23 1 U 22
24 1 U -1
25 0 U 24
26 0 U 25
27 1 U 26
28 1 U 27
29 0 U 28
30 1 U -1
31 0 U 30
32 1 U 31
33 1 U 32
34 0 U 33
35 1 U 34
36 1 L 30
37 1 L 31
38 0 L 32
39 0 L 33
40 0 L 34
41 1 L 35
42 1 U -1
43 1 U 42
44 1 U 43
45 1 U 44
46 0 U 45
# score :19 1478305
# W : 886502 , H : 613137 W + H : 1499639
47
0 1 U -1
1 0 U 0
2 0 U 1
3 0 U 2
4 1 U 3
5 1 U 4
6 1 U -1
7 1 U 6
8 1 U 7
9 0 U 8
10 0 U 9
11 0 U 10
12 0 U -1
13 0 U 12
14 0 U 13
15 1 U 14
16 0 U 15
17 1 U 16
18 0 U -1
19 0 U 18
20 1 U 19
21 1 U 20
22 0 U 21
23 0 U 22
24 0 U -1
25 0 U 24
26 0 U 25
27 1 U 26
28 0 U 27
29 1 U 28
30 1 U -1
31 0 U 30
32 1 U 31
33 0 U 32
34 1 U 33
35 1 U 34
36 0 L 24
37 1 L 25
38 1 L 26
39 0 L 27
40 1 L 28
41 0 L 29
42 0 U -1
43 1 U 42
44 0 U 43
45 0 U 44
46 0 U 45
# score :20 1519981
# W : 947552 , H : 596576 W + H : 1544128
47
0 0 U -1
1 0 U 0
2 0 U 1
3 1 U 2
4 0 U 3
5 0 U 4
6 1 U -1
7 0 U 6
8 0 U 7
9 1 U 8
10 0 U 9
11 1 U 10
12 1 U -1
13 1 U 12
14 0 U 13
15 1 U 14
16 1 U 15
17 1 U 16
18 0 U -1
19 1 U 18
20 0 U 19
21 1 U 20
22 1 U 21
23 1 U 22
24 1 U -1
25 0 U 24
26 1 U 25
27 0 U 26
28 1 U 27
29 1 U 28
30 1 U -1
31 0 U 30
32 1 U 31
33 1 U 32
34 0 U 33
35 0 U 34
36 0 L 24
37 0 L 25
38 0 L 26
39 0 L 27
40 1 L 28
41 0 L 29
42 1 U -1
43 1 U 42
44 1 U 43
45 0 U 44
46 0 U 45
# score :21 1425826
# W : 836958 , H : 593001 W + H : 1429959
47
0 1 U -1
1 1 U 0
2 1 U 1
3 0 U 2
4 0 U 3
5 0 U 4
6 1 U -1
7 0 U 6
8 1 U 7
9 1 U 8
10 0 U 9
11 0 U 10
12 0 U -1
13 0 U 12
14 1 U 13
15 1 U 14
16 1 U 15
17 1 U 16
18 1 U -1
19 0 U 18
20 1 U 19
21 0 U 20
22 0 U 21
23 1 U 22
24 0 U -1
25 1 U 24
26 1 U 25
27 1 U 26
28 0 U 27
29 1 U 28
30 1 U -1
31 1 U 30
32 1 U 31
33 1 U 32
34 1 U 33
35 0 U 34
36 0 L 24
37 0 L 25
38 1 L 26
39 1 L 27
40 1 L 28
41 0 L 29
42 1 U -1
43 0 U 42
44 1 U 43
45 0 U 44
46 1 U 45
# score :22 1550943
# W : 854197 , H : 640596 W + H : 1494793
47
0 0 U -1
1 0 U 0
2 1 U 1
3 0 U 2
4 0 U 3
5 0 U 4
6 0 U -1
7 0 U 6
8 1 U 7
9 1 U 8
10 0 U 9
11 1 U 10
12 1 U -1
13 1 U 12
14 1 U 13
15 1 U 14
16 0 U 15
17 0 U 16
18 1 U -1
19 0 U 18
20 1 U 19
21 0 U 20
22 1 U 21
23 0 U 22
24 0 U -1
25 1 U 24
26 1 U 25
27 1 U 26
28 1 U 27
29 1 U 28
30 1 U -1
31 0 U 30
32 1 U 31
33 1 U 32
34 1 U 33
35 0 U 34
36 0 L 24
37 1 L 25
38 1 L 26
39 1 L 27
40 0 L 28
41 0 L 29
42 1 U -1
43 1 U 42
44 0 U 43
45 1 U 44
46 0 U 45
# score :23 1493767
# W : 937456 , H : 594123 W + H : 1531579
47
0 0 U -1
1 1 U 0
2 0 U 1
3 0 U 2
4 1 U 3
5 1 U 4
6 1 U -1
7 0 U 6
8 1 U 7
9 1 U 8
10 0 U 9
11 1 U 10
12 1 U -1
13 0 U 12
14 0 U 13
15 1 U 14
16 0 U 15
17 0 U 16
18 0 U -1
19 1 U 18
20 0 U 19
21 0 U 20
22 0 U 21
23 0 U 22
24 1 U -1
25 0 U 24
26 0 U 25
27 1 U 26
28 0 U 27
29 1 U 28
30 0 U -1
31 0 U 30
32 1 U 31
33 0 U 32
34 1 U 33
35 0 U 34
36 1 U -1
37 0 U 36
38 0 U 37
39 0 U 38
40 1 U 39
41 0 U 40
42 0 U -1
43 0 U 42
44 1 U 43
45 0 U 44
46 1 U 45
# score :24 1238393
# W : 490380 , H : 673145 W + H : 1163525
47
0 0 U -1
1 0 U 0
2 0 U 1
3 1 U 2
4 1 U 3
5 0 U 4
6 1 U -1
7 1 U 6
8 0 U 7
9 0 U 8
10 0 U 9
11 0 U 10
12 0 U -1
13 0 U 12
14 1 U 13
15 1 U 14
16 0 U 15
17 0 U 16
18 0 U -1
19 1 U 18
20 0 U 19
21 0 U 20
22 0 U 21
23 1 U 22
24 1 U -1
25 1 U 24
26 0 U 25
27 1 U 26
28 1 U 27
29 1 U 28
30 0 U -1
31 0 U 30
32 0 U 31
33 1 U 32
34 1 U 33
35 0 U 34
36 0 U -1
37 0 U 36
38 0 U 37
39 0 U 38
40 1 U 39
41 0 U 40
42 1 U -1
43 0 U 42
44 1 U 43
45 1 U 44
46 0 U 45
# score :25 1190368
# W : 470060 , H : 713356 W + H : 1183416
47
0 1 U -1
1 1 U 0
2 0 U 1
3 0 U 2
4 1 U 3
5 0 U 4
6 1 U -1
7 1 U 6
8 0 U 7
9 1 U 8
10 1 U 9
11 1 U 10
12 0 U -1
13 0 U 12
14 1 U 13
15 1 U 14
16 0 U 15
17 0 U 16
18 0 U -1
19 1 U 18
20 1 U 19
21 1 U 20
22 0 U 21
23 0 U 22
24 0 U -1
25 1 U 24
26 1 U 25
27 1 U 26
28 0 U 27
29 0 U 28
30 1 U -1
31 1 U 30
32 1 U 31
33 1 U 32
34 1 U 33
35 0 U 34
36 0 L 30
37 1 L 31
38 1 L 32
39 0 L 33
40 1 L 34
41 0 L 35
42 0 U -1
43 0 U 42
44 1 U 43
45 1 U 44
46 1 U 45
# score :26 1540137
# W : 898021 , H : 624658 W + H : 1522679
47
0 1 U -1
1 0 U 0
2 1 U 1
3 0 U 2
4 0 U 3
5 1 U 4
6 0 U -1
7 0 U 6
8 1 U 7
9 1 U 8
10 1 U 9
11 1 U 10
12 0 U -1
13 0 U 12
14 1 U 13
15 1 U 14
16 1 U 15
17 0 U 16
18 1 U -1
19 1 U 18
20 1 U 19
21 0 U 20
22 1 U 21
23 0 U 22
24 1 U -1
25 0 U 24
26 1 U 25
27 0 U 26
28 1 U 27
29 1 U 28
30 0 U -1
31 0 U 30
32 1 U 31
33 1 U 32
34 1 U 33
35 1 U 34
36 0 L 30
37 0 L 31
38 0 L 32
39 0 L 33
40 1 L 34
41 1 L 35
42 1 U -1
43 1 U 42
44 0 U 43
45 0 U 44
46 0 U 45
# score :27 1372137
# W : 803274 , H : 630206 W + H : 1433480
47
0 1 U -1
1 1 U 0
2 0 U 1
3 1 U 2
4 1 U 3
5 0 U 4
6 1 U -1
7 1 U 6
8 0 U 7
9 1 U 8
10 1 U 9
11 0 U 10
12 1 U -1
13 0 U 12
14 1 U 13
15 0 U 14
16 0 U 15
17 1 U 16
18 0 U -1
19 1 U 18
20 1 U 19
21 1 U 20
22 0 U 21
23 0 U 22
24 0 U -1
25 1 U 24
26 1 U 25
27 1 U 26
28 0 U 27
29 1 U 28
30 0 U -1
31 1 U 30
32 0 U 31
33 0 U 32
34 1 U 33
35 0 U 34
36 1 L 24
37 0 L 25
38 1 L 26
39 1 L 27
40 1 L 28
41 1 L 29
42 1 U -1
43 1 U 42
44 1 U 43
45 0 U 44
46 1 U 45
# score :28 1524077
# W : 871155 , H : 559482 W + H : 1430637
47
0 0 U -1
1 0 U 0
2 0 U 1
3 1 U 2
4 0 U 3
5 0 U 4
6 0 U -1
7 1 U 6
8 1 U 7
9 0 U 8
10 1 U 9
11 1 U 10
12 0 U -1
13 1 U 12
14 1 U 13
15 1 U 14
16 1 U 15
17 1 U 16
18 1 U -1
19 0 U 18
20 0 U 19
21 1 U 20
22 0 U 21
23 1 U 22
24 1 U -1
25 0 U 24
26 0 U 25
27 1 U 26
28 0 U 27
29 0 U 28
30 0 U -1
31 0 U 30
32 0 U 31
33 1 U 32
34 1 U 33
35 0 U 34
36 0 L 24
37 1 L 25
38 0 L 26
39 1 L 27
40 1 L 28
41 0 L 29
42 0 U -1
43 1 U 42
44 0 U 43
45 1 U 44
46 0 U 45
# score :29 1522962
# W : 820674 , H : 594987 W + H : 1415661
47
0 1 U -1
1 1 U 0
2 1 U 1
3 1 U 2
4 1 U 3
5 0 U 4
6 1 U -1
7 0 U 6
8 0 U 7
9 0 U 8
10 1 U 9
11 0 U 10
12 1 U -1
13 0 U 12
14 0 U 13
15 0 U 14
16 1 U 15
17 1 U 16
18 1 U -1
19 0 U 18
20 0 U 19
21 1 U 20
22 1 U 21
23 0 U 22
24 1 U -1
25 1 U 24
26 0 U 25
27 0 U 26
28 0 U 27
29 1 U 28
30 0 U -1
31 1 U 30
32 0 U 31
33 1 U 32
34 0 U 33
35 1 U 34
36 1 L 24
37 1 L 25
38 0 L 26
39 0 L 27
40 1 L 28
41 1 L 29
42 0 U -1
43 1 U 42
44 1 U 43
45 0 U 44
46 1 U 45
# score :30 1411053
# W : 773268 , H : 578179 W + H : 1351447
47
0 1 U -1
1 0 U 0
2 1 U 1
3 1 U 2
4 1 U 3
5 1 U 4
6 1 U -1
7 0 U 6
8 0 U 7
9 1 U 8
10 0 U 9
11 0 U 10
12 1 U -1
13 0 U 12
14 1 U 13
15 0 U 14
16 1 U 15
17 0 U 16
18 0 U -1
19 0 U 18
20 1 U 19
21 1 U 20
22 0 U 21
23 0 U 22
24 1 U -1
25 0 U 24
26 1 U 25
27 0 U 26
28 0 U 27
29 1 U 28
30 0 U -1
31 1 U 30
32 1 U 31
33 1 U 32
34 1 U 33
35 0 U 34
36 1 L 24
37 0 L 25
38 0 L 26
39 0 L 27
40 0 L 28
41 0 L 29
42 1 U -1
43 0 U 42
44 1 U 43
45 0 U 44
46 0 U 45
# score :31 1462074
# W : 708916 , H : 605979 W + H : 1314895
47
0 0 U -1
1 1 U 0
2 1 U 1
3 1 U 2
4 1 U 3
5 1 U 4
6 1 U -1
7 1 U 6
8 0 U 7
9 0 U 8
10 1 U 9
11 0 U 10
12 0 U -1
13 0 U 12
14 0 U 13
15 1 U 14
16 0 U 15
17 1 U 16
18 1 U -1
19 1 U 18
20 0 U 19
21 1 U 20
22 1 U 21
23 0 U 22
24 1 U -1
25 1 U 24
26 0 U 25
27 0 U 26
28 1 U 27
29 1 U 28
30 0 U -1
31 1 U 30
32 0 U 31
33 1 U 32
34 0 U 33
35 1 U 34
36 1 U -1
37 0 U 36
38 0 U 37
39 0 U 38
40 0 U 39
41 1 U 40
42 0 U -1
43 1 U 42
44 1 U 43
45 1 U 44
46 1 U 45
# score :32 1189718
# W : 472339 , H : 679338 W + H : 1151677
47
0 1 U -1
1 1 U 0
2 1 U 1
3 0 U 2
4 1 U 3
5 0 U 4
6 1 U -1
7 0 U 6
8 1 U 7
9 0 U 8
10 1 U 9
11 0 U 10
12 1 U -1
13 1 U 12
14 1 U 13
15 0 U 14
16 0 U 15
17 1 U 16
18 1 U -1
19 0 U 18
20 0 U 19
21 0 U 20
22 0 U 21
23 1 U 22
24 0 U -1
25 1 U 24
26 1 U 25
27 0 U 26
28 1 U 27
29 0 U 28
30 1 U -1
31 0 U 30
32 1 U 31
33 0 U 32
34 1 U 33
35 0 U 34
36 0 U -1
37 0 U 36
38 0 U 37
39 1 U 38
40 1 U 39
41 1 U 40
42 0 U -1
43 1 U 42
44 1 U 43
45 1 U 44
46 0 U 45
# score :33 1191105
# W : 461285 , H : 694664 W + H : 1155949
47
0 0 U -1
1 1 U 0
2 1 U 1
3 1 U 2
4 1 U 3
5 1 U 4
6 1 U -1
7 1 U 6
8 1 U 7
9 1 U 8
10 0 U 9
11 1 U 10
12 1 U -1
13 1 U 12
14 0 U 13
15 1 U 14
16 0 U 15
17 0 U 16
18 0 U -1
19 1 U 18
20 1 U 19
21 1 U 20
22 1 U 21
23 1 U 22
24 1 U -1
25 1 U 24
26 0 U 25
27 1 U 26
28 0 U 27
29 1 U 28
30 1 U -1
31 1 U 30
32 0 U 31
33 0 U 32
34 0 U 33
35 0 U 34
36 1 L 30
37 0 L 31
38 0 L 32
39 0 L 33
40 0 L 34
41 1 L 35
42 1 U -1
43 1 U 42
44 1 U 43
45 0 U 44
46 0 U 45
# score :34 1400985
# W : 867194 , H : 592478 W + H : 1459672
47
0 1 U -1
1 1 U 0
2 1 U 1
3 1 U 2
4 0 U 3
5 0 U 4
6 1 U -1
7 1 U 6
8 0 U 7
9 0 U 8
10 0 U 9
11 1 U 10
12 0 U -1
13 1 U 12
14 0 U 13
15 1 U 14
16 1 U 15
17 1 U 16
18 0 U -1
19 0 U 18
20 1 U 19
21 0 U 20
22 1 U 21
23 1 U 22
24 0 U -1
25 0 U 24
26 0 U 25
27 1 U 26
28 1 U 27
29 1 U 28
30 0 U -1
31 0 U 30
32 0 U 31
33 0 U 32
34 0 U 33
35 1 U 34
36 0 L 30
37 1 L 31
38 0 L 32
39 0 L 33
40 1 L 34
41 1 L 35
42 1 U -1
43 1 U 42
44 1 U 43
45 1 U 44
46 1 U 45
# score :35 1317534
# W : 805478 , H : 589768 W + H : 1395246
47
0 1 U -1
1 0 U 0
2 1 U 1
3 1 U 2
4 0 U 3
5 0 U 4
6 1 U -1
7 0 U 6
8 0 U 7
9 1 U 8
10 0 U 9
11 1 U 10
12 0 U -1
13 1 U 12
14 1 U 13
15 0 U 14
16 0 U 15
17 1 U 16
18 1 U -1
19 0 U 18
20 1 U 19
21 0 U 20
22 1 U 21
23 1 U 22
24 1 U -1
25 1 U 24
26 0 U 25
27 0 U 26
28 1 U 27
29 1 U 28
30 0 U -1
31 0 U 30
32 1 U 31
33 0 U 32
34 0 U 33
35 1 U 34
36 0 L 24
37 0 L 25
38 1 L 26
39 0 L 27
40 1 L 28
41 0 L 29
42 1 U -1
43 1 U 42
44 1 U 43
45 1 U 44
46 1 U 45
# score :36 1403414
# W : 903172 , H : 555737 W + H : 1458909
47
0 0 U -1
1 1 U 0
2 0 U 1
3 0 U 2
4 1 U 3
5 0 U 4
6 0 U -1
7 1 U 6
8 1 U 7
9 0 U 8
10 0 U 9
11 0 U 10
12 0 U -1
13 1 U 12
14 0 U 13
15 1 U 14
16 1 U 15
17 1 U 16
18 1 U -1
19 0 U 18
20 1 U 19
21 0 U 20
22 0 U 21
23 0 U 22
24 1 U -1
25 1 U 24
26 0 U 25
27 1 U 26
28 0 U 27
29 1 U 28
30 0 U -1
31 1 U 30
32 1 U 31
33 1 U 32
34 0 U 33
35 1 U 34
36 0 L 24
37 1 L 25
38 1 L 26
39 0 L 27
40 0 L 28
41 1 L 29
42 0 U -1
43 1 U 42
44 0 U 43
45 1 U 44
46 0 U 45
# score :37 1485159
# W : 723546 , H : 604847 W + H : 1328393
47
0 1 U -1
1 0 U 0
2 1 U 1
3 1 U 2
4 1 U 3
5 0 U 4
6 1 U -1
7 1 U 6
8 0 U 7
9 0 U 8
10 0 U 9
11 0 U 10
12 0 U -1
13 1 U 12
14 0 U 13
15 0 U 14
16 0 U 15
17 1 U 16
18 0 U -1
19 1 U 18
20 0 U 19
21 0 U 20
22 0 U 21
23 1 U 22
24 1 U -1
25 1 U 24
26 1 U 25
27 0 U 26
28 1 U 27
29 1 U 28
30 1 U -1
31 0 U 30
32 0 U 31
33 1 U 32
34 0 U 33
35 0 U 34
36 1 L 24
37 1 L 25
38 0 L 26
39 0 L 27
40 1 L 28
41 0 L 29
42 1 U -1
43 1 U 42
44 0 U 43
45 1 U 44
46 1 U 45
# score :38 1543655
# W : 934861 , H : 612263 W + H : 1547124
47
0 0 U -1
1 0 U 0
2 0 U 1
3 0 U 2
4 1 U 3
5 1 U 4
6 1 U -1
7 0 U 6
8 0 U 7
9 0 U 8
10 0 U 9
11 0 U 10
12 1 U -1
13 1 U 12
14 1 U 13
15 0 U 14
16 1 U 15
17 1 U 16
18 1 U -1
19 0 U 18
20 1 U 19
21 1 U 20
22 1 U 21
23 0 U 22
24 0 U -1
25 1 U 24
26 1 U 25
27 1 U 26
28 0 U 27
29 0 U 28
30 0 U -1
31 0 U 30
32 1 U 31
33 0 U 32
34 0 U 33
35 1 U 34
36 0 L 24
37 1 L 25
38 1 L 26
39 0 L 27
40 1 L 28
41 0 L 29
42 0 U -1
43 0 U 42
44 0 U 43
45 1 U 44
46 1 U 45
# score :39 1560055
# W : 800057 , H : 640606 W + H : 1440663
47
0 0 U -1
1 0 U 0
2 1 U 1
3 1 U 2
4 1 U 3
5 1 U 4
6 1 U -1
7 1 U 6
8 1 U 7
9 0 U 8
10 1 U 9
11 0 U 10
12 1 U -1
13 0 U 12
14 1 U 13
15 0 U 14
16 0 U 15
17 1 U 16
18 1 U -1
19 1 U 18
20 1 U 19
21 0 U 20
22 1 U 21
23 0 U 22
24 0 U -1
25 1 U 24
26 1 U 25
27 1 U 26
28 0 U 27
29 1 U 28
30 1 U -1
31 0 U 30
32 0 U 31
33 1 U 32
34 0 U 33
35 1 U 34
36 1 U -1
37 1 U 36
38 0 U 37
39 0 U 38
40 1 U 39
41 0 U 40
42 1 U -1
43 0 U 42
44 1 U 43
45 1 U 44
46 1 U 45
# score :40 1174117
# W : 505667 , H : 642174 W + H : 1147841
47
0 1 U -1
1 0 U 0
2 1 U 1
3 0 U 2
4 1 U 3
5 0 U 4
6 1 U -1
7 1 U 6
8 1 U 7
9 1 U 8
10 1 U 9
11 0 U 10
12 1 U -1
13 1 U 12
14 0 U 13
15 0 U 14
16 0 U 15
17 1 U 16
18 1 U -1
19 1 U 18
20 1 U 19
21 1 U 20
22 1 U 21
23 1 U 22
24 1 U -1
25 0 U 24
26 1 U 25
27 1 U 26
28 1 U 27
29 1 U 28
30 0 U -1
31 0 U 30
32 0 U 31
33 1 U 32
34 1 U 33
35 0 U 34
36 1 U -1
37 1 U 36
38 1 U 37
39 0 U 38
40 1 U 39
41 0 U 40
42 0 U -1
43 0 U 42
44 0 U 43
45 1 U 44
46 0 U 45
# score :41 1207436
# W : 494882 , H : 717208 W + H : 1212090
47
0 1 U -1
1 0 U 0
2 1 U 1
3 1 U 2
4 0 U 3
5 1 U 4
6 0 U -1
7 1 U 6
8 0 U 7
9 0 U 8
10 1 U 9
11 0 U 10
12 0 U -1
13 1 U 12
14 0 U 13
15 1 U 14
16 1 U 15
17 1 U 16
18 0 U -1
19 1 U 18
20 0 U 19
21 1 U 20
22 0 U 21
23 1 U 22
24 0 U -1
25 0 U 24
26 1 U 25
27 1 U 26
28 0 U 27
29 1 U 28
30 1 U -1
31 0 U 30
32 0 U 31
33 1 U 32
34 0 U 33
35 1 U 34
36 0 L 30
37 0 L 31
38 1 L 32
39 0 L 33
40 1 L 34
41 0 L 35
42 1 U -1
43 0 U 42
44 0 U 43
45 1 U 44
46 1 U 45
# score :42 1396959
# W : 786568 , H : 635939 W + H : 1422507
47
0 0 U -1
1 0 U 0
2 0 U 1
3 1 U 2
4 0 U 3
5 0 U 4
6 0 U -1
7 0 U 6
8 1 U 7
9 0 U 8
10 0 U 9
11 0 U 10
12 1 U -1
13 0 U 12
14 0 U 13
15 0 U 14
16 1 U 15
17 0 U 16
18 1 U -1
19 0 U 18
20 1 U 19
21 0 U 20
22 0 U 21
23 0 U 22
24 1 U -1
25 0 U 24
26 1 U 25
27 0 U 26
28 1 U 27
29 1 U 28
30 1 U -1
31 0 U 30
32 1 U 31
33 0 U 32
34 1 U 33
35 0 U 34
36 1 L 30
37 0 L 31
38 1 L 32
39 1 L 33
40 0 L 34
41 1 L 35
42 1 U -1
43 1 U 42
44 0 U 43
45 0 U 44
46 0 U 45
# score :43 1425706
# W : 916549 , H : 618406 W + H : 1534955
47
0 0 U -1
1 0 U 0
2 0 U 1
3 0 U 2
4 0 U 3
5 0 U 4
6 1 U -1
7 1 U 6
8 1 U 7
9 1 U 8
10 1 U 9
11 0 U 10
12 1 U -1
13 0 U 12
14 1 U 13
15 1 U 14
16 1 U 15
17 1 U 16
18 1 U -1
19 0 U 18
20 0 U 19
21 1 U 20
22 1 U 21
23 0 U 22
24 1 U -1
25 0 U 24
26 0 U 25
27 1 U 26
28 1 U 27
29 1 U 28
30 1 U -1
31 0 U 30
32 0 U 31
33 0 U 32
34 0 U 33
35 1 U 34
36 0 L 24
37 0 L 25
38 1 L 26
39 0 L 27
40 0 L 28
41 1 L 29
42 1 U -1
43 1 U 42
44 0 U 43
45 0 U 44
46 1 U 45
# score :44 1483199
# W : 853522 , H : 612200 W + H : 1465722
47
0 0 U -1
1 0 U 0
2 1 U 1
3 0 U 2
4 1 U 3
5 1 U 4
6 0 U -1
7 0 U 6
8 0 U 7
9 1 U 8
10 0 U 9
11 0 U 10
12 1 U -1
13 0 U 12
14 1 U 13
15 0 U 14
16 1 U 15
17 1 U 16
18 1 U -1
19 0 U 18
20 0 U 19
21 0 U 20
22 0 U 21
23 0 U 22
24 0 U -1
25 1 U 24
26 0 U 25
27 1 U 26
28 1 U 27
29 0 U 28
30 1 U -1
31 0 U 30
32 1 U 31
33 0 U 32
34 0 U 33
35 0 U 34
36 0 L 24
37 0 L 25
38 1 L 26
39 1 L 27
40 0 L 28
41 1 L 29
42 0 U -1
43 1 U 42
44 1 U 43
45 1 U 44
46 0 U 45
# score :45 1451950
# W : 874799 , H : 588072 W + H : 1462871
47
0 1 U -1
1 0 U 0
2 0 U 1
3 1 U 2
4 0 U 3
5 0 U 4
6 1 U -1
7 1 U 6
8 0 U 7
9 0 U 8
10 1 U 9
11 0 U 10
12 0 U -1
13 1 U 12
14 0 U 13
15 0 U 14
16 0 U 15
17 1 U 16
18 1 U -1
19 0 U 18
20 0 U 19
21 1 U 20
22 0 U 21
23 1 U 22
24 0 U -1
25 1 U 24
26 0 U 25
27 0 U 26
28 1 U 27
29 0 U 28
30 1 U -1
31 1 U 30
32 1 U 31
33 0 U 32
34 0 U 33
35 0 U 34
36 0 L 24
37 0 L 25
38 0 L 26
39 0 L 27
40 0 L 28
41 0 L 29
42 0 U -1
43 0 U 42
44 0 U 43
45 0 U 44
46 1 U 45
# score :46 1435617
# W : 841335 , H : 611211 W + H : 1452546
47
0 1 U -1
1 0 U 0
2 1 U 1
3 0 U 2
4 0 U 3
5 0 U 4
6 0 U -1
7 0 U 6
8 0 U 7
9 0 U 8
10 1 U 9
11 0 U 10
12 1 U -1
13 1 U 12
14 1 U 13
15 1 U 14
16 1 U 15
17 1 U 16
18 1 U -1
19 0 U 18
20 0 U 19
21 1 U 20
22 1 U 21
23 0 U 22
24 0 U -1
25 1 U 24
26 0 U 25
27 0 U 26
28 0 U 27
29 1 U 28
30 0 U -1
31 0 U 30
32 0 U 31
33 1 U 32
34 0 U 33
35 0 U 34
36 1 L 24
37 0 L 25
38 1 L 26
39 0 L 27
40 0 L 28
41 1 L 29
42 1 U -1
43 0 U 42
44 0 U 43
45 0 U 44
46 1 U 45
# score :47 1370869
# W : 809553 , H : 596388 W + H : 1405941
47
0 0 U -1
1 1 U 0
2 0 U 1
3 0 U 2
4 0 U 3
5 1 U 4
6 1 U -1
7 0 U 6
8 1 U 7
9 1 U 8
10 1 U 9
11 0 U 10
12 1 U -1
13 0 U 12
14 0 U 13
15 0 U 14
16 1 U 15
17 0 U 16
18 1 U -1
19 1 U 18
20 1 U 19
21 1 U 20
22 1 U 21
23 1 U 22
24 1 U -1
25 0 U 24
26 1 U 25
27 0 U 26
28 1 U 27
29 0 U 28
30 0 U -1
31 0 U 30
32 0 U 31
33 0 U 32
34 0 U 33
35 0 U 34
36 1 U -1
37 0 U 36
38 1 U 37
39 0 U 38
40 0 U 39
41 1 U 40
42 1 U -1
43 0 U 42
44 1 U 43
45 0 U 44
46 1 U 45
# score :48 1213646
# W : 463077 , H : 727162 W + H : 1190239
47
0 0 U -1
1 0 U 0
2 1 U 1
3 0 U 2
4 0 U 3
5 1 U 4
6 0 U -1
7 0 U 6
8 0 U 7
9 0 U 8
10 0 U 9
11 0 U 10
12 1 U -1
13 0 U 12
14 0 U 13
15 1 U 14
16 1 U 15
17 0 U 16
18 1 U -1
19 0 U 18
20 1 U 19
21 0 U 20
22 1 U 21
23 1 U 22
24 0 U -1
25 0 U 24
26 0 U 25
27 0 U 26
28 0 U 27
29 1 U 28
30 1 U -1
31 0 U 30
32 0 U 31
33 1 U 32
34 1 U 33
35 1 U 34
36 0 U -1
37 0 U 36
38 0 U 37
39 0 U 38
40 1 U 39
41 0 U 40
42 0 U -1
43 1 U 42
44 1 U 43
45 1 U 44
46 0 U 45
# score :49 1212305
# W : 482169 , H : 684504 W + H : 1166673
47
0 1 U -1
1 0 U 0
2 0 U 1
3 0 U 2
4 1 U 3
5 1 U 4
6 1 U -1
7 0 U 6
8 0 U 7
9 1 U 8
10 0 U 9
11 1 U 10
12 0 U -1
13 1 U 12
14 0 U 13
15 0 U 14
16 1 U 15
17 1 U 16
18 0 U -1
19 0 U 18
20 1 U 19
21 0 U 20
22 0 U 21
23 1 U 22
24 0 U -1
25 1 U 24
26 1 U 25
27 0 U 26
28 1 U 27
29 1 U 28
30 1 U -1
31 0 U 30
32 0 U 31
33 1 U 32
34 0 U 33
35 0 U 34
36 1 L 30
37 0 L 31
38 1 L 32
39 0 L 33
40 1 L 34
41 0 L 35
42 1 U -1
43 0 U 42
44 0 U 43
45 1 U 44
46 1 U 45
# score :50 1426860
# W : 675274 , H : 689235 W + H : 1364509
47
0 1 U -1
1 0 U 0
2 0 U 1
3 1 U 2
4 0 U 3
5 1 U 4
6 0 U -1
7 0 U 6
8 1 U 7
9 0 U 8
10 0 U 9
11 0 U 10
12 0 U -1
13 1 U 12
14 1 U 13
15 0 U 14
16 1 U 15
17 1 U 16
18 1 U -1
19 1 U 18
20 0 U 19
21 0 U 20
22 1 U 21
23 0 U 22
24 0 U -1
25 0 U 24
26 1 U 25
27 1 U 26
28 0 U 27
29 0 U 28
30 1 U -1
31 0 U 30
32 0 U 31
33 0 U 32
34 0 U 33
35 1 U 34
36 1 L 30
37 1 L 31
38 0 L 32
39 1 L 33
40 0 L 34
41 1 L 35
42 0 U -1
43 1 U 42
44 1 U 43
45 1 U 44
46 1 U 45
# score :51 1440911
# W : 774012 , H : 662220 W + H : 1436232
47
0 1 U -1
1 1 U 0
2 1 U 1
3 0 U 2
4 0 U 3
5 1 U 4
6 1 U -1
7 1 U 6
8 1 U 7
9 0 U 8
10 0 U 9
11 0 U 10
12 0 U -1
13 1 U 12
14 1 U 13
15 0 U 14
16 1 U 15
17 0 U 16
18 0 U -1
19 1 U 18
20 0 U 19
21 0 U 20
22 0 U 21
23 1 U 22
24 0 U -1
25 1 U 24
26 0 U 25
27 1 U 26
28 1 U 27
29 1 U 28
30 1 U -1
31 1 U 30
32 1 U 31
33 0 U 32
34 0 U 33
35 1 U 34
36 0 L 24
37 0 L 25
38 0 L 26
39 1 L 27
40 1 L 28
41 1 L 29
42 1 U -1
43 1 U 42
44 1 U 43
45 1 U 44
46 0 U 45
# score :52 1583119
# W : 889232 , H : 601163 W + H : 1490395
47
0 0 U -1
1 0 U 0
2 0 U 1
3 1 U 2
4 1 U 3
5 1 U 4
6 0 U -1
7 0 U 6
8 0 U 7
9 0 U 8
10 1 U 9
11 0 U 10
12 0 U -1
13 0 U 12
14 0 U 13
15 0 U 14
16 1 U 15
17 0 U 16
18 0 U -1
19 0 U 18
20 1 U 19
21 1 U 20
22 1 U 21
23 1 U 22
24 0 U -1
25 1 U 24
26 1 U 25
27 1 U 26
28 1 U 27
29 0 U 28
30 1 U -1
31 0 U 30
32 1 U 31
33 0 U 32
34 0 U 33
35 1 U 34
36 0 L 24
37 0 L 25
38 0 L 26
39 1 L 27
40 1 L 28
41 0 L 29
42 0 U -1
43 1 U 42
44 1 U 43
45 0 U 44
46 1 U 45
# score :53 1506658
# W : 862947 , H : 635613 W + H : 1498560
47
0 1 U -1
1 0 U 0
2 1 U 1
3 0 U 2
4 0 U 3
5 0 U 4
6 0 U -1
7 0 U 6
8 1 U 7
9 0 U 8
10 1 U 9
11 0 U 10
12 1 U -1
13 0 U 12
14 1 U 13
15 0 U 14
16 1 U 15
17 0 U 16
18 0 U -1
19 1 U 18
20 0 U 19
21 1 U 20
22 1 U 21
23 0 U 22
24 1 U -1
25 0 U 24
26 0 U 25
27 1 U 26
28 1 U 27
29 0 U 28
30 0 U -1
31 0 U 30
32 0 U 31
33 0 U 32
34 0 U 33
35 0 U 34
36 0 L 24
37 0 L 25
38 0 L 26
39 0 L 27
40 1 L 28
41 0 L 29
42 1 U -1
43 0 U 42
44 0 U 43
45 0 U 44
46 1 U 45
# score :54 1519773
# W : 884524 , H : 609962 W + H : 1494486
47
0 1 U -1
1 1 U 0
2 0 U 1
3 1 U 2
4 0 U 3
5 0 U 4
6 1 U -1
7 1 U 6
8 0 U 7
9 0 U 8
10 0 U 9
11 0 U 10
12 0 U -1
13 1 U 12
14 0 U 13
15 1 U 14
16 1 U 15
17 0 U 16
18 0 U -1
19 0 U 18
20 0 U 19
21 0 U 20
22 1 U 21
23 1 U 22
24 0 U -1
25 1 U 24
26 0 U 25
27 1 U 26
28 0 U 27
29 1 U 28
30 0 U -1
31 1 U 30
32 0 U 31
33 0 U 32
34 1 U 33
35 1 U 34
36 0 L 24
37 0 L 25
38 1 L 26
39 1 L 27
40 0 L 28
41 1 L 29
42 1 U -1
43 1 U 42
44 0 U 43
45 1 U 44
46 1 U 45
# score :55 1446596
# W : 899270 , H : 577596 W + H : 1476866
47
0 1 U -1
1 1 U 0
2 0 U 1
3 1 U 2
4 1 U 3
5 1 U 4
6 1 U -1
7 1 U 6
8 1 U 7
9 1 U 8
10 1 U 9
11 1 U 10
12 0 U -1
13 0 U 12
14 1 U 13
15 0 U 14
16 1 U 15
17 1 U 16
18 1 U -1
19 1 U 18
20 0 U 19
21 1 U 20
22 1 U 21
23 0 U 22
24 1 U -1
25 1 U 24
26 1 U 25
27 0 U 26
28 1 U 27
29 1 U 28
30 1 U -1
31 0 U 30
32 0 U 31
33 0 U 32
34 0 U 33
35 0 U 34
36 1 U -1
37 0 U 36
38 1 U 37
39 1 U 38
40 1 U 39
41 0 U 40
42 0 U -1
43 0 U 42
44 1 U 43
45 1 U 44
46 0 U 45
# score :56 1245776
# W : 497764 , H : 708355 W + H : 1206119
47
0 1 U -1
1 1 U 0
2 0 U 1
3 0 U 2
4 0 U 3
5 0 U 4
6 1 U -1
7 1 U 6
8 0 U 7
9 1 U 8
10 0 U 9
11 1 U 10
12 0 U -1
13 1 U 12
14 1 U 13
15 1 U 14
16 1 U 15
17 1 U 16
18 1 U -1
19 1 U 18
20 0 U 19
21 0 U 20
22 0 U 21
23 0 U 22
24 1 U -1
25 0 U 24
26 1 U 25
27 1 U 26
28 0 U 27
29 0 U 28
30 1 U -1
31 0 U 30
32 0 U 31
33 1 U 32
34 1 U 33
35 1 U 34
36 1 U -1
37 1 U 36
38 0 U 37
39 1 U 38
40 0 U 39
41 0 U 40
42 1 U -1
43 1 U 42
44 1 U 43
45 1 U 44
46 0 U 45
# score :57 1259937
# W : 547355 , H : 704334 W + H : 1251689
47
0 0 U -1
1 1 U 0
2 1 U 1
3 1 U 2
4 1 U 3
5 1 U 4
6 0 U -1
7 1 U 6
8 0 U 7
9 1 U 8
10 1 U 9
11 0 U 10
12 1 U -1
13 0 U 12
14 1 U 13
15 0 U 14
16 0 U 15
17 1 U 16
18 1 U -1
19 0 U 18
20 1 U 19
21 1 U 20
22 0 U 21
23 1 U 22
24 0 U -1
25 1 U 24
26 1 U 25
27 1 U 26
28 1 U 27
29 0 U 28
30 1 U -1
31 0 U 30
32 1 U 31
33 1 U 32
34 1 U 33
35 0 U 34
36 0 L 30
37 1 L 31
38 0 L 32
39 1 L 33
40 0 L 34
41 1 L 35
42 1 U -1
43 0 U 42
44 1 U 43
45 1 U 44
46 0 U 45
# score :58 1465977
# W : 900962 , H : 596876 W + H : 1497838
47
0 0 U -1
1 1 U 0
2 1 U 1
3 0 U 2
4 1 U 3
5 0 U 4
6 1 U -1
7 1 U 6
8 1 U 7
9 1 U 8
10 0 U 9
11 1 U 10
12 0 U -1
13 1 U 12
14 1 U 13
15 0 U 14
16 0 U 15
17 0 U 16
18 0 U -1
19 1 U 18
20 1 U 19
21 1 U 20
22 0 U 21
23 0 U 22
24 0 U -1
25 1 U 24
26 0 U 25
27 1 U 26
28 1 U 27
29 1 U 28
30 1 U -1
31 1 U 30
32 0 U 31
33 1 U 32
34 0 U 33
35 1 U 34
36 1 L 30
37 1 L 31
38 1 L 32
39 0 L 33
40 0 L 34
41 1 L 35
42 1 U -1
43 1 U 42
44 1 U 43
45 0 U 44
46 0 U 45
# score :59 1499496
# W : 915877 , H : 630556 W + H : 1546433
47
0 0 U -1
1 0 U 0
2 0 U 1
3 1 U 2
4 1 U 3
5 0 U 4
6 1 U -1
7 1 U 6
8 0 U 7
9 1 U 8
10 1 U 9
11 1 U 10
12 1 U -1
13 0 U 12
14 1 U 13
15 0 U 14
16 1 U 15
17 1 U 16
18 1 U -1
19 0 U 18
20 1 U 19
21 0 U 20
22 1 U 21
23 1 U 22
24 0 U -1
25 1 U 24
26 0 U 25
27 0 U 26
28 1 U 27
29 0 U 28
30 0 U -1
31 1 U 30
32 0 U 31
33 0 U 32
34 0 U 33
35 1 U 34
36 0 L 24
37 0 L 25
38 1 L 26
39 1 L 27
40 0 L 28
41 1 L 29
42 1 U -1
43 1 U 42
44 0 U 43
45 1 U 44
46 1 U 45
# score :60 1437576
# W : 880646 , H : 600589 W + H : 1481235
47
0 0 U -1
1 0 U 0
2 1 U 1
3 1 U 2
4 0 U 3
5 0 U 4
6 0 U -1
7 1 U 6
8 1 U 7
9 0 U 8
10 1 U 9
11 0 U 10
12 0 U -1
13 1 U 12
14 0 U 13
15 1 U 14
16 1 U 15
17 1 U 16
18 1 U -1
19 0 U 18
20 0 U 19
21 1 U 20
22 1 U 21
23 1 U 22
24 0 U -1
25 0 U 24
26 0 U 25
27 1 U 26
28 0 U 27
29 0 U 28
30 1 U -1
31 1 U 30
32 0 U 31
33 1 U 32
34 0 U 33
35 1 U 34
36 0 L 24
37 0 L 25
38 1 L 26
39 0 L 27
40 1 L 28
41 1 L 29
42 1 U -1
43 1 U 42
44 1 U 43
45 0 U 44
46 0 U 45
# score :61 1374204
# W : 804856 , H : 597038 W + H : 1401894
47
0 0 U -1
1 1 U 0
2 0 U 1
3 1 U 2
4 1 U 3
5 1 U 4
6 0 U -1
7 1 U 6
8 0 U 7
9 1 U 8
10 0 U 9
11 0 U 10
12 0 U -1
13 0 U 12
14 1 U 13
15 0 U 14
16 1 U 15
17 1 U 16
18 0 U -1
19 1 U 18
20 0 U 19
21 0 U 20
22 0 U 21
23 1 U 22
24 1 U -1
25 0 U 24
26 1 U 25
27 1 U 26
28 1 U 27
29 0 U 28
30 1 U -1
31 1 U 30
32 1 U 31
33 0 U 32
34 1 U 33
35 1 U 34
36 1 L 24
37 0 L 25
38 0 L 26
39 0 L 27
40 0 L 28
41 0 L 29
42 1 U -1
43 0 U 42
44 1 U 43
45 1 U 44
46 1 U 45
# score :62 1553939
# W : 889880 , H : 623266 W + H : 1513146
47
0 1 U -1
1 0 U 0
2 1 U 1
3 0 U 2
4 0 U 3
5 1 U 4
6 0 U -1
7 1 U 6
8 0 U 7
9 1 U 8
10 1 U 9
11 1 U 10
12 1 U -1
13 1 U 12
14 1 U 13
15 0 U 14
16 0 U 15
17 0 U 16
18 0 U -1
19 0 U 18
20 0 U 19
21 0 U 20
22 0 U 21
23 1 U 22
24 0 U -1
25 0 U 24
26 1 U 25
27 1 U 26
28 0 U 27
29 0 U 28
30 1 U -1
31 1 U 30
32 1 U 31
33 1 U 32
34 0 U 33
35 1 U 34
36 0 L 24
37 0 L 25
38 0 L 26
39 0 L 27
40 0 L 28
41 0 L 29
42 1 U -1
43 0 U 42
44 0 U 43
45 1 U 44
46 0 U 45
# score :63 1488020
# W : 858596 , H : 599663 W + H : 1458259
47
0 1 U -1
1 1 U 0
2 0 U 1
3 0 U 2
4 0 U 3
5 1 U 4
6 1 U -1
7 0 U 6
8 1 U 7
9 1 U 8
10 1 U 9
11 1 U 10
12 0 U -1
13 0 U 12
14 0 U 13
15 1 U 14
16 0 U 15
17 1 U 16
18 0 U -1
19 0 U 18
20 0 U 19
21 0 U 20
22 0 U 21
23 1 U 22
24 0 U -1
25 1 U 24
26 1 U 25
27 1 U 26
28 0 U 27
29 0 U 28
30 0 U -1
31 0 U 30
32 0 U 31
33 1 U 32
34 0 U 33
35 1 U 34
36 0 U -1
37 0 U 36
38 1 U 37
39 1 U 38
40 0 U 39
41 1 U 40
42 1 U -1
43 1 U 42
44 1 U 43
45 0 U 44
46 0 U 45
# score :64 1227890
# W : 489506 , H : 667817 W + H : 1157323
47
0 1 U -1
1 0 U 0
2 1 U 1
3 0 U 2
4 0 U 3
5 1 U 4
6 1 U -1
7 1 U 6
8 0 U 7
9 0 U 8
10 0 U 9
11 0 U 10
12 0 U -1
13 0 U 12
14 0 U 13
15 0 U 14
16 1 U 15
17 1 U 16
18 1 U -1
19 1 U 18
20 0 U 19
21 0 U 20
22 1 U 21
23 1 U 22
24 0 U -1
25 0 U 24
26 1 U 25
27 1 U 26
28 0 U 27
29 0 U 28
30 1 U -1
31 0 U 30
32 0 U 31
33 1 U 32
34 0 U 33
35 1 U 34
36 1 U -1
37 0 U 36
38 0 U 37
39 0 U 38
40 0 U 39
41 1 U 40
42 1 U -1
43 1 U 42
44 0 U 43
45 1 U 44
46 0 U 45
# score :65 1232646
# W : 446266 , H : 743988 W + H : 1190254
47
0 0 U -1
1 0 U 0
2 0 U 1
3 1 U 2
4 0 U 3
5 1 U 4
6 0 U -1
7 0 U 6
8 0 U 7
9 1 U 8
10 1 U 9
11 1 U 10
12 1 U -1
13 1 U 12
14 0 U 13
15 0 U 14
16 0 U 15
17 0 U 16
18 0 U -1
19 0 U 18
20 0 U 19
21 0 U 20
22 1 U 21
23 0 U 22
24 0 U -1
25 0 U 24
26 0 U 25
27 0 U 26
28 0 U 27
29 0 U 28
30 1 U -1
31 0 U 30
32 0 U 31
33 1 U 32
34 0 U 33
35 1 U 34
36 1 L 30
37 1 L 31
38 1 L 32
39 0 L 33
40 1 L 34
41 0 L 35
42 1 U -1
43 1 U 42
44 0 U 43
45 0 U 44
46 0 U 45
# score :66 1547405
# W : 797062 , H : 596271 W + H : 1393333
47
0 1 U -1
1 0 U 0
2 0 U 1
3 0 U 2
4 0 U 3
5 1 U 4
6 0 U -1
7 0 U 6
8 1 U 7
9 1 U 8
10 0 U 9
11 0 U 10
12 1 U -1
13 1 U 12
14 0 U 13
15 0 U 14
16 1 U 15
17 0 U 16
18 0 U -1
19 1 U 18
20 0 U 19
21 1 U 20
22 1 U 21
23 1 U 22
24 0 U -1
25 1 U 24
26 0 U 25
27 0 U 26
28 1 U 27
29 1 U 28
30 1 U -1
31 1 U 30
32 0 U 31
33 0 U 32
34 0 U 33
35 0 U 34
36 0 L 30
37 1 L 31
38 1 L 32
39 1 L 33
40 0 L 34
41 0 L 35
42 1 U -1
43 1 U 42
44 1 U 43
45 0 U 44
46 0 U 45
# score :67 1399314
# W : 797923 , H : 707242 W + H : 1505165
47
0 0 U -1
1 1 U 0
2 0 U 1
3 0 U 2
4 0 U 3
5 1 U 4
6 0 U -1
7 0 U 6
8 0 U 7
9 0 U 8
10 1 U 9
11 0 U 10
12 1 U -1
13 1 U 12
14 1 U 13
15 1 U 14
16 0 U 15
17 1 U 16
18 1 U -1
19 0 U 18
20 1 U 19
21 0 U 20
22 1 U 21
23 0 U 22
24 0 U -1
25 0 U 24
26 1 U 25
27 1 U 26
28 1 U 27
29 1 U 28
30 0 U -1
31 0 U 30
32 1 U 31
33 0 U 32
34 0 U 33
35 0 U 34
36 0 L 24
37 0 L 25
38 0 L 26
39 1 L 27
40 1 L 28
41 0 L 29
42 0 U -1
43 1 U 42
44 0 U 43
45 1 U 44
46 1 U 45
# score :68 1431943
# W : 884900 , H : 599159 W + H : 1484059
47
0 0 U -1
1 0 U 0
2 0 U 1
3 1 U 2
4 0 U 3
5 0 U 4
6 0 U -1
7 0 U 6
8 0 U 7
9 1 U 8
10 1 U 9
11 0 U 10
12 0 U -1
13 0 U 12
14 1 U 13
15 1 U 14
16 1 U 15
17 1 U 16
18 1 U -1
19 1 U 18
20 1 U 19
21 1 U 20
22 0 U 21
23 0 U 22
24 0 U -1
25 1 U 24
26 1 U 25
27 0 U 26
28 1 U 27
29 1 U 28
30 1 U -1
31 1 U 30
32 0 U 31
33 1 U 32
34 1 U 33
35 1 U 34
36 1 L 24
37 1 L 25
38 0 L 26
39 0 L 27
40 1 L 28
41 0 L 29
42 0 U -1
43 1 U 42
44 1 U 43
45 0 U 44
46 0 U 45
# score :69 1588312
# W : 846598 , H : 595454 W + H : 1442052
47
0 1 U -1
1 1 U 0
2 0 U 1
3 0 U 2
4 0 U 3
5 0 U 4
6 1 U -1
7 1 U 6
8 1 U 7
9 0 U 8
10 0 U 9
11 0 U 10
12 0 U -1
13 1 U 12
14 0 U 13
15 0 U 14
16 0 U 15
17 1 U 16
18 0 U -1
19 0 U 18
20 0 U 19
21 0 U 20
22 0 U 21
23 1 U 22
24 1 U -1
25 0 U 24
26 1 U 25
27 0 U 26
28 0 U 27
29 1 U 28
30 0 U -1
31 0 U 30
32 1 U 31
33 1 U 32
34 1 U 33
35 0 U 34
36 1 L 24
37 1 L 25
38 0 L 26
39 1 L 27
40 1 L 28
41 0 L 29
42 0 U -1
43 1 U 42
44 0 U 43
45 0 U 44
46 1 U 45
# score :70 1484440
# W : 897754 , H : 616313 W + H : 1514067
47
0 1 U -1
1 0 U 0
2 0 U 1
3 0 U 2
4 0 U 3
5 1 U 4
6 0 U -1
7 1 U 6
8 1 U 7
9 0 U 8
10 0 U 9
11 0 U 10
12 0 U -1
13 0 U 12
14 0 U 13
15 1 U 14
16 0 U 15
17 1 U 16
18 1 U -1
19 1 U 18
20 1 U 19
21 0 U 20
22 0 U 21
23 0 U 22
24 1 U -1
25 1 U 24
26 0 U 25
27 1 U 26
28 0 U 27
29 1 U 28
30 0 U -1
31 0 U 30
32 1 U 31
33 1 U 32
34 0 U 33
35 1 U 34
36 0 L 24
37 1 L 25
38 0 L 26
39 1 L 27
40 0 L 28
41 1 L 29
42 0 U -1
43 0 U 42
44 0 U 43
45 1 U 44
46 0 U 45
# score :71 1477463
# W : 960510 , H : 585529 W + H : 1546039
47
0 1 U -1
1 1 U 0
2 1 U 1
3 1 U 2
4 1 U 3
5 1 U 4
6 0 U -1
7 0 U 6
8 1 U 7
9 1 U 8
10 0 U 9
11 1 U 10
12 1 U -1
13 1 U 12
14 0 U 13
15 1 U 14
16 1 U 15
17 1 U 16
18 1 U -1
19 0 U 18
20 1 U 19
21 1 U 20
22 1 U 21
23 1 U 22
24 1 U -1
25 0 U 24
26 0 U 25
27 1 U 26
28 0 U 27
29 1 U 28
30 0 U -1
31 1 U 30
32 0 U 31
33 0 U 32
34 0 U 33
35 0 U 34
36 1 U -1
37 1 U 36
38 0 U 37
39 1 U 38
40 0 U 39
41 0 U 40
42 0 U -1
43 0 U 42
44 1 U 43
45 1 U 44
46 0 U 45
# score :72 1209835
# W : 541894 , H : 688406 W + H : 1230300
47
0 0 U -1
1 1 U 0
2 1 U 1
3 1 U 2
4 0 U 3
5 1 U 4
6 0 U -1
7 1 U 6
8 0 U 7
9 0 U 8
10 0 U 9
11 0 U 10
12 1 U -1
13 0 U 12
14 1 U 13
15 0 U 14
16 1 U 15
17 0 U 16
18 1 U -1
19 1 U 18
20 1 U 19
21 1 U 20
22 0 U 21
23 0 U 22
24 0 U -1
25 1 U 24
26 1 U 25
27 0 U 26
28 1 U 27
29 0 U 28
30 1 U -1
31 1 U 30
32 1 U 31
33 1 U 32
34 0 U 33
35 0 U 34
36 0 U -1
37 0 U 36
38 0 U 37
39 0 U 38
40 0 U 39
41 0 U 40
42 1 U -1
43 0 U 42
44 1 U 43
45 0 U 44
46 0 U 45
# score :73 1223161
# W : 475971 , H : 686068 W + H : 1162039
47
0 0 U -1
1 1 U 0
2 0 U 1
3 0 U 2
4 1 U 3
5 1 U 4
6 1 U -1
7 1 U 6
8 1 U 7
9 1 U 8
10 1 U 9
11 1 U 10
12 0 U -1
13 1 U 12
14 1 U 13
15 1 U 14
16 0 U 15
17 1 U 16
18 0 U -1
19 1 U 18
20 0 U 19
21 0 U 20
22 0 U 21
23 0 U 22
24 1 U -1
25 1 U 24
26 1 U 25
27 1 U 26
28 0 U 27
29 1 U 28
30 0 U -1
31 1 U 30
32 0 U 31
33 0 U 32
34 1 U 33
35 0 U 34
36 0 L 30
37 1 L 31
38 0 L 32
39 1 L 33
40 1 L 34
41 1 L 35
42 1 U -1
43 0 U 42
44 1 U 43
45 1 U 44
46 1 U 45
# score :74 1416268
# W : 693115 , H : 656121 W + H : 1349236
47
0 0 U -1
1 0 U 0
2 0 U 1
3 0 U 2
4 0 U 3
5 1 U 4
6 1 U -1
7 0 U 6
8 1 U 7
9 1 U 8
10 1 U 9
11 0 U 10
12 0 U -1
13 0 U 12
14 0 U 13
15 0 U 14
16 0 U 15
17 0 U 16
18 0 U -1
19 1 U 18
20 1 U 19
21 0 U 20
22 1 U 21
23 0 U 22
24 1 U -1
25 1 U 24
26 0 U 25
27 1 U 26
28 0 U 27
29 0 U 28
30 0 U -1
31 1 U 30
32 1 U 31
33 0 U 32
34 1 U 33
35 0 U 34
36 0 L 30
37 0 L 31
38 1 L 32
39 0 L 33
40 1 L 34
41 1 L 35
42 1 U -1
43 1 U 42
44 0 U 43
45 1 U 44
46 1 U 45
# score :75 1337495
# W : 707993 , H : 673346 W + H : 1381339
47
0 1 U -1
1 0 U 0
2 0 U 1
3 1 U 2
4 1 U 3
5 0 U 4
6 0 U -1
7 1 U 6
8 0 U 7
9 0 U 8
10 1 U 9
11 0 U 10
12 1 U -1
13 0 U 12
14 0 U 13
15 0 U 14
16 0 U 15
17 0 U 16
18 1 U -1
19 0 U 18
20 0 U 19
21 0 U 20
22 1 U 21
23 1 U 22
24 0 U -1
25 1 U 24
26 0 U 25
27 1 U 26
28 1 U 27
29 1 U 28
30 0 U -1
31 0 U 30
32 0 U 31
33 1 U 32
34 1 U 33
35 1 U 34
36 1 L 24
37 0 L 25
38 0 L 26
39 0 L 27
40 1 L 28
41 0 L 29
42 0 U -1
43 1 U 42
44 0 U 43
45 0 U 44
46 0 U 45
# score :76 1419955
# W : 907540 , H : 588613 W + H : 1496153
47
0 1 U -1
1 0 U 0
2 1 U 1
3 1 U 2
4 1 U 3
5 1 U 4
6 1 U -1
7 0 U 6
8 1 U 7
9 1 U 8
10 0 U 9
11 0 U 10
12 0 U -1
13 0 U 12
14 1 U 13
15 0 U 14
16 1 U 15
17 1 U 16
18 1 U -1
19 0 U 18
20 0 U 19
21 0 U 20
22 0 U 21
23 1 U 22
24 1 U -1
25 0 U 24
26 0 U 25
27 0 U 26
28 1 U 27
29 1 U 28
30 1 U -1
31 1 U 30
32 1 U 31
33 0 U 32
34 1 U 33
35 1 U 34
36 1 L 24
37 0 L 25
38 1 L 26
39 0 L 27
40 1 L 28
41 0 L 29
42 0 U -1
43 0 U 42
44 1 U 43
45 0 U 44
46 0 U 45
# score :77 1484118
# W : 823523 , H : 584327 W + H : 1407850
47
0 0 U -1
1 0 U 0
2 1 U 1
3 1 U 2
4 1 U 3
5 0 U 4
6 1 U -1
7 1 U 6
8 0 U 7
9 1 U 8
10 0 U 9
11 1 U 10
12 1 U -1
13 0 U 12
14 0 U 13
15 1 U 14
16 1 U 15
17 0 U 16
18 0 U -1
19 1 U 18
20 0 U 19
21 0 U 20
22 1 U 21
23 1 U 22
24 0 U -1
25 1 U 24
26 0 U 25
27 1 U 26
28 1 U 27
29 0 U 28
30 0 U -1
31 1 U 30
32 1 U 31
33 0 U 32
34 0 U 33
35 0 U 34
36 0 L 24
37 0 L 25
38 0 L 26
39 0 L 27
40 1 L 28
41 1 L 29
42 0 U -1
43 1 U 42
44 0 U 43
45 0 U 44
46 1 U 45
# score :78 1501640
# W : 822593 , H : 597860 W + H : 1420453
47
0 1 U -1
1 1 U 0
2 0 U 1
3 0 U 2
4 0 U 3
5 0 U 4
6 1 U -1
7 0 U 6
8 1 U 7
9 0 U 8
10 0 U 9
11 0 U 10
12 1 U -1
13 1 U 12
14 0 U 13
15 0 U 14
16 1 U 15
17 0 U 16
18 1 U -1
19 0 U 18
20 0 U 19
21 0 U 20
22 0 U 21
23 0 U 22
24 0 U -1
25 0 U 24
26 1 U 25
27 0 U 26
28 1 U 27
29 1 U 28
30 1 U -1
31 0 U 30
32 0 U 31
33 1 U 32
34 0 U 33
35 1 U 34
36 0 L 24
37 1 L 25
38 1 L 26
39 0 L 27
40 1 L 28
41 0 L 29
42 0 U -1
43 1 U 42
44 1 U 43
45 1 U 44
46 0 U 45
# score :79 1501060
# W : 814378 , H : 633284 W + H : 1447662
47
0 0 U -1
1 0 U 0
2 1 U 1
3 0 U 2
4 0 U 3
5 1 U 4
6 0 U -1
7 0 U 6
8 1 U 7
9 0 U 8
10 0 U 9
11 0 U 10
12 0 U -1
13 1 U 12
14 0 U 13
15 1 U 14
16 1 U 15
17 1 U 16
18 1 U -1
19 0 U 18
20 0 U 19
21 0 U 20
22 1 U 21
23 0 U 22
24 0 U -1
25 1 U 24
26 1 U 25
27 1 U 26
28 0 U 27
29 0 U 28
30 0 U -1
31 0 U 30
32 1 U 31
33 1 U 32
34 1 U 33
35 0 U 34
36 1 U -1
37 1 U 36
38 1 U 37
39 1 U 38
40 1 U 39
41 1 U 40
42 0 U -1
43 0 U 42
44 1 U 43
45 0 U 44
46 0 U 45
# score :80 1193298
# W : 486210 , H : 696038 W + H : 1182248
47
0 0 U -1
1 0 U 0
2 1 U 1
3 0 U 2
4 0 U 3
5 1 U 4
6 0 U -1
7 1 U 6
8 0 U 7
9 1 U 8
10 1 U 9
11 0 U 10
12 0 U -1
13 1 U 12
14 1 U 13
15 1 U 14
16 1 U 15
17 1 U 16
18 0 U -1
19 1 U 18
20 0 U 19
21 0 U 20
22 0 U 21
23 0 U 22
24 1 U -1
25 0 U 24
26 0 U 25
27 0 U 26
28 1 U 27
29 0 U 28
30 1 U -1
31 0 U 30
32 0 U 31
33 0 U 32
34 0 U 33
35 0 U 34
36 0 U -1
37 1 U 36
38 0 U 37
39 0 U 38
40 0 U 39
41 1 U 40
42 0 U -1
43 0 U 42
44 1 U 43
45 0 U 44
46 0 U 45
# score :81 1119756
# W : 456549 , H : 652322 W + H : 1108871
47
0 0 U -1
1 0 U 0
2 1 U 1
3 1 U 2
4 0 U 3
5 1 U 4
6 0 U -1
7 1 U 6
8 0 U 7
9 0 U 8
10 0 U 9
11 1 U 10
12 1 U -1
13 1 U 12
14 1 U 13
15 0 U 14
16 0 U 15
17 1 U 16
18 0 U -1
19 1 U 18
20 0 U 19
21 0 U 20
22 0 U 21
23 1 U 22
24 0 U -1
25 0 U 24
26 1 U 25
27 0 U 26
28 1 U 27
29 0 U 28
30 1 U -1
31 0 U 30
32 0 U 31
33 0 U 32
34 0 U 33
35 0 U 34
36 0 L 30
37 0 L 31
38 0 L 32
39 1 L 33
40 1 L 34
41 0 L 35
42 1 U -1
43 1 U 42
44 1 U 43
45 0 U 44
46 1 U 45
# score :82 1571170
# W : 910312 , H : 592890 W + H : 1503202
47
0 0 U -1
1 1 U 0
2 1 U 1
3 1 U 2
4 1 U 3
5 1 U 4
6 0 U -1
7 1 U 6
8 1 U 7
9 1 U 8
10 1 U 9
11 1 U 10
12 0 U -1
13 0 U 12
14 0 U 13
15 1 U 14
16 1 U 15
17 1 U 16
18 0 U -1
19 0 U 18
20 0 U 19
21 1 U 20
22 1 U 21
23 0 U 22
24 1 U -1
25 0 U 24
26 0 U 25
27 1 U 26
28 1 U 27
29 0 U 28
30 0 U -1
31 1 U 30
32 0 U 31
33 0 U 32
34 1 U 33
35 1 U 34
36 1 L 30
37 1 L 31
38 1 L 32
39 1 L 33
40 0 L 34
41 0 L 35
42 0 U -1
43 0 U 42
44 1 U 43
45 0 U 44
46 0 U 45
# score :83 1416664
# W : 752699 , H : 629779 W + H : 1382478
47
0 0 U -1
1 0 U 0
2 0 U 1
3 0 U 2
4 0 U 3
5 1 U 4
6 1 U -1
7 1 U 6
8 1 U 7
9 0 U 8
10 1 U 9
11 0 U 10
12 1 U -1
13 0 U 12
14 1 U 13
15 0 U 14
16 1 U 15
17 0 U 16
18 0 U -1
19 1 U 18
20 1 U 19
21 1 U 20
22 1 U 21
23 1 U 22
24 0 U -1
25 1 U 24
26 0 U 25
27 0 U 26
28 0 U 27
29 0 U 28
30 1 U -1
31 1 U 30
32 0 U 31
33 0 U 32
34 1 U 33
35 0 U 34
36 0 L 24
37 0 L 25
38 0 L 26
39 1 L 27
40 0 L 28
41 1 L 29
42 1 U -1
43 1 U 42
44 1 U 43
45 1 U 44
46 1 U 45
# score :84 1561675
# W : 898338 , H : 612693 W + H : 1511031
47
0 0 U -1
1 1 U 0
2 1 U 1
3 1 U 2
4 1 U 3
5 1 U 4
6 0 U -1
7 0 U 6
8 0 U 7
9 1 U 8
10 1 U 9
11 0 U 10
12 1 U -1
13 0 U 12
14 1 U 13
15 1 U 14
16 0 U 15
17 0 U 16
18 0 U -1
19 0 U 18
20 1 U 19
21 0 U 20
22 1 U 21
23 1 U 22
24 1 U -1
25 1 U 24
26 0 U 25
27 0 U 26
28 1 U 27
29 0 U 28
30 0 U -1
31 0 U 30
32 1 U 31
33 0 U 32
34 1 U 33
35 0 U 34
36 1 L 24
37 0 L 25
38 0 L 26
39 0 L 27
40 0 L 28
41 0 L 29
42 1 U -1
43 0 U 42
44 1 U 43
45 0 U 44
46 1 U 45
# score :85 1508276
# W : 916618 , H : 567911 W + H : 1484529
47
0 1 U -1
1 0 U 0
2 1 U 1
3 1 U 2
4 1 U 3
5 1 U 4
6 0 U -1
7 1 U 6
8 0 U 7
9 0 U 8
10 1 U 9
11 1 U 10
12 0 U -1
13 0 U 12
14 0 U 13
15 1 U 14
16 0 U 15
17 1 U 16
18 0 U -1
19 1 U 18
20 1 U 19
21 1 U 20
22 0 U 21
23 1 U 22
24 1 U -1
25 0 U 24
26 1 U 25
27 1 U 26
28 1 U 27
29 0 U 28
30 0 U -1
31 1 U 30
32 0 U 31
33 1 U 32
34 0 U 33
35 1 U 34
36 0 L 24
37 0 L 25
38 0 L 26
39 1 L 27
40 1 L 28
41 1 L 29
42 0 U -1
43 0 U 42
44 0 U 43
45 1 U 44
46 0 U 45
# score :86 1470263
# W : 842338 , H : 569758 W + H : 1412096
47
0 0 U -1
1 0 U 0
2 1 U 1
3 0 U 2
4 0 U 3
5 0 U 4
6 1 U -1
7 1 U 6
8 0 U 7
9 0 U 8
10 0 U 9
11 0 U 10
12 0 U -1
13 1 U 12
14 0 U 13
15 1 U 14
16 0 U 15
17 1 U 16
18 0 U -1
19 1 U 18
20 1 U 19
21 1 U 20
22 0 U 21
23 0 U 22
24 0 U -1
25 1 U 24
26 0 U 25
27 1 U 26
28 0 U 27
29 1 U 28
30 0 U -1
31 1 U 30
32 0 U 31
33 0 U 32
34 0 U 33
35 1 U 34
36 0 L 24
37 1 L 25
38 0 L 26
39 0 L 27
40 0 L 28
41 1 L 29
42 1 U -1
43 1 U 42
44 1 U 43
45 1 U 44
46 1 U 45
# score :87 1436761
# W : 871046 , H : 586910 W + H : 1457956
47
0 0 U -1
1 0 U 0
2 1 U 1
3 0 U 2
4 1 U 3
5 1 U 4
6 1 U -1
7 0 U 6
8 1 U 7
9 0 U 8
10 1 U 9
11 0 U 10
12 1 U -1
13 0 U 12
14 0 U 13
15 0 U 14
16 1 U 15
17 0 U 16
18 0 U -1
19 0 U 18
20 0 U 19
21 0 U 20
22 1 U 21
23 0 U 22
24 1 U -1
25 0 U 24
26 0 U 25
27 0 U 26
28 1 U 27
29 1 U 28
30 1 U -1
31 0 U 30
32 0 U 31
33 0 U 32
34 1 U 33
35 1 U 34
36 0 U -1
37 0 U 36
38 0 U 37
39 1 U 38
40 0 U 39
41 1 U 40
42 1 U -1
43 0 U 42
44 0 U 43
45 1 U 44
46 0 U 45
# score :88 1208481
# W : 477897 , H : 666205 W + H : 1144102
47
0 1 U -1
1 0 U 0
2 1 U 1
3 1 U 2
4 0 U 3
5 0 U 4
6 0 U -1
7 1 U 6
8 1 U 7
9 0 U 8
10 1 U 9
11 1 U 10
12 1 U -1
13 0 U 12
14 0 U 13
15 0 U 14
16 0 U 15
17 0 U 16
18 1 U -1
19 1 U 18
20 0 U 19
21 1 U 20
22 1 U 21
23 1 U 22
24 1 U -1
25 1 U 24
26 1 U 25
27 0 U 26
28 0 U 27
29 0 U 28
30 1 U -1
31 1 U 30
32 1 U 31
33 0 U 32
34 1 U 33
35 0 U 34
36 1 U -1
37 0 U 36
38 1 U 37
39 1 U 38
40 0 U 39
41 0 U 40
42 0 U -1
43 1 U 42
44 0 U 43
45 0 U 44
46 1 U 45
# score :89 1207749
# W : 483795 , H : 726609 W + H : 1210404
47
0 1 U -1
1 0 U 0
2 1 U 1
3 0 U 2
4 1 U 3
5 0 U 4
6 1 U -1
7 0 U 6
8 0 U 7
9 0 U 8
10 1 U 9
11 0 U 10
12 0 U -1
13 0 U 12
14 0 U 13
15 0 U 14
16 0 U 15
17 0 U 16
18 0 U -1
19 1 U 18
20 1 U 19
21 1 U 20
22 0 U 21
23 0 U 22
24 1 U -1
25 0 U 24
26 0 U 25
27 0 U 26
28 1 U 27
29 1 U 28
30 1 U -1
31 0 U 30
32 1 U 31
33 1 U 32
34 1 U 33
35 0 U 34
36 0 L 30
37 1 L 31
38 0 L 32
39 0 L 33
40 0 L 34
41 0 L 35
42 0 U -1
43 1 U 42
44 1 U 43
45 1 U 44
46 1 U 45
# score :90 1501410
# W : 971277 , H : 598972 W + H : 1570249
47
0 1 U -1
1 0 U 0
2 1 U 1
3 0 U 2
4 0 U 3
5 1 U 4
6 1 U -1
7 1 U 6
8 1 U 7
9 0 U 8
10 0 U 9
11 1 U 10
12 0 U -1
13 0 U 12
14 0 U 13
15 1 U 14
16 1 U 15
17 0 U 16
18 1 U -1
19 0 U 18
20 1 U 19
21 0 U 20
22 0 U 21
23 0 U 22
24 1 U -1
25 0 U 24
26 0 U 25
27 0 U 26
28 0 U 27
29 1 U 28
30 1 U -1
31 0 U 30
32 0 U 31
33 0 U 32
34 0 U 33
35 0 U 34
36 1 L 30
37 1 L 31
38 0 L 32
39 1 L 33
40 1 L 34
41 1 L 35
42 1 U -1
43 0 U 42
44 1 U 43
45 1 U 44
46 1 U 45
# score :91 1435572
# W : 842020 , H : 601630 W + H : 1443650
47
0 0 U -1
1 0 U 0
2 0 U 1
3 1 U 2
4 1 U 3
5 0 U 4
6 0 U -1
7 0 U 6
8 0 U 7
9 1 U 8
10 1 U 9
11 0 U 10
12 0 U -1
13 0 U 12
14 0 U 13
15 1 U 14
16 0 U 15
17 0 U 16
18 1 U -1
19 1 U 18
20 1 U 19
21 0 U 20
22 0 U 21
23 0 U 22
24 0 U -1
25 0 U 24
26 0 U 25
27 0 U 26
28 0 U 27
29 1 U 28
30 1 U -1
31 1 U 30
32 0 U 31
33 1 U 32
34 0 U 33
35 0 U 34
36 0 L 24
37 0 L 25
38 1 L 26
39 1 L 27
40 0 L 28
41 1 L 29
42 0 U -1
43 0 U 42
44 1 U 43
45 1 U 44
46 0 U 45
# score :92 1431720
# W : 915712 , H : 591989 W + H : 1507701
47
0 0 U -1
1 1 U 0
2 0 U 1
3 1 U 2
4 0 U 3
5 1 U 4
6 1 U -1
7 1 U 6
8 1 U 7
9 1 U 8
10 1 U 9
11 0 U 10
12 1 U -1
13 0 U 12
14 0 U 13
15 0 U 14
16 1 U 15
17 1 U 16
18 0 U -1
19 0 U 18
20 0 U 19
21 0 U 20
22 0 U 21
23 1 U 22
24 0 U -1
25 0 U 24
26 0 U 25
27 0 U 26
28 0 U 27
29 0 U 28
30 0 U -1
31 0 U 30
32 1 U 31
33 1 U 32
34 0 U 33
35 0 U 34
36 0 L 24
37 0 L 25
38 0 L 26
39 0 L 27
40 1 L 28
41 1 L 29
42 0 U -1
43 1 U 42
44 1 U 43
45 1 U 44
46 1 U 45
# score :93 1414426
# W : 769066 , H : 580659 W + H : 1349725
47
0 1 U -1
1 1 U 0
2 1 U 1
3 0 U 2
4 1 U 3
5 1 U 4
6 1 U -1
7 0 U 6
8 1 U 7
9 1 U 8
10 0 U 9
11 0 U 10
12 0 U -1
13 1 U 12
14 1 U 13
15 1 U 14
16 0 U 15
17 1 U 16
18 0 U -1
19 0 U 18
20 1 U 19
21 0 U 20
22 1 U 21
23 1 U 22
24 0 U -1
25 1 U 24
26 1 U 25
27 1 U 26
28 1 U 27
29 1 U 28
30 0 U -1
31 1 U 30
32 1 U 31
33 0 U 32
34 1 U 33
35 1 U 34
36 1 L 24
37 1 L 25
38 0 L 26
39 0 L 27
40 1 L 28
41 0 L 29
42 1 U -1
43 1 U 42
44 1 U 43
45 0 U 44
46 1 U 45
# score :94 1503108
# W : 850487 , H : 589662 W + H : 1440149
47
0 0 U -1
1 1 U 0
2 1 U 1
3 0 U 2
4 0 U 3
5 1 U 4
6 1 U -1
7 0 U 6
8 0 U 7
9 0 U 8
10 0 U 9
11 1 U 10
12 1 U -1
13 1 U 12
14 1 U 13
15 1 U 14
16 1 U 15
17 1 U 16
18 1 U -1
19 1 U 18
20 0 U 19
21 1 U 20
22 0 U 21
23 0 U 22
24 1 U -1
25 0 U 24
26 1 U 25
27 0 U 26
28 1 U 27
29 0 U 28
30 0 U -1
31 1 U 30
32 1 U 31
33 1 U 32
34 0 U 33
35 1 U 34
36 0 L 24
37 1 L 25
38 1 L 26
39 1 L 27
40 1 L 28
41 1 L 29
42 1 U -1
43 1 U 42
44 0 U 43
45 0 U 44
46 1 U 45
# score :95 1557239
# W : 798292 , H : 644729 W + H : 1443021
47
0 1 U -1
1 1 U 0
2 0 U 1
3 0 U 2
4 1 U 3
5 0 U 4
6 1 U -1
7 0 U 6
8 0 U 7
9 1 U 8
10 0 U 9
11 1 U 10
12 1 U -1
13 1 U 12
14 1 U 13
15 0 U 14
16 0 U 15
17 0 U 16
18 1 U -1
19 1 U 18
20 0 U 19
21 0 U 20
22 0 U 21
23 1 U 22
24 1 U -1
25 1 U 24
26 0 U 25
27 1 U 26
28 1 U 27
29 1 U 28
30 1 U -1
31 1 U 30
32 1 U 31
33 1 U 32
34 0 U 33
35 0 U 34
36 0 U -1
37 0 U 36
38 1 U 37
39 1 U 38
40 1 U 39
41 1 U 40
42 0 U -1
43 0 U 42
44 1 U 43
45 0 U 44
46 1 U 45
# score :96 1220863
# W : 467148 , H : 706945 W + H : 1174093
47
0 0 U -1
1 0 U 0
2 0 U 1
3 1 U 2
4 1 U 3
5 1 U 4
6 0 U -1
7 1 U 6
8 0 U 7
9 1 U 8
10 0 U 9
11 1 U 10
12 1 U -1
13 0 U 12
14 0 U 13
15 0 U 14
16 1 U 15
17 0 U 16
18 1 U -1
19 0 U 18
20 0 U 19
21 1 U 20
22 0 U 21
23 1 U 22
24 1 U -1
25 1 U 24
26 1 U 25
27 1 U 26
28 1 U 27
29 1 U 28
30 0 U -1
31 0 U 30
32 1 U 31
33 0 U 32
34 0 U 33
35 0 U 34
36 0 U -1
37 1 U 36
38 0 U 37
39 0 U 38
40 0 U 39
41 1 U 40
42 0 U -1
43 0 U 42
44 0 U 43
45 0 U 44
46 0 U 45
# score :97 1207439
# W : 447785 , H : 684507 W + H : 1132292
47
0 1 U -1
1 0 U 0
2 1 U 1
3 1 U 2
4 1 U 3
5 1 U 4
6 0 U -1
7 1 U 6
8 0 U 7
9 1 U 8
10 0 U 9
11 0 U 10
12 1 U -1
13 0 U 12
14 1 U 13
15 0 U 14
16 0 U 15
17 1 U 16
18 0 U -1
19 1 U 18
20 0 U 19
21 0 U 20
22 1 U 21
23 0 U 22
24 0 U -1
25 1 U 24
26 1 U 25
27 1 U 26
28 0 U 27
29 0 U 28
30 1 U -1
31 0 U 30
32 1 U 31
33 1 U 32
34 0 U 33
35 0 U 34
36 0 L 30
37 0 L 31
38 0 L 32
39 0 L 33
40 1 L 34
41 0 L 35
42 1 U -1
43 0 U 42
44 1 U 43
45 0 U 44
46 0 U 45
# score :98 1497800
# W : 836346 , H : 591700 W + H : 1428046
47
0 0 U -1
1 1 U 0
2 0 U 1
3 0 U 2
4 1 U 3
5 0 U 4
6 1 U -1
7 1 U 6
8 0 U 7
9 1 U 8
10 0 U 9
11 1 U 10
12 0 U -1
13 0 U 12
14 1 U 13
15 0 U 14
16 1 U 15
17 1 U 16
18 0 U -1
19 0 U 18
20 1 U 19
21 0 U 20
22 1 U 21
23 1 U 22
24 0 U -1
25 1 U 24
26 1 U 25
27 1 U 26
28 1 U 27
29 1 U 28
30 1 U -1
31 0 U 30
32 1 U 31
33 1 U 32
34 1 U 33
35 1 U 34
36 0 L 30
37 1 L 31
38 0 L 32
39 0 L 33
40 0 L 34
41 1 L 35
42 1 U -1
43 0 U 42
44 0 U 43
45 1 U 44
46 1 U 45
# score :99 1445939
# W : 700939 , H : 668711 W + H : 1369650
47
0 1 U -1
1 1 U 0
2 0 U 1
3 0 U 2
4 0 U 3
5 1 U 4
6 0 U -1
7 1 U 6
8 0 U 7
9 0 U 8
10 1 U 9
11 1 U 10
12 1 U -1
13 1 U 12
14 0 U 13
15 1 U 14
16 0 U 15
17 0 U 16
18 0 U -1
19 1 U 18
20 0 U 19
21 1 U 20
22 0 U 21
23 0 U 22
24 1 U -1
25 0 U 24
26 1 U 25
27 0 U 26
28 1 U 27
29 0 U 28
30 0 U -1
31 1 U 30
32 1 U 31
33 1 U 32
34 0 U 33
35 1 U 34
36 0 L 24
37 1 L 25
38 1 L 26
39 1 L 27
40 1 L 28
41 1 L 29
42 1 U -1
43 1 U 42
44 1 U 43
45 0 U 44
46 1 U 45
# score :100 1546890
# W : 790521 , H : 602955 W + H : 1393476
47
0 0 U -1
1 0 U 0
2 0 U 1
3 0 U 2
4 1 U 3
5 1 U 4
6 0 U -1
7 1 U 6
8 1 U 7
9 0 U 8
10 0 U 9
11 0 U 10
12 1 U -1
13 0 U 12
14 0 U 13
15 1 U 14
16 0 U 15
17 1 U 16
18 0 U -1
19 1 U 18
20 1 U 19
21 0 U 20
22 0 U 21
23 1 U 22
24 1 U -1
25 0 U 24
26 1 U 25
27 0 U 26
28 1 U 27
29 1 U 28
30 1 U -1
31 1 U 30
32 1 U 31
33 0 U 32
34 1 U 33
35 0 U 34
36 0 L 24
37 0 L 25
38 1 L 26
39 0 L 27
40 1 L 28
41 1 L 29
42 0 U -1
43 0 U 42
44 0 U 43
45 1 U 44
46 0 U 45
# score :101 1457000
# W : 855813 , H : 588524 W + H : 1444337
47
0 0 U -1
1 1 U 0
2 0 U 1
3 1 U 2
4 1 U 3
5 0 U 4
6 1 U -1
7 0 U 6
8 0 U 7
9 0 U 8
10 1 U 9
11 0 U 10
12 0 U -1
13 0 U 12
14 1 U 13
15 0 U 14
16 0 U 15
17 1 U 16
18 1 U -1
19 1 U 18
20 1 U 19
21 1 U 20
22 0 U 21
23 1 U 22
24 0 U -1
25 0 U 24
26 1 U 25
27 1 U 26
28 0 U 27
29 0 U 28
30 0 U -1
31 1 U 30
32 0 U 31
33 0 U 32
34 0 U 33
35 1 U 34
36 0 L 24
37 0 L 25
38 1 L 26
39 1 L 27
40 1 L 28
41 0 L 29
42 0 U -1
43 1 U 42
44 0 U 43
45 1 U 44
46 1 U 45
# score :102 1508475
# W : 883245 , H : 597736 W + H : 1480981
47
0 0 U -1
1 0 U 0
2 0 U 1
3 0 U 2
4 1 U 3
5 0 U 4
6 1 U -1
7 1 U 6
8 1 U 7
9 1 U 8
10 1 U 9
11 0 U 10
12 1 U -1
13 0 U 12
14 0 U 13
15 0 U 14
16 1 U 15
17 1 U 16
18 1 U -1
19 0 U 18
20 1 U 19
21 0 U 20
22 1 U 21
23 0 U 22
24 0 U -1
25 1 U 24
26 0 U 25
27 1 U 26
28 0 U 27
29 0 U 28
30 1 U -1
31 1 U 30
32 0 U 31
33 0 U 32
34 0 U 33
35 0 U 34
36 1 L 24
37 1 L 25
38 0 L 26
39 1 L 27
40 0 L 28
41 0 L 29
42 1 U -1
43 1 U 42
44 1 U 43
45 1 U 44
46 1 U 45
# score :103 1629670
# W : 995441 , H : 600128 W + H : 1595569
47
0 1 U -1
1 1 U 0
2 1 U 1
3 0 U 2
4 1 U 3
5 1 U 4
6 1 U -1
7 0 U 6
8 0 U 7
9 0 U 8
10 1 U 9
11 0 U 10
12 1 U -1
13 1 U 12
14 0 U 13
15 1 U 14
16 1 U 15
17 1 U 16
18 0 U -1
19 1 U 18
20 0 U 19
21 0 U 20
22 1 U 21
23 0 U 22
24 0 U -1
25 0 U 24
26 1 U 25
27 0 U 26
28 1 U 27
29 1 U 28
30 1 U -1
31 1 U 30
32 1 U 31
33 1 U 32
34 1 U 33
35 0 U 34
36 0 U -1
37 1 U 36
38 1 U 37
39 0 U 38
40 1 U 39
41 0 U 40
42 1 U -1
43 1 U 42
44 1 U 43
45 0 U 44
46 1 U 45
# score :104 1222345
# W : 471856 , H : 698465 W + H : 1170321
47
0 0 U -1
1 0 U 0
2 1 U 1
3 0 U 2
4 0 U 3
5 1 U 4
6 0 U -1
7 1 U 6
8 0 U 7
9 1 U 8
10 1 U 9
11 1 U 10
12 0 U -1
13 1 U 12
14 1 U 13
15 1 U 14
16 1 U 15
17 1 U 16
18 0 U -1
19 0 U 18
20 0 U 19
21 0 U 20
22 0 U 21
23 0 U 22
24 1 U -1
25 0 U 24
26 0 U 25
27 0 U 26
28 1 U 27
29 0 U 28
30 1 U -1
31 0 U 30
32 0 U 31
33 0 U 32
34 0 U 33
35 0 U 34
36 0 U -1
37 1 U 36
38 0 U 37
39 0 U 38
40 0 U 39
41 1 U 40
42 0 U -1
43 0 U 42
44 1 U 43
45 0 U 44
46 0 U 45
