63
0 0 U -1
1 0 U 0
2 0 U 1
3 0 U 2
4 0 U 3
5 0 U 4
6 0 U 5
7 0 U -1
8 0 U 7
9 0 U 8
10 0 U 9
11 0 U 10
12 0 U 11
13 0 U 12
14 0 U -1
15 0 U 14
16 0 U 15
17 0 U 16
18 0 U 17
19 0 U 18
20 0 U 19
21 0 U -1
22 0 U 21
23 0 U 22
24 0 U 23
25 0 U 24
26 0 U 25
27 0 U 26
28 0 U -1
29 0 U 28
30 0 U 29
31 0 U 30
32 0 U 31
33 0 U 32
34 0 U 33
35 0 U -1
36 0 U 35
37 0 U 36
38 0 U 37
39 0 U 38
40 0 U 39
41 0 U 40
42 0 U -1
43 0 U 42
44 0 U 43
45 0 U 44
46 0 U 45
47 0 U 46
48 0 U 47
49 0 U -1
50 0 U 49
51 0 U 50
52 0 U 51
53 0 U 52
54 0 U 53
55 0 U 54
56 0 U -1
57 0 U 56
58 0 U 57
59 0 U 58
60 0 U 59
61 0 U 60
62 0 U 61
# score :0 1199752
# W : 518534 , H : 627608
63
0 0 U -1
1 0 U 0
2 0 U 1
3 1 U 2
4 0 U 3
5 0 U 4
6 0 U 5
7 1 U -1
8 0 U 7
9 1 U 8
10 1 U 9
11 1 U 10
12 0 U 11
13 1 U 12
14 0 U -1
15 1 U 14
16 1 U 15
17 1 U 16
18 1 U 17
19 1 U 18
20 0 U 19
21 0 U -1
22 1 U 21
23 0 U 22
24 1 U 23
25 0 U 24
26 0 U 25
27 0 U 26
28 0 U -1
29 1 U 28
30 0 U 29
31 1 U 30
32 1 U 31
33 0 U 32
34 1 U 33
35 1 U -1
36 0 U 35
37 1 U 36
38 1 U 37
39 0 U 38
40 0 U 39
41 1 U 40
42 0 U -1
43 0 U 42
44 0 U 43
45 0 U 44
46 0 U 45
47 0 U 46
48 0 U 47
49 0 U -1
50 0 U 49
51 1 U 50
52 0 U 51
53 0 U 52
54 0 U 53
55 1 U 54
56 0 U -1
57 1 U 56
58 1 U 57
59 1 U 58
60 0 U 59
61 1 U 60
62 0 U 61
# score :1 1105793
# W : 560738 , H : 551724
63
0 0 U -1
1 0 U 0
2 0 U 1
3 0 U 2
4 0 U 3
5 0 U 4
6 0 U 5
7 0 U -1
8 0 U 7
9 0 U 8
10 0 U 9
11 0 U 10
12 0 U 11
13 0 U 12
14 0 U -1
15 0 U 14
16 0 U 15
17 0 U 16
18 0 U 17
19 0 U 18
20 0 U 19
21 0 U -1
22 0 U 21
23 0 U 22
24 0 U 23
25 0 U 24
26 0 U 25
27 0 U 26
28 0 U -1
29 0 U 28
30 0 U 29
31 0 U 30
32 0 U 31
33 0 U 32
34 0 U 33
35 0 U -1
36 0 U 35
37 0 U 36
38 0 U 37
39 0 U 38
40 0 U 39
41 0 U 40
42 0 U -1
43 0 U 42
44 0 U 43
45 0 U 44
46 0 U 45
47 0 U 46
48 0 U 47
49 0 L 42
50 0 L 43
51 0 L 44
52 0 L 45
53 0 L 46
54 0 L 47
55 0 L 48
56 0 U -1
57 0 U 56
58 0 U 57
59 0 U 58
60 0 U 59
61 0 U 60
62 0 U 61
# score :2 1340558
# W : 568415 , H : 627719
63
0 0 U -1
1 0 U 0
2 0 U 1
3 1 U 2
4 0 U 3
5 0 U 4
6 0 U 5
7 1 U -1
8 0 U 7
9 1 U 8
10 1 U 9
11 1 U 10
12 0 U 11
13 1 U 12
14 0 U -1
15 1 U 14
16 1 U 15
17 1 U 16
18 1 U 17
19 1 U 18
20 0 U 19
21 0 U -1
22 1 U 21
23 0 U 22
24 1 U 23
25 0 U 24
26 0 U 25
27 0 U 26
28 0 U -1
29 1 U 28
30 0 U 29
31 1 U 30
32 1 U 31
33 0 U 32
34 1 U 33
35 1 U -1
36 0 U 35
37 1 U 36
38 1 U 37
39 0 U 38
40 0 U 39
41 1 U 40
42 0 U -1
43 0 U 42
44 0 U 43
45 0 U 44
46 0 U 45
47 0 U 46
48 0 U 47
49 0 L 42
50 0 L 43
51 1 L 44
52 0 L 45
53 0 L 46
54 0 L 47
55 1 L 48
56 0 U -1
57 1 U 56
58 1 U 57
59 1 U 58
60 0 U 59
61 1 U 60
62 0 U 61
# score :3 1284627
# W : 679188 , H : 490617
63
0 0 U -1
1 0 U 0
2 0 U 1
3 0 U 2
4 0 U 3
5 0 U 4
6 0 U 5
7 0 U -1
8 0 U 7
9 0 U 8
10 0 U 9
11 0 U 10
12 0 U 11
13 0 U 12
14 0 U -1
15 0 U 14
16 0 U 15
17 0 U 16
18 0 U 17
19 0 U 18
20 0 U 19
21 0 U -1
22 0 U 21
23 0 U 22
24 0 U 23
25 0 U 24
26 0 U 25
27 0 U 26
28 0 U -1
29 0 U 28
30 0 U 29
31 0 U 30
32 0 U 31
33 0 U 32
34 0 U 33
35 0 U -1
36 0 U 35
37 0 U 36
38 0 U 37
39 0 U 38
40 0 U 39
41 0 U 40
42 0 U -1
43 0 U 42
44 0 U 43
45 0 U 44
46 0 U 45
47 0 U 46
48 0 U 47
49 0 L 35
50 0 L 36
51 0 L 37
52 0 L 38
53 0 L 39
54 0 L 40
55 0 L 41
56 0 U -1
57 0 U 56
58 0 U 57
59 0 U 58
60 0 U 59
61 0 U 60
62 0 U 61
# score :4 1341328
# W : 754940 , H : 559462
63
0 0 U -1
1 0 U 0
2 0 U 1
3 1 U 2
4 0 U 3
5 0 U 4
6 0 U 5
7 1 U -1
8 0 U 7
9 1 U 8
10 1 U 9
11 1 U 10
12 0 U 11
13 1 U 12
14 0 U -1
15 1 U 14
16 1 U 15
17 1 U 16
18 1 U 17
19 1 U 18
20 0 U 19
21 0 U -1
22 1 U 21
23 0 U 22
24 1 U 23
25 0 U 24
26 0 U 25
27 0 U 26
28 0 U -1
29 1 U 28
30 0 U 29
31 1 U 30
32 1 U 31
33 0 U 32
34 1 U 33
35 1 U -1
36 0 U 35
37 1 U 36
38 1 U 37
39 0 U 38
40 0 U 39
41 1 U 40
42 0 U -1
43 0 U 42
44 0 U 43
45 0 U 44
46 0 U 45
47 0 U 46
48 0 U 47
49 0 L 35
50 0 L 36
51 1 L 37
52 0 L 38
53 0 L 39
54 0 L 40
55 1 L 41
56 0 U -1
57 1 U 56
58 1 U 57
59 1 U 58
60 0 U 59
61 1 U 60
62 0 U 61
# score :5 1371168
# W : 966493 , H : 471485
63
0 0 U -1
1 0 U 0
2 0 U 1
3 0 U 2
4 0 U 3
5 0 U 4
6 0 U 5
7 0 U -1
8 0 U 7
9 0 U 8
10 0 U 9
11 0 U 10
12 0 U 11
13 0 U 12
14 0 U -1
15 0 U 14
16 0 U 15
17 0 U 16
18 0 U 17
19 0 U 18
20 0 U 19
21 0 U -1
22 0 U 21
23 0 U 22
24 0 U 23
25 0 U 24
26 0 U 25
27 0 U 26
28 0 U -1
29 0 U 28
30 0 U 29
31 0 U 30
32 0 U 31
33 0 U 32
34 0 U 33
35 0 U -1
36 0 U 35
37 0 U 36
38 0 U 37
39 0 U 38
40 0 U 39
41 0 U 40
42 0 U -1
43 0 U 42
44 0 U 43
45 0 U 44
46 0 U 45
47 0 U 46
48 0 U 47
49 0 L 35
50 0 L 36
51 0 L 37
52 0 L 38
53 0 L 39
54 0 L 40
55 0 L 41
56 0 U -1
57 0 U 56
58 0 U 57
59 0 U 58
60 0 U 59
61 0 U 60
62 0 U 61
# score :6 1363140
# W : 756229 , H : 561561
63
0 0 U -1
1 0 U 0
2 0 U 1
3 1 U 2
4 0 U 3
5 0 U 4
6 0 U 5
7 1 U -1
8 0 U 7
9 1 U 8
10 1 U 9
11 1 U 10
12 0 U 11
13 1 U 12
14 0 U -1
15 1 U 14
16 1 U 15
17 1 U 16
18 1 U 17
19 1 U 18
20 0 U 19
21 0 U -1
22 1 U 21
23 0 U 22
24 1 U 23
25 0 U 24
26 0 U 25
27 0 U 26
28 0 U -1
29 1 U 28
30 0 U 29
31 1 U 30
32 1 U 31
33 0 U 32
34 1 U 33
35 1 U -1
36 0 U 35
37 1 U 36
38 1 U 37
39 0 U 38
40 0 U 39
41 1 U 40
42 0 U -1
43 0 U 42
44 0 U 43
45 0 U 44
46 0 U 45
47 0 U 46
48 0 U 47
49 0 L 35
50 0 L 36
51 1 L 37
52 0 L 38
53 0 L 39
54 0 L 40
55 1 L 41
56 0 U -1
57 1 U 56
58 1 U 57
59 1 U 58
60 0 U 59
61 1 U 60
62 0 U 61
# score :7 1386304
# W : 966618 , H : 470839
63
0 0 U -1
1 1 U 0
2 1 U 1
3 1 U 2
4 1 U 3
5 0 U 4
6 1 U 5
7 1 U -1
8 0 U 7
9 1 U 8
10 1 U 9
11 1 U 10
12 1 U 11
13 1 U 12
14 1 U -1
15 0 U 14
16 0 U 15
17 0 U 16
18 0 U 17
19 1 U 18
20 1 U 19
21 1 U -1
22 0 U 21
23 0 U 22
24 1 U 23
25 1 U 24
26 1 U 25
27 1 U 26
28 1 U -1
29 0 U 28
30 0 U 29
31 1 U 30
32 1 U 31
33 1 U 32
34 1 U 33
35 0 U -1
36 1 U 35
37 1 U 36
38 1 U 37
39 0 U 38
40 0 U 39
41 0 U 40
42 0 U -1
43 0 U 42
44 0 U 43
45 1 U 44
46 0 U 45
47 1 U 46
48 1 U 47
49 0 U -1
50 1 U 49
51 0 U 50
52 1 U 51
53 0 U 52
54 0 U 53
55 1 U 54
56 0 U -1
57 0 U 56
58 0 U 57
59 1 U 58
60 0 U 59
61 1 U 60
62 0 U 61
# score :8 1200781
# W : 450079 , H : 697922
63
0 1 U -1
1 0 U 0
2 1 U 1
3 1 U 2
4 0 U 3
5 1 U 4
6 0 U 5
7 0 U -1
8 1 U 7
9 1 U 8
10 1 U 9
11 0 U 10
12 1 U 11
13 0 U 12
14 0 U -1
15 1 U 14
16 0 U 15
17 1 U 16
18 0 U 17
19 0 U 18
20 1 U 19
21 1 U -1
22 1 U 21
23 1 U 22
24 0 U 23
25 1 U 24
26 1 U 25
27 1 U 26
28 1 U -1
29 0 U 28
30 0 U 29
31 0 U 30
32 0 U 31
33 1 U 32
34 0 U 33
35 0 U -1
36 1 U 35
37 1 U 36
38 0 U 37
39 0 U 38
40 0 U 39
41 0 U 40
42 0 U -1
43 1 U 42
44 0 U 43
45 1 U 44
46 0 U 45
47 1 U 46
48 0 U 47
49 0 U -1
50 0 U 49
51 0 U 50
52 0 U 51
53 1 U 52
54 0 U 53
55 0 U 54
56 0 U -1
57 1 U 56
58 0 U 57
59 0 U 58
60 1 U 59
61 1 U 60
62 0 U 61
# score :9 1140393
# W : 439582 , H : 642416
63
0 1 U -1
1 1 U 0
2 1 U 1
3 0 U 2
4 1 U 3
5 1 U 4
6 1 U 5
7 0 U -1
8 0 U 7
9 1 U 8
10 0 U 9
11 0 U 10
12 1 U 11
13 0 U 12
14 1 U -1
15 1 U 14
16 0 U 15
17 1 U 16
18 1 U 17
19 0 U 18
20 0 U 19
21 1 U -1
22 0 U 21
23 1 U 22
24 0 U 23
25 1 U 24
26 1 U 25
27 0 U 26
28 1 U -1
29 1 U 28
30 1 U 29
31 1 U 30
32 1 U 31
33 1 U 32
34 1 U 33
35 0 U -1
36 1 U 35
37 1 U 36
38 0 U 37
39 1 U 38
40 1 U 39
41 1 U 40
42 0 U -1
43 1 U 42
44 1 U 43
45 0 U 44
46 0 U 45
47 1 U 46
48 1 U 47
49 0 L 42
50 0 L 43
51 0 L 44
52 1 L 45
53 1 L 46
54 1 L 47
55 0 L 48
56 0 U -1
57 1 U 56
58 0 U 57
59 1 U 58
60 1 U 59
61 1 U 60
62 1 U 61
# score :10 1276266
# W : 417924 , H : 666084
63
0 1 U -1
1 0 U 0
2 1 U 1
3 0 U 2
4 0 U 3
5 1 U 4
6 1 U 5
7 1 U -1
8 1 U 7
9 0 U 8
10 1 U 9
11 0 U 10
12 1 U 11
13 0 U 12
14 0 U -1
15 0 U 14
16 1 U 15
17 0 U 16
18 1 U 17
19 0 U 18
20 0 U 19
21 0 U -1
22 0 U 21
23 0 U 22
24 1 U 23
25 0 U 24
26 1 U 25
27 1 U 26
28 1 U -1
29 1 U 28
30 1 U 29
31 0 U 30
32 1 U 31
33 0 U 32
34 1 U 33
35 0 U -1
36 0 U 35
37 0 U 36
38 1 U 37
39 0 U 38
40 1 U 39
41 1 U 40
42 0 U -1
43 0 U 42
44 0 U 43
45 1 U 44
46 0 U 45
47 1 U 46
48 1 U 47
49 1 L 42
50 0 L 43
51 1 L 44
52 0 L 45
53 0 L 46
54 0 L 47
55 0 L 48
56 0 U -1
57 1 U 56
58 1 U 57
59 0 U 58
60 0 U 59
61 0 U 60
62 0 U 61
# score :11 1407886
# W : 670464 , H : 647874
63
0 0 U -1
1 1 U 0
2 0 U 1
3 1 U 2
4 0 U 3
5 1 U 4
6 1 U 5
7 0 U -1
8 1 U 7
9 1 U 8
10 1 U 9
11 1 U 10
12 0 U 11
13 0 U 12
14 0 U -1
15 0 U 14
16 1 U 15
17 0 U 16
18 1 U 17
19 0 U 18
20 0 U 19
21 1 U -1
22 1 U 21
23 1 U 22
24 1 U 23
25 0 U 24
26 0 U 25
27 1 U 26
28 1 U -1
29 0 U 28
30 0 U 29
31 1 U 30
32 0 U 31
33 0 U 32
34 0 U 33
35 0 U -1
36 0 U 35
37 1 U 36
38 0 U 37
39 1 U 38
40 1 U 39
41 1 U 40
42 0 U -1
43 0 U 42
44 0 U 43
45 1 U 44
46 0 U 45
47 1 U 46
48 1 U 47
49 1 L 35
50 0 L 36
51 0 L 37
52 1 L 38
53 1 L 39
54 0 L 40
55 1 L 41
56 0 U -1
57 1 U 56
58 1 U 57
59 1 U 58
60 1 U 59
61 1 U 60
62 1 U 61
# score :12 1314943
# W : 728530 , H : 593228
63
0 0 U -1
1 1 U 0
2 0 U 1
3 1 U 2
4 1 U 3
5 0 U 4
6 0 U 5
7 1 U -1
8 1 U 7
9 0 U 8
10 1 U 9
11 0 U 10
12 1 U 11
13 0 U 12
14 0 U -1
15 0 U 14
16 0 U 15
17 0 U 16
18 1 U 17
19 0 U 18
20 0 U 19
21 1 U -1
22 1 U 21
23 0 U 22
24 0 U 23
25 0 U 24
26 1 U 25
27 0 U 26
28 0 U -1
29 0 U 28
30 0 U 29
31 1 U 30
32 1 U 31
33 1 U 32
34 0 U 33
35 1 U -1
36 1 U 35
37 1 U 36
38 0 U 37
39 1 U 38
40 0 U 39
41 0 U 40
42 0 U -1
43 1 U 42
44 0 U 43
45 0 U 44
46 1 U 45
47 0 U 46
48 0 U 47
49 0 L 35
50 1 L 36
51 0 L 37
52 0 L 38
53 0 L 39
54 1 L 40
55 1 L 41
56 1 U -1
57 0 U 56
58 1 U 57
59 0 U 58
60 1 U 59
61 1 U 60
62 0 U 61
# score :13 1450103
# W : 783042 , H : 559847
63
0 1 U -1
1 1 U 0
2 1 U 1
3 1 U 2
4 0 U 3
5 0 U 4
6 1 U 5
7 0 U -1
8 0 U 7
9 1 U 8
10 1 U 9
11 0 U 10
12 0 U 11
13 1 U 12
14 1 U -1
15 1 U 14
16 0 U 15
17 0 U 16
18 0 U 17
19 1 U 18
20 1 U 19
21 1 U -1
22 1 U 21
23 0 U 22
24 1 U 23
25 1 U 24
26 0 U 25
27 1 U 26
28 1 U -1
29 1 U 28
30 1 U 29
31 0 U 30
32 0 U 31
33 0 U 32
34 0 U 33
35 1 U -1
36 1 U 35
37 0 U 36
38 1 U 37
39 0 U 38
40 1 U 39
41 0 U 40
42 1 U -1
43 0 U 42
44 0 U 43
45 0 U 44
46 1 U 45
47 0 U 46
48 0 U 47
49 1 L 35
50 1 L 36
51 1 L 37
52 0 L 38
53 1 L 39
54 1 L 40
55 0 L 41
56 0 U -1
57 0 U 56
58 0 U 57
59 0 U 58
60 1 U 59
61 0 U 60
62 0 U 61
# score :14 1418118
# W : 694923 , H : 569021
63
0 0 U -1
1 1 U 0
2 1 U 1
3 0 U 2
4 1 U 3
5 0 U 4
6 1 U 5
7 1 U -1
8 0 U 7
9 0 U 8
10 0 U 9
11 1 U 10
12 0 U 11
13 1 U 12
14 0 U -1
15 0 U 14
16 0 U 15
17 1 U 16
18 1 U 17
19 0 U 18
20 1 U 19
21 1 U -1
22 0 U 21
23 1 U 22
24 0 U 23
25 1 U 24
26 0 U 25
27 0 U 26
28 1 U -1
29 1 U 28
30 1 U 29
31 0 U 30
32 0 U 31
33 1 U 32
34 1 U 33
35 1 U -1
36 1 U 35
37 0 U 36
38 1 U 37
39 1 U 38
40 0 U 39
41 0 U 40
42 1 U -1
43 0 U 42
44 1 U 43
45 0 U 44
46 1 U 45
47 0 U 46
48 1 U 47
49 1 L 35
50 0 L 36
51 0 L 37
52 0 L 38
53 0 L 39
54 0 L 40
55 0 L 41
56 0 U -1
57 0 U 56
58 0 U 57
59 1 U 58
60 0 U 59
61 1 U 60
62 0 U 61
# score :15 1342823
# W : 835879 , H : 552474
63
0 1 U -1
1 1 U 0
2 0 U 1
3 1 U 2
4 0 U 3
5 0 U 4
6 0 U 5
7 0 U -1
8 1 U 7
9 0 U 8
10 1 U 9
11 1 U 10
12 1 U 11
13 1 U 12
14 0 U -1
15 0 U 14
16 1 U 15
17 0 U 16
18 1 U 17
19 1 U 18
20 1 U 19
21 1 U -1
22 1 U 21
23 0 U 22
24 0 U 23
25 1 U 24
26 0 U 25
27 0 U 26
28 1 U -1
29 0 U 28
30 1 U 29
31 1 U 30
32 1 U 31
33 0 U 32
34 0 U 33
35 1 U -1
36 0 U 35
37 1 U 36
38 0 U 37
39 0 U 38
40 1 U 39
41 1 U 40
42 0 U -1
43 0 U 42
44 1 U 43
45 0 U 44
46 0 U 45
47 0 U 46
48 1 U 47
49 1 U -1
50 0 U 49
51 1 U 50
52 1 U 51
53 0 U 52
54 0 U 53
55 0 U 54
56 0 U -1
57 1 U 56
58 1 U 57
59 0 U 58
60 1 U 59
61 1 U 60
62 0 U 61
# score :16 1138927
# W : 464900 , H : 604706
63
0 1 U -1
1 1 U 0
2 1 U 1
3 0 U 2
4 0 U 3
5 1 U 4
6 1 U 5
7 0 U -1
8 1 U 7
9 1 U 8
10 1 U 9
11 1 U 10
12 1 U 11
13 0 U 12
14 0 U -1
15 1 U 14
16 0 U 15
17 0 U 16
18 0 U 17
19 1 U 18
20 0 U 19
21 1 U -1
22 1 U 21
23 1 U 22
24 0 U 23
25 0 U 24
26 0 U 25
27 0 U 26
28 0 U -1
29 0 U 28
30 0 U 29
31 1 U 30
32 0 U 31
33 0 U 32
34 0 U 33
35 1 U -1
36 0 U 35
37 0 U 36
38 1 U 37
39 1 U 38
40 0 U 39
41 1 U 40
42 0 U -1
43 1 U 42
44 0 U 43
45 0 U 44
46 1 U 45
47 0 U 46
48 0 U 47
49 0 U -1
50 1 U 49
51 0 U 50
52 0 U 51
53 0 U 52
54 1 U 53
55 1 U 54
56 1 U -1
57 1 U 56
58 1 U 57
59 0 U 58
60 1 U 59
61 1 U 60
62 1 U 61
# score :17 1156660
# W : 478562 , H : 627882
63
0 0 U -1
1 1 U 0
2 1 U 1
3 0 U 2
4 0 U 3
5 1 U 4
6 1 U 5
7 1 U -1
8 1 U 7
9 0 U 8
10 0 U 9
11 0 U 10
12 0 U 11
13 1 U 12
14 1 U -1
15 1 U 14
16 1 U 15
17 0 U 16
18 0 U 17
19 0 U 18
20 1 U 19
21 0 U -1
22 1 U 21
23 1 U 22
24 1 U 23
25 1 U 24
26 0 U 25
27 1 U 26
28 0 U -1
29 0 U 28
30 0 U 29
31 1 U 30
32 1 U 31
33 0 U 32
34 0 U 33
35 0 U -1
36 0 U 35
37 0 U 36
38 1 U 37
39 0 U 38
40 0 U 39
41 0 U 40
42 0 U -1
43 0 U 42
44 0 U 43
45 0 U 44
46 1 U 45
47 0 U 46
48 0 U 47
49 1 L 42
50 1 L 43
51 0 L 44
52 0 L 45
53 1 L 46
54 1 L 47
55 0 L 48
56 0 U -1
57 0 U 56
58 0 U 57
59 0 U 58
60 0 U 59
61 0 U 60
62 1 U 61
# score :18 1239084
# W : 571793 , H : 657667
63
0 1 U -1
1 0 U 0
2 0 U 1
3 1 U 2
4 0 U 3
5 1 U 4
6 0 U 5
7 0 U -1
8 0 U 7
9 0 U 8
10 0 U 9
11 1 U 10
12 0 U 11
13 1 U 12
14 1 U -1
15 0 U 14
16 1 U 15
17 1 U 16
18 1 U 17
19 1 U 18
20 1 U 19
21 0 U -1
22 1 U 21
23 0 U 22
24 1 U 23
25 0 U 24
26 1 U 25
27 0 U 26
28 0 U -1
29 0 U 28
30 0 U 29
31 1 U 30
32 1 U 31
33 0 U 32
34 1 U 33
35 0 U -1
36 1 U 35
37 1 U 36
38 1 U 37
39 1 U 38
40 0 U 39
41 1 U 40
42 0 U -1
43 1 U 42
44 0 U 43
45 1 U 44
46 0 U 45
47 0 U 46
48 0 U 47
49 1 L 42
50 1 L 43
51 0 L 44
52 1 L 45
53 1 L 46
54 0 L 47
55 0 L 48
56 0 U -1
57 1 U 56
58 0 U 57
59 0 U 58
60 1 U 59
61 1 U 60
62 0 U 61
# score :19 1221323
# W : 583144 , H : 619109
63
0 1 U -1
1 0 U 0
2 0 U 1
3 1 U 2
4 0 U 3
5 0 U 4
6 1 U 5
7 0 U -1
8 1 U 7
9 1 U 8
10 0 U 9
11 0 U 10
12 0 U 11
13 1 U 12
14 1 U -1
15 1 U 14
16 1 U 15
17 1 U 16
18 1 U 17
19 1 U 18
20 0 U 19
21 0 U -1
22 0 U 21
23 1 U 22
24 1 U 23
25 1 U 24
26 0 U 25
27 1 U 26
28 1 U -1
29 1 U 28
30 0 U 29
31 1 U 30
32 0 U 31
33 1 U 32
34 0 U 33
35 0 U -1
36 1 U 35
37 1 U 36
38 0 U 37
39 1 U 38
40 1 U 39
41 0 U 40
42 1 U -1
43 1 U 42
44 1 U 43
45 0 U 44
46 0 U 45
47 1 U 46
48 0 U 47
49 0 L 35
50 0 L 36
51 1 L 37
52 0 L 38
53 1 L 39
54 1 L 40
55 0 L 41
56 1 U -1
57 1 U 56
58 1 U 57
59 1 U 58
60 1 U 59
61 1 U 60
62 0 U 61
# score :20 1356846
# W : 582603 , H : 643317
63
0 0 U -1
1 1 U 0
2 1 U 1
3 1 U 2
4 1 U 3
5 1 U 4
6 1 U 5
7 1 U -1
8 0 U 7
9 1 U 8
10 0 U 9
11 1 U 10
12 0 U 11
13 1 U 12
14 0 U -1
15 1 U 14
16 1 U 15
17 1 U 16
18 1 U 17
19 0 U 18
20 1 U 19
21 1 U -1
22 0 U 21
23 1 U 22
24 1 U 23
25 0 U 24
26 0 U 25
27 0 U 26
28 0 U -1
29 0 U 28
30 1 U 29
31 0 U 30
32 1 U 31
33 1 U 32
34 0 U 33
35 1 U -1
36 0 U 35
37 1 U 36
38 1 U 37
39 0 U 38
40 1 U 39
41 1 U 40
42 0 U -1
43 0 U 42
44 1 U 43
45 1 U 44
46 1 U 45
47 0 U 46
48 0 U 47
49 1 L 35
50 1 L 36
51 0 L 37
52 1 L 38
53 1 L 39
54 1 L 40
55 0 L 41
56 0 U -1
57 1 U 56
58 0 U 57
59 0 U 58
60 0 U 59
61 1 U 60
62 1 U 61
# score :21 1374262
# W : 661590 , H : 533914
63
0 1 U -1
1 1 U 0
2 0 U 1
3 1 U 2
4 0 U 3
5 0 U 4
6 0 U 5
7 0 U -1
8 1 U 7
9 0 U 8
10 1 U 9
11 1 U 10
12 1 U 11
13 1 U 12
14 1 U -1
15 1 U 14
16 1 U 15
17 0 U 16
18 1 U 17
19 1 U 18
20 1 U 19
21 0 U -1
22 1 U 21
23 1 U 22
24 0 U 23
25 1 U 24
26 0 U 25
27 0 U 26
28 1 U -1
29 1 U 28
30 1 U 29
31 1 U 30
32 1 U 31
33 1 U 32
34 1 U 33
35 0 U -1
36 1 U 35
37 0 U 36
38 1 U 37
39 1 U 38
40 1 U 39
41 0 U 40
42 0 U -1
43 0 U 42
44 0 U 43
45 1 U 44
46 0 U 45
47 1 U 46
48 1 U 47
49 1 L 35
50 1 L 36
51 0 L 37
52 1 L 38
53 1 L 39
54 1 L 40
55 1 L 41
56 0 U -1
57 0 U 56
58 0 U 57
59 1 U 58
60 0 U 59
61 1 U 60
62 1 U 61
# score :22 1216147
# W : 545905 , H : 649370
63
0 1 U -1
1 1 U 0
2 0 U 1
3 0 U 2
4 1 U 3
5 1 U 4
6 1 U 5
7 0 U -1
8 0 U 7
9 1 U 8
10 1 U 9
11 0 U 10
12 1 U 11
13 0 U 12
14 1 U -1
15 1 U 14
16 0 U 15
17 0 U 16
18 1 U 17
19 1 U 18
20 0 U 19
21 0 U -1
22 1 U 21
23 0 U 22
24 0 U 23
25 0 U 24
26 1 U 25
27 1 U 26
28 1 U -1
29 0 U 28
30 0 U 29
31 1 U 30
32 1 U 31
33 1 U 32
34 1 U 33
35 1 U -1
36 0 U 35
37 1 U 36
38 1 U 37
39 1 U 38
40 1 U 39
41 1 U 40
42 0 U -1
43 0 U 42
44 0 U 43
45 1 U 44
46 0 U 45
47 0 U 46
48 0 U 47
49 0 L 35
50 0 L 36
51 1 L 37
52 1 L 38
53 1 L 39
54 1 L 40
55 0 L 41
56 0 U -1
57 1 U 56
58 0 U 57
59 1 U 58
60 1 U 59
61 1 U 60
62 0 U 61
# score :23 1448095
# W : 760279 , H : 563954
63
0 0 U -1
1 0 U 0
2 0 U 1
3 0 U 2
4 0 U 3
5 1 U 4
6 0 U 5
7 0 U -1
8 1 U 7
9 0 U 8
10 1 U 9
11 1 U 10
12 1 U 11
13 0 U 12
14 1 U -1
15 1 U 14
16 0 U 15
17 0 U 16
18 1 U 17
19 0 U 18
20 0 U 19
21 0 U -1
22 1 U 21
23 0 U 22
24 0 U 23
25 1 U 24
26 0 U 25
27 0 U 26
28 1 U -1
29 1 U 28
30 0 U 29
31 0 U 30
32 1 U 31
33 0 U 32
34 1 U 33
35 0 U -1
36 1 U 35
37 1 U 36
38 1 U 37
39 0 U 38
40 0 U 39
41 0 U 40
42 0 U -1
43 0 U 42
44 0 U 43
45 0 U 44
46 1 U 45
47 0 U 46
48 0 U 47
49 0 U -1
50 1 U 49
51 0 U 50
52 0 U 51
53 1 U 52
54 0 U 53
55 1 U 54
56 0 U -1
57 0 U 56
58 0 U 57
59 1 U 58
60 0 U 59
61 1 U 60
62 0 U 61
# score :24 1267215
# W : 531227 , H : 725371
63
0 1 U -1
1 1 U 0
2 1 U 1
3 0 U 2
4 0 U 3
5 0 U 4
6 1 U 5
7 1 U -1
8 0 U 7
9 0 U 8
10 1 U 9
11 0 U 10
12 0 U 11
13 1 U 12
14 0 U -1
15 1 U 14
16 0 U 15
17 0 U 16
18 1 U 17
19 1 U 18
20 0 U 19
21 1 U -1
22 1 U 21
23 0 U 22
24 1 U 23
25 1 U 24
26 1 U 25
27 0 U 26
28 0 U -1
29 0 U 28
30 1 U 29
31 1 U 30
32 1 U 31
33 1 U 32
34 1 U 33
35 0 U -1
36 1 U 35
37 0 U 36
38 0 U 37
39 0 U 38
40 0 U 39
41 1 U 40
42 1 U -1
43 1 U 42
44 0 U 43
45 1 U 44
46 0 U 45
47 0 U 46
48 0 U 47
49 1 U -1
50 1 U 49
51 1 U 50
52 0 U 51
53 0 U 52
54 1 U 53
55 0 U 54
56 1 U -1
57 1 U 56
58 0 U 57
59 0 U 58
60 1 U 59
61 0 U 60
62 1 U 61
# score :25 1211721
# W : 501773 , H : 625471
63
0 1 U -1
1 1 U 0
2 1 U 1
3 0 U 2
4 1 U 3
5 0 U 4
6 0 U 5
7 1 U -1
8 0 U 7
9 1 U 8
10 1 U 9
11 0 U 10
12 1 U 11
13 0 U 12
14 1 U -1
15 1 U 14
16 0 U 15
17 0 U 16
18 1 U 17
19 0 U 18
20 1 U 19
21 0 U -1
22 1 U 21
23 1 U 22
24 0 U 23
25 0 U 24
26 0 U 25
27 1 U 26
28 0 U -1
29 0 U 28
30 1 U 29
31 1 U 30
32 1 U 31
33 0 U 32
34 1 U 33
35 0 U -1
36 1 U 35
37 1 U 36
38 1 U 37
39 0 U 38
40 0 U 39
41 0 U 40
42 1 U -1
43 0 U 42
44 0 U 43
45 0 U 44
46 0 U 45
47 0 U 46
48 0 U 47
49 1 L 42
50 0 L 43
51 0 L 44
52 0 L 45
53 0 L 46
54 1 L 47
55 1 L 48
56 1 U -1
57 1 U 56
58 1 U 57
59 1 U 58
60 0 U 59
61 1 U 60
62 1 U 61
# score :26 1340516
# W : 534255 , H : 605404
63
0 0 U -1
1 1 U 0
2 0 U 1
3 0 U 2
4 0 U 3
5 0 U 4
6 1 U 5
7 1 U -1
8 0 U 7
9 1 U 8
10 1 U 9
11 0 U 10
12 0 U 11
13 0 U 12
14 1 U -1
15 1 U 14
16 0 U 15
17 0 U 16
18 0 U 17
19 1 U 18
20 1 U 19
21 1 U -1
22 0 U 21
23 1 U 22
24 1 U 23
25 1 U 24
26 0 U 25
27 0 U 26
28 1 U -1
29 0 U 28
30 0 U 29
31 1 U 30
32 0 U 31
33 0 U 32
34 0 U 33
35 0 U -1
36 1 U 35
37 1 U 36
38 0 U 37
39 1 U 38
40 0 U 39
41 1 U 40
42 1 U -1
43 0 U 42
44 0 U 43
45 1 U 44
46 1 U 45
47 0 U 46
48 1 U 47
49 1 L 42
50 1 L 43
51 1 L 44
52 0 L 45
53 0 L 46
54 1 L 47
55 0 L 48
56 1 U -1
57 0 U 56
58 0 U 57
59 0 U 58
60 1 U 59
61 1 U 60
62 1 U 61
# score :27 1354897
# W : 650999 , H : 661004
63
0 1 U -1
1 0 U 0
2 0 U 1
3 0 U 2
4 1 U 3
5 0 U 4
6 0 U 5
7 0 U -1
8 1 U 7
9 1 U 8
10 1 U 9
11 1 U 10
12 0 U 11
13 0 U 12
14 1 U -1
15 0 U 14
16 1 U 15
17 0 U 16
18 0 U 17
19 0 U 18
20 1 U 19
21 1 U -1
22 1 U 21
23 0 U 22
24 0 U 23
25 1 U 24
26 0 U 25
27 1 U 26
28 1 U -1
29 1 U 28
30 1 U 29
31 1 U 30
32 0 U 31
33 0 U 32
34 1 U 33
35 0 U -1
36 1 U 35
37 1 U 36
38 1 U 37
39 0 U 38
40 0 U 39
41 1 U 40
42 1 U -1
43 0 U 42
44 0 U 43
45 1 U 44
46 0 U 45
47 1 U 46
48 0 U 47
49 0 L 35
50 0 L 36
51 0 L 37
52 0 L 38
53 0 L 39
54 0 L 40
55 0 L 41
56 1 U -1
57 1 U 56
58 1 U 57
59 1 U 58
60 0 U 59
61 0 U 60
62 0 U 61
# score :28 1384999
# W : 600239 , H : 651719
63
0 1 U -1
1 0 U 0
2 1 U 1
3 1 U 2
4 1 U 3
5 1 U 4
6 1 U 5
7 0 U -1
8 1 U 7
9 1 U 8
10 1 U 9
11 1 U 10
12 0 U 11
13 0 U 12
14 0 U -1
15 1 U 14
16 0 U 15
17 1 U 16
18 1 U 17
19 0 U 18
20 1 U 19
21 1 U -1
22 0 U 21
23 0 U 22
24 0 U 23
25 1 U 24
26 1 U 25
27 1 U 26
28 0 U -1
29 1 U 28
30 1 U 29
31 1 U 30
32 1 U 31
33 1 U 32
34 0 U 33
35 1 U -1
36 1 U 35
37 0 U 36
38 0 U 37
39 1 U 38
40 1 U 39
41 1 U 40
42 1 U -1
43 0 U 42
44 0 U 43
45 1 U 44
46 1 U 45
47 1 U 46
48 0 U 47
49 0 L 35
50 1 L 36
51 0 L 37
52 1 L 38
53 1 L 39
54 0 L 40
55 0 L 41
56 1 U -1
57 1 U 56
58 1 U 57
59 1 U 58
60 0 U 59
61 1 U 60
62 0 U 61
# score :29 1363194
# W : 698884 , H : 554830
63
0 1 U -1
1 1 U 0
2 0 U 1
3 0 U 2
4 0 U 3
5 0 U 4
6 0 U 5
7 1 U -1
8 0 U 7
9 0 U 8
10 1 U 9
11 0 U 10
12 1 U 11
13 1 U 12
14 1 U -1
15 0 U 14
16 0 U 15
17 0 U 16
18 1 U 17
19 0 U 18
20 0 U 19
21 0 U -1
22 1 U 21
23 1 U 22
24 0 U 23
25 1 U 24
26 1 U 25
27 0 U 26
28 1 U -1
29 1 U 28
30 1 U 29
31 1 U 30
32 1 U 31
33 0 U 32
34 0 U 33
35 1 U -1
36 0 U 35
37 1 U 36
38 0 U 37
39 0 U 38
40 1 U 39
41 0 U 40
42 1 U -1
43 0 U 42
44 0 U 43
45 1 U 44
46 1 U 45
47 0 U 46
48 1 U 47
49 0 L 35
50 1 L 36
51 0 L 37
52 1 L 38
53 0 L 39
54 0 L 40
55 0 L 41
56 1 U -1
57 0 U 56
58 1 U 57
59 0 U 58
60 0 U 59
61 1 U 60
62 0 U 61
# score :30 1304651
# W : 677924 , H : 536967
63
0 0 U -1
1 0 U 0
2 1 U 1
3 1 U 2
4 0 U 3
5 1 U 4
6 1 U 5
7 1 U -1
8 1 U 7
9 0 U 8
10 0 U 9
11 1 U 10
12 0 U 11
13 0 U 12
14 1 U -1
15 0 U 14
16 1 U 15
17 1 U 16
18 0 U 17
19 0 U 18
20 1 U 19
21 1 U -1
22 1 U 21
23 0 U 22
24 1 U 23
25 1 U 24
26 1 U 25
27 0 U 26
28 0 U -1
29 1 U 28
30 0 U 29
31 0 U 30
32 0 U 31
33 0 U 32
34 1 U 33
35 0 U -1
36 1 U 35
37 0 U 36
38 0 U 37
39 1 U 38
40 0 U 39
41 1 U 40
42 1 U -1
43 0 U 42
44 0 U 43
45 0 U 44
46 0 U 45
47 0 U 46
48 0 U 47
49 0 L 35
50 1 L 36
51 1 L 37
52 0 L 38
53 0 L 39
54 1 L 40
55 0 L 41
56 0 U -1
57 1 U 56
58 0 U 57
59 1 U 58
60 1 U 59
61 0 U 60
62 0 U 61
# score :31 1256755
# W : 522348 , H : 638149
63
0 0 U -1
1 1 U 0
2 1 U 1
3 0 U 2
4 0 U 3
5 1 U 4
6 0 U 5
7 1 U -1
8 0 U 7
9 1 U 8
10 1 U 9
11 1 U 10
12 0 U 11
13 0 U 12
14 1 U -1
15 0 U 14
16 0 U 15
17 1 U 16
18 1 U 17
19 1 U 18
20 1 U 19
21 0 U -1
22 1 U 21
23 0 U 22
24 0 U 23
25 0 U 24
26 0 U 25
27 1 U 26
28 0 U -1
29 1 U 28
30 1 U 29
31 1 U 30
32 1 U 31
33 0 U 32
34 1 U 33
35 1 U -1
36 0 U 35
37 0 U 36
38 0 U 37
39 0 U 38
40 0 U 39
41 0 U 40
42 1 U -1
43 1 U 42
44 0 U 43
45 1 U 44
46 1 U 45
47 1 U 46
48 0 U 47
49 0 U -1
50 0 U 49
51 0 U 50
52 0 U 51
53 1 U 52
54 0 U 53
55 1 U 54
56 1 U -1
57 0 U 56
58 0 U 57
59 1 U 58
60 0 U 59
61 1 U 60
62 1 U 61
# score :32 1187093
# W : 509471 , H : 653057
63
0 0 U -1
1 0 U 0
2 0 U 1
3 1 U 2
4 0 U 3
5 1 U 4
6 0 U 5
7 0 U -1
8 0 U 7
9 1 U 8
10 0 U 9
11 0 U 10
12 1 U 11
13 1 U 12
14 1 U -1
15 1 U 14
16 0 U 15
17 1 U 16
18 0 U 17
19 1 U 18
20 0 U 19
21 0 U -1
22 0 U 21
23 0 U 22
24 1 U 23
25 0 U 24
26 1 U 25
27 0 U 26
28 0 U -1
29 1 U 28
30 1 U 29
31 0 U 30
32 1 U 31
33 0 U 32
34 1 U 33
35 0 U -1
36 1 U 35
37 0 U 36
38 0 U 37
39 1 U 38
40 1 U 39
41 0 U 40
42 0 U -1
43 1 U 42
44 1 U 43
45 1 U 44
46 1 U 45
47 1 U 46
48 0 U 47
49 1 U -1
50 1 U 49
51 0 U 50
52 1 U 51
53 1 U 52
54 1 U 53
55 0 U 54
56 0 U -1
57 1 U 56
58 1 U 57
59 1 U 58
60 1 U 59
61 1 U 60
62 0 U 61
# score :33 1232668
# W : 499366 , H : 676107
63
0 0 U -1
1 0 U 0
2 1 U 1
3 1 U 2
4 0 U 3
5 1 U 4
6 0 U 5
7 1 U -1
8 0 U 7
9 1 U 8
10 1 U 9
11 1 U 10
12 1 U 11
13 0 U 12
14 0 U -1
15 1 U 14
16 0 U 15
17 0 U 16
18 0 U 17
19 0 U 18
20 1 U 19
21 1 U -1
22 0 U 21
23 1 U 22
24 1 U 23
25 1 U 24
26 0 U 25
27 1 U 26
28 1 U -1
29 1 U 28
30 1 U 29
31 1 U 30
32 1 U 31
33 0 U 32
34 0 U 33
35 0 U -1
36 1 U 35
37 0 U 36
38 1 U 37
39 0 U 38
40 1 U 39
41 1 U 40
42 1 U -1
43 1 U 42
44 0 U 43
45 1 U 44
46 1 U 45
47 0 U 46
48 0 U 47
49 1 L 42
50 1 L 43
51 1 L 44
52 0 L 45
53 1 L 46
54 1 L 47
55 1 L 48
56 1 U -1
57 0 U 56
58 1 U 57
59 1 U 58
60 0 U 59
61 1 U 60
62 1 U 61
# score :34 1335520
# W : 573872 , H : 573181
63
0 1 U -1
1 0 U 0
2 1 U 1
3 0 U 2
4 0 U 3
5 1 U 4
6 0 U 5
7 1 U -1
8 1 U 7
9 1 U 8
10 1 U 9
11 0 U 10
12 0 U 11
13 0 U 12
14 1 U -1
15 1 U 14
16 1 U 15
17 1 U 16
18 1 U 17
19 1 U 18
20 0 U 19
21 0 U -1
22 1 U 21
23 1 U 22
24 1 U 23
25 1 U 24
26 1 U 25
27 0 U 26
28 1 U -1
29 1 U 28
30 0 U 29
31 1 U 30
32 1 U 31
33 1 U 32
34 1 U 33
35 1 U -1
36 1 U 35
37 1 U 36
38 0 U 37
39 1 U 38
40 0 U 39
41 1 U 40
42 0 U -1
43 1 U 42
44 0 U 43
45 1 U 44
46 0 U 45
47 0 U 46
48 0 U 47
49 0 L 42
50 1 L 43
51 0 L 44
52 1 L 45
53 1 L 46
54 0 L 47
55 0 L 48
56 0 U -1
57 1 U 56
58 1 U 57
59 1 U 58
60 0 U 59
61 1 U 60
62 1 U 61
# score :35 1241805
# W : 668253 , H : 567290
63
0 0 U -1
1 0 U 0
2 1 U 1
3 0 U 2
4 1 U 3
5 0 U 4
6 1 U 5
7 1 U -1
8 0 U 7
9 1 U 8
10 0 U 9
11 1 U 10
12 1 U 11
13 0 U 12
14 1 U -1
15 1 U 14
16 0 U 15
17 1 U 16
18 0 U 17
19 1 U 18
20 0 U 19
21 1 U -1
22 1 U 21
23 1 U 22
24 1 U 23
25 1 U 24
26 0 U 25
27 1 U 26
28 1 U -1
29 0 U 28
30 0 U 29
31 0 U 30
32 0 U 31
33 0 U 32
34 0 U 33
35 1 U -1
36 1 U 35
37 1 U 36
38 1 U 37
39 1 U 38
40 0 U 39
41 0 U 40
42 1 U -1
43 0 U 42
44 0 U 43
45 0 U 44
46 0 U 45
47 0 U 46
48 1 U 47
49 1 L 35
50 1 L 36
51 0 L 37
52 0 L 38
53 0 L 39
54 0 L 40
55 1 L 41
56 1 U -1
57 0 U 56
58 0 U 57
59 0 U 58
60 0 U 59
61 1 U 60
62 0 U 61
# score :36 1433716
# W : 806082 , H : 540917
63
0 1 U -1
1 0 U 0
2 0 U 1
3 0 U 2
4 0 U 3
5 0 U 4
6 1 U 5
7 0 U -1
8 1 U 7
9 0 U 8
10 0 U 9
11 1 U 10
12 1 U 11
13 1 U 12
14 0 U -1
15 1 U 14
16 1 U 15
17 0 U 16
18 1 U 17
19 1 U 18
20 1 U 19
21 0 U -1
22 1 U 21
23 0 U 22
24 1 U 23
25 1 U 24
26 0 U 25
27 0 U 26
28 1 U -1
29 1 U 28
30 1 U 29
31 0 U 30
32 0 U 31
33 0 U 32
34 1 U 33
35 1 U -1
36 1 U 35
37 0 U 36
38 1 U 37
39 1 U 38
40 1 U 39
41 0 U 40
42 0 U -1
43 1 U 42
44 1 U 43
45 1 U 44
46 0 U 45
47 1 U 46
48 0 U 47
49 0 L 35
50 0 L 36
51 0 L 37
52 0 L 38
53 0 L 39
54 0 L 40
55 1 L 41
56 0 U -1
57 0 U 56
58 1 U 57
59 1 U 58
60 1 U 59
61 1 U 60
62 0 U 61
# score :37 1402033
# W : 721508 , H : 527834
63
0 1 U -1
1 0 U 0
2 1 U 1
3 1 U 2
4 0 U 3
5 1 U 4
6 0 U 5
7 1 U -1
8 1 U 7
9 1 U 8
10 1 U 9
11 0 U 10
12 0 U 11
13 0 U 12
14 1 U -1
15 1 U 14
16 1 U 15
17 0 U 16
18 0 U 17
19 1 U 18
20 0 U 19
21 0 U -1
22 1 U 21
23 1 U 22
24 0 U 23
25 0 U 24
26 0 U 25
27 1 U 26
28 1 U -1
29 0 U 28
30 0 U 29
31 0 U 30
32 1 U 31
33 1 U 32
34 1 U 33
35 1 U -1
36 0 U 35
37 1 U 36
38 1 U 37
39 0 U 38
40 1 U 39
41 0 U 40
42 1 U -1
43 0 U 42
44 0 U 43
45 0 U 44
46 1 U 45
47 0 U 46
48 1 U 47
49 1 L 35
50 1 L 36
51 0 L 37
52 0 L 38
53 1 L 39
54 1 L 40
55 1 L 41
56 0 U -1
57 0 U 56
58 0 U 57
59 1 U 58
60 1 U 59
61 0 U 60
62 1 U 61
# score :38 1344502
# W : 821384 , H : 582433
63
0 1 U -1
1 1 U 0
2 0 U 1
3 1 U 2
4 1 U 3
5 0 U 4
6 1 U 5
7 0 U -1
8 1 U 7
9 0 U 8
10 0 U 9
11 0 U 10
12 0 U 11
13 1 U 12
14 0 U -1
15 0 U 14
16 1 U 15
17 1 U 16
18 1 U 17
19 1 U 18
20 1 U 19
21 0 U -1
22 0 U 21
23 0 U 22
24 1 U 23
25 1 U 24
26 1 U 25
27 1 U 26
28 0 U -1
29 1 U 28
30 1 U 29
31 1 U 30
32 1 U 31
33 0 U 32
34 1 U 33
35 1 U -1
36 1 U 35
37 0 U 36
38 0 U 37
39 0 U 38
40 1 U 39
41 0 U 40
42 1 U -1
43 1 U 42
44 0 U 43
45 0 U 44
46 0 U 45
47 0 U 46
48 1 U 47
49 1 L 35
50 1 L 36
51 1 L 37
52 0 L 38
53 1 L 39
54 0 L 40
55 1 L 41
56 1 U -1
57 0 U 56
58 0 U 57
59 0 U 58
60 0 U 59
61 1 U 60
62 1 U 61
# score :39 1452210
# W : 780908 , H : 594343
63
0 1 U -1
1 1 U 0
2 1 U 1
3 1 U 2
4 0 U 3
5 0 U 4
6 1 U 5
7 0 U -1
8 0 U 7
9 0 U 8
10 0 U 9
11 0 U 10
12 1 U 11
13 0 U 12
14 1 U -1
15 0 U 14
16 1 U 15
17 1 U 16
18 1 U 17
19 1 U 18
20 0 U 19
21 1 U -1
22 0 U 21
23 0 U 22
24 1 U 23
25 1 U 24
26 0 U 25
27 1 U 26
28 0 U -1
29 1 U 28
30 0 U 29
31 1 U 30
32 1 U 31
33 0 U 32
34 1 U 33
35 1 U -1
36 0 U 35
37 0 U 36
38 0 U 37
39 0 U 38
40 0 U 39
41 0 U 40
42 1 U -1
43 1 U 42
44 1 U 43
45 0 U 44
46 0 U 45
47 0 U 46
48 1 U 47
49 0 U -1
50 1 U 49
51 0 U 50
52 1 U 51
53 1 U 52
54 1 U 53
55 1 U 54
56 0 U -1
57 1 U 56
58 1 U 57
59 0 U 58
60 1 U 59
61 1 U 60
62 1 U 61
# score :40 1271307
# W : 555188 , H : 660688
63
0 0 U -1
1 0 U 0
2 1 U 1
3 1 U 2
4 0 U 3
5 0 U 4
6 1 U 5
7 0 U -1
8 0 U 7
9 0 U 8
10 1 U 9
11 0 U 10
12 0 U 11
13 1 U 12
14 0 U -1
15 1 U 14
16 1 U 15
17 1 U 16
18 1 U 17
19 0 U 18
20 1 U 19
21 1 U -1
22 0 U 21
23 0 U 22
24 1 U 23
25 0 U 24
26 1 U 25
27 0 U 26
28 0 U -1
29 0 U 28
30 0 U 29
31 1 U 30
32 0 U 31
33 1 U 32
34 0 U 33
35 0 U -1
36 0 U 35
37 0 U 36
38 0 U 37
39 1 U 38
40 0 U 39
41 1 U 40
42 1 U -1
43 0 U 42
44 1 U 43
45 0 U 44
46 1 U 45
47 0 U 46
48 1 U 47
49 0 U -1
50 1 U 49
51 0 U 50
52 0 U 51
53 1 U 52
54 0 U 53
55 1 U 54
56 0 U -1
57 1 U 56
58 1 U 57
59 1 U 58
60 0 U 59
61 1 U 60
62 0 U 61
# score :41 1116230
# W : 431915 , H : 595597
63
0 1 U -1
1 0 U 0
2 1 U 1
3 1 U 2
4 0 U 3
5 1 U 4
6 1 U 5
7 1 U -1
8 1 U 7
9 1 U 8
10 1 U 9
11 1 U 10
12 1 U 11
13 0 U 12
14 1 U -1
15 0 U 14
16 1 U 15
17 1 U 16
18 1 U 17
19 1 U 18
20 0 U 19
21 0 U -1
22 0 U 21
23 1 U 22
24 0 U 23
25 0 U 24
26 0 U 25
27 1 U 26
28 1 U -1
29 0 U 28
30 0 U 29
31 1 U 30
32 1 U 31
33 1 U 32
34 0 U 33
35 0 U -1
36 0 U 35
37 1 U 36
38 1 U 37
39 0 U 38
40 0 U 39
41 1 U 40
42 1 U -1
43 0 U 42
44 0 U 43
45 0 U 44
46 1 U 45
47 0 U 46
48 0 U 47
49 0 L 42
50 0 L 43
51 1 L 44
52 1 L 45
53 1 L 46
54 1 L 47
55 0 L 48
56 1 U -1
57 1 U 56
58 0 U 57
59 0 U 58
60 0 U 59
61 0 U 60
62 1 U 61
# score :42 1435819
# W : 707880 , H : 685042
63
0 1 U -1
1 1 U 0
2 0 U 1
3 1 U 2
4 0 U 3
5 1 U 4
6 1 U 5
7 1 U -1
8 0 U 7
9 1 U 8
10 1 U 9
11 0 U 10
12 1 U 11
13 0 U 12
14 0 U -1
15 0 U 14
16 1 U 15
17 0 U 16
18 0 U 17
19 1 U 18
20 1 U 19
21 1 U -1
22 1 U 21
23 1 U 22
24 0 U 23
25 0 U 24
26 0 U 25
27 0 U 26
28 1 U -1
29 0 U 28
30 0 U 29
31 1 U 30
32 0 U 31
33 1 U 32
34 1 U 33
35 1 U -1
36 0 U 35
37 1 U 36
38 0 U 37
39 0 U 38
40 1 U 39
41 0 U 40
42 1 U -1
43 0 U 42
44 0 U 43
45 0 U 44
46 1 U 45
47 1 U 46
48 1 U 47
49 1 L 42
50 0 L 43
51 0 L 44
52 1 L 45
53 0 L 46
54 1 L 47
55 0 L 48
56 0 U -1
57 1 U 56
58 1 U 57
59 1 U 58
60 1 U 59
61 1 U 60
62 0 U 61
# score :43 1506274
# W : 688427 , H : 648322
63
0 0 U -1
1 1 U 0
2 1 U 1
3 0 U 2
4 1 U 3
5 0 U 4
6 1 U 5
7 1 U -1
8 0 U 7
9 0 U 8
10 1 U 9
11 1 U 10
12 1 U 11
13 0 U 12
14 1 U -1
15 1 U 14
16 0 U 15
17 1 U 16
18 0 U 17
19 0 U 18
20 0 U 19
21 1 U -1
22 1 U 21
23 1 U 22
24 1 U 23
25 0 U 24
26 1 U 25
27 0 U 26
28 0 U -1
29 0 U 28
30 1 U 29
31 0 U 30
32 0 U 31
33 1 U 32
34 1 U 33
35 1 U -1
36 1 U 35
37 0 U 36
38 1 U 37
39 1 U 38
40 1 U 39
41 1 U 40
42 0 U -1
43 1 U 42
44 0 U 43
45 1 U 44
46 1 U 45
47 1 U 46
48 0 U 47
49 0 L 35
50 0 L 36
51 1 L 37
52 1 L 38
53 0 L 39
54 0 L 40
55 1 L 41
56 0 U -1
57 0 U 56
58 1 U 57
59 0 U 58
60 1 U 59
61 1 U 60
62 1 U 61
# score :44 1502986
# W : 728050 , H : 615887
63
0 1 U -1
1 1 U 0
2 0 U 1
3 0 U 2
4 0 U 3
5 0 U 4
6 1 U 5
7 0 U -1
8 0 U 7
9 0 U 8
10 1 U 9
11 0 U 10
12 0 U 11
13 1 U 12
14 0 U -1
15 0 U 14
16 0 U 15
17 0 U 16
18 0 U 17
19 0 U 18
20 0 U 19
21 1 U -1
22 1 U 21
23 1 U 22
24 1 U 23
25 1 U 24
26 1 U 25
27 0 U 26
28 0 U -1
29 1 U 28
30 1 U 29
31 0 U 30
32 0 U 31
33 0 U 32
34 1 U 33
35 0 U -1
36 1 U 35
37 0 U 36
38 0 U 37
39 0 U 38
40 1 U 39
41 0 U 40
42 0 U -1
43 1 U 42
44 0 U 43
45 0 U 44
46 1 U 45
47 0 U 46
48 0 U 47
49 1 L 35
50 0 L 36
51 1 L 37
52 1 L 38
53 0 L 39
54 0 L 40
55 1 L 41
56 1 U -1
57 1 U 56
58 1 U 57
59 1 U 58
60 1 U 59
61 1 U 60
62 1 U 61
# score :45 1421049
# W : 660509 , H : 580653
63
0 1 U -1
1 0 U 0
2 0 U 1
3 0 U 2
4 0 U 3
5 0 U 4
6 1 U 5
7 1 U -1
8 0 U 7
9 1 U 8
10 1 U 9
11 1 U 10
12 1 U 11
13 1 U 12
14 1 U -1
15 1 U 14
16 1 U 15
17 1 U 16
18 1 U 17
19 0 U 18
20 0 U 19
21 1 U -1
22 1 U 21
23 0 U 22
24 0 U 23
25 1 U 24
26 1 U 25
27 1 U 26
28 0 U -1
29 1 U 28
30 1 U 29
31 1 U 30
32 0 U 31
33 1 U 32
34 0 U 33
35 1 U -1
36 1 U 35
37 1 U 36
38 0 U 37
39 0 U 38
40 1 U 39
41 0 U 40
42 0 U -1
43 0 U 42
44 0 U 43
45 0 U 44
46 1 U 45
47 1 U 46
48 0 U 47
49 1 L 35
50 0 L 36
51 0 L 37
52 1 L 38
53 0 L 39
54 0 L 40
55 0 L 41
56 1 U -1
57 1 U 56
58 1 U 57
59 1 U 58
60 1 U 59
61 1 U 60
62 1 U 61
# score :46 1396568
# W : 654779 , H : 551638
63
0 0 U -1
1 0 U 0
2 0 U 1
3 0 U 2
4 1 U 3
5 0 U 4
6 0 U 5
7 0 U -1
8 1 U 7
9 1 U 8
10 0 U 9
11 1 U 10
12 0 U 11
13 1 U 12
14 0 U -1
15 0 U 14
16 1 U 15
17 1 U 16
18 1 U 17
19 1 U 18
20 1 U 19
21 1 U -1
22 0 U 21
23 0 U 22
24 1 U 23
25 0 U 24
26 0 U 25
27 0 U 26
28 1 U -1
29 1 U 28
30 0 U 29
31 1 U 30
32 0 U 31
33 0 U 32
34 0 U 33
35 0 U -1
36 1 U 35
37 1 U 36
38 1 U 37
39 1 U 38
40 0 U 39
41 1 U 40
42 0 U -1
43 1 U 42
44 1 U 43
45 1 U 44
46 0 U 45
47 0 U 46
48 0 U 47
49 1 L 35
50 1 L 36
51 0 L 37
52 0 L 38
53 0 L 39
54 1 L 40
55 0 L 41
56 1 U -1
57 0 U 56
58 1 U 57
59 0 U 58
60 1 U 59
61 1 U 60
62 0 U 61
# score :47 1326984
# W : 703331 , H : 601864
63
0 0 U -1
1 1 U 0
2 0 U 1
3 0 U 2
4 0 U 3
5 1 U 4
6 0 U 5
7 0 U -1
8 0 U 7
9 1 U 8
10 0 U 9
11 1 U 10
12 1 U 11
13 0 U 12
14 0 U -1
15 1 U 14
16 0 U 15
17 1 U 16
18 1 U 17
19 0 U 18
20 0 U 19
21 1 U -1
22 1 U 21
23 0 U 22
24 0 U 23
25 0 U 24
26 0 U 25
27 1 U 26
28 1 U -1
29 0 U 28
30 1 U 29
31 1 U 30
32 0 U 31
33 1 U 32
34 1 U 33
35 1 U -1
36 0 U 35
37 1 U 36
38 0 U 37
39 1 U 38
40 1 U 39
41 0 U 40
42 0 U -1
43 0 U 42
44 0 U 43
45 1 U 44
46 1 U 45
47 0 U 46
48 1 U 47
49 0 U -1
50 0 U 49
51 1 U 50
52 0 U 51
53 1 U 52
54 1 U 53
55 0 U 54
56 1 U -1
57 1 U 56
58 1 U 57
59 1 U 58
60 0 U 59
61 0 U 60
62 1 U 61
# score :48 1090102
# W : 442641 , H : 643495
63
0 0 U -1
1 0 U 0
2 0 U 1
3 1 U 2
4 0 U 3
5 0 U 4
6 1 U 5
7 1 U -1
8 1 U 7
9 1 U 8
10 1 U 9
11 1 U 10
12 1 U 11
13 0 U 12
14 1 U -1
15 0 U 14
16 1 U 15
17 0 U 16
18 0 U 17
19 1 U 18
20 1 U 19
21 0 U -1
22 1 U 21
23 1 U 22
24 0 U 23
25 0 U 24
26 1 U 25
27 1 U 26
28 1 U -1
29 0 U 28
30 1 U 29
31 1 U 30
32 1 U 31
33 1 U 32
34 1 U 33
35 1 U -1
36 0 U 35
37 1 U 36
38 1 U 37
39 1 U 38
40 0 U 39
41 1 U 40
42 0 U -1
43 0 U 42
44 0 U 43
45 1 U 44
46 1 U 45
47 1 U 46
48 1 U 47
49 0 U -1
50 1 U 49
51 0 U 50
52 0 U 51
53 0 U 52
54 0 U 53
55 1 U 54
56 1 U -1
57 0 U 56
58 1 U 57
59 0 U 58
60 0 U 59
61 0 U 60
62 1 U 61
# score :49 1198887
# W : 504318 , H : 653400
63
0 0 U -1
1 1 U 0
2 0 U 1
3 1 U 2
4 0 U 3
5 1 U 4
6 0 U 5
7 0 U -1
8 0 U 7
9 1 U 8
10 1 U 9
11 0 U 10
12 1 U 11
13 0 U 12
14 0 U -1
15 0 U 14
16 1 U 15
17 0 U 16
18 0 U 17
19 1 U 18
20 0 U 19
21 1 U -1
22 0 U 21
23 0 U 22
24 1 U 23
25 1 U 24
26 1 U 25
27 1 U 26
28 1 U -1
29 1 U 28
30 0 U 29
31 0 U 30
32 1 U 31
33 0 U 32
34 0 U 33
35 0 U -1
36 0 U 35
37 1 U 36
38 1 U 37
39 0 U 38
40 1 U 39
41 1 U 40
42 1 U -1
43 0 U 42
44 0 U 43
45 0 U 44
46 1 U 45
47 0 U 46
48 1 U 47
49 1 L 42
50 1 L 43
51 1 L 44
52 0 L 45
53 1 L 46
54 0 L 47
55 1 L 48
56 0 U -1
57 1 U 56
58 0 U 57
59 1 U 58
60 1 U 59
61 1 U 60
62 0 U 61
# score :50 1329024
# W : 587795 , H : 608292
63
0 1 U -1
1 1 U 0
2 0 U 1
3 1 U 2
4 0 U 3
5 1 U 4
6 0 U 5
7 1 U -1
8 0 U 7
9 0 U 8
10 0 U 9
11 0 U 10
12 0 U 11
13 1 U 12
14 0 U -1
15 1 U 14
16 1 U 15
17 0 U 16
18 1 U 17
19 0 U 18
20 1 U 19
21 0 U -1
22 1 U 21
23 0 U 22
24 0 U 23
25 0 U 24
26 0 U 25
27 0 U 26
28 1 U -1
29 1 U 28
30 0 U 29
31 1 U 30
32 0 U 31
33 1 U 32
34 1 U 33
35 1 U -1
36 0 U 35
37 0 U 36
38 0 U 37
39 1 U 38
40 0 U 39
41 1 U 40
42 0 U -1
43 0 U 42
44 0 U 43
45 0 U 44
46 0 U 45
47 1 U 46
48 1 U 47
49 1 L 42
50 1 L 43
51 0 L 44
52 1 L 45
53 1 L 46
54 1 L 47
55 0 L 48
56 0 U -1
57 0 U 56
58 1 U 57
59 1 U 58
60 1 U 59
61 0 U 60
62 1 U 61
# score :51 1335520
# W : 690088 , H : 579791
63
0 1 U -1
1 1 U 0
2 1 U 1
3 0 U 2
4 1 U 3
5 0 U 4
6 1 U 5
7 0 U -1
8 0 U 7
9 1 U 8
10 1 U 9
11 0 U 10
12 1 U 11
13 1 U 12
14 0 U -1
15 0 U 14
16 1 U 15
17 0 U 16
18 0 U 17
19 1 U 18
20 0 U 19
21 1 U -1
22 0 U 21
23 1 U 22
24 1 U 23
25 1 U 24
26 0 U 25
27 1 U 26
28 0 U -1
29 1 U 28
30 0 U 29
31 0 U 30
32 0 U 31
33 1 U 32
34 0 U 33
35 0 U -1
36 1 U 35
37 1 U 36
38 1 U 37
39 1 U 38
40 0 U 39
41 0 U 40
42 0 U -1
43 0 U 42
44 0 U 43
45 0 U 44
46 1 U 45
47 0 U 46
48 0 U 47
49 1 L 35
50 0 L 36
51 0 L 37
52 0 L 38
53 1 L 39
54 1 L 40
55 1 L 41
56 0 U -1
57 0 U 56
58 1 U 57
59 0 U 58
60 1 U 59
61 1 U 60
62 0 U 61
# score :52 1404876
# W : 835855 , H : 597596
63
0 0 U -1
1 1 U 0
2 1 U 1
3 1 U 2
4 0 U 3
5 1 U 4
6 0 U 5
7 0 U -1
8 0 U 7
9 1 U 8
10 1 U 9
11 1 U 10
12 0 U 11
13 1 U 12
14 1 U -1
15 0 U 14
16 1 U 15
17 0 U 16
18 1 U 17
19 0 U 18
20 1 U 19
21 0 U -1
22 0 U 21
23 1 U 22
24 0 U 23
25 1 U 24
26 0 U 25
27 0 U 26
28 1 U -1
29 1 U 28
30 0 U 29
31 0 U 30
32 0 U 31
33 0 U 32
34 0 U 33
35 0 U -1
36 1 U 35
37 0 U 36
38 1 U 37
39 1 U 38
40 1 U 39
41 0 U 40
42 0 U -1
43 0 U 42
44 0 U 43
45 0 U 44
46 1 U 45
47 1 U 46
48 1 U 47
49 1 L 35
50 0 L 36
51 1 L 37
52 0 L 38
53 1 L 39
54 0 L 40
55 1 L 41
56 1 U -1
57 0 U 56
58 1 U 57
59 1 U 58
60 0 U 59
61 1 U 60
62 0 U 61
# score :53 1457399
# W : 748521 , H : 605873
63
0 0 U -1
1 1 U 0
2 1 U 1
3 1 U 2
4 0 U 3
5 1 U 4
6 0 U 5
7 0 U -1
8 1 U 7
9 1 U 8
10 1 U 9
11 0 U 10
12 1 U 11
13 0 U 12
14 0 U -1
15 1 U 14
16 0 U 15
17 1 U 16
18 1 U 17
19 0 U 18
20 0 U 19
21 0 U -1
22 1 U 21
23 1 U 22
24 0 U 23
25 1 U 24
26 1 U 25
27 0 U 26
28 0 U -1
29 1 U 28
30 1 U 29
31 0 U 30
32 1 U 31
33 0 U 32
34 0 U 33
35 1 U -1
36 0 U 35
37 1 U 36
38 0 U 37
39 1 U 38
40 1 U 39
41 1 U 40
42 1 U -1
43 1 U 42
44 1 U 43
45 0 U 44
46 1 U 45
47 1 U 46
48 0 U 47
49 0 L 35
50 0 L 36
51 1 L 37
52 1 L 38
53 1 L 39
54 0 L 40
55 0 L 41
56 1 U -1
57 0 U 56
58 0 U 57
59 1 U 58
60 1 U 59
61 0 U 60
62 0 U 61
# score :54 1320336
# W : 696007 , H : 576273
63
0 0 U -1
1 0 U 0
2 0 U 1
3 0 U 2
4 1 U 3
5 1 U 4
6 1 U 5
7 0 U -1
8 0 U 7
9 1 U 8
10 1 U 9
11 1 U 10
12 1 U 11
13 0 U 12
14 1 U -1
15 0 U 14
16 0 U 15
17 0 U 16
18 1 U 17
19 0 U 18
20 0 U 19
21 1 U -1
22 0 U 21
23 0 U 22
24 1 U 23
25 1 U 24
26 1 U 25
27 1 U 26
28 0 U -1
29 0 U 28
30 1 U 29
31 0 U 30
32 0 U 31
33 0 U 32
34 1 U 33
35 1 U -1
36 1 U 35
37 1 U 36
38 1 U 37
39 1 U 38
40 0 U 39
41 1 U 40
42 1 U -1
43 1 U 42
44 1 U 43
45 1 U 44
46 0 U 45
47 1 U 46
48 0 U 47
49 1 L 35
50 0 L 36
51 0 L 37
52 1 L 38
53 1 L 39
54 0 L 40
55 1 L 41
56 0 U -1
57 0 U 56
58 1 U 57
59 0 U 58
60 0 U 59
61 0 U 60
62 1 U 61
# score :55 1301490
# W : 739033 , H : 542480
63
0 0 U -1
1 1 U 0
2 0 U 1
3 1 U 2
4 0 U 3
5 1 U 4
6 0 U 5
7 1 U -1
8 0 U 7
9 0 U 8
10 0 U 9
11 1 U 10
12 0 U 11
13 1 U 12
14 1 U -1
15 1 U 14
16 0 U 15
17 1 U 16
18 0 U 17
19 0 U 18
20 0 U 19
21 1 U -1
22 0 U 21
23 0 U 22
24 0 U 23
25 1 U 24
26 0 U 25
27 0 U 26
28 1 U -1
29 0 U 28
30 0 U 29
31 1 U 30
32 0 U 31
33 0 U 32
34 0 U 33
35 1 U -1
36 0 U 35
37 1 U 36
38 0 U 37
39 0 U 38
40 1 U 39
41 0 U 40
42 0 U -1
43 0 U 42
44 0 U 43
45 0 U 44
46 0 U 45
47 1 U 46
48 0 U 47
49 0 U -1
50 1 U 49
51 0 U 50
52 1 U 51
53 1 U 52
54 0 U 53
55 1 U 54
56 0 U -1
57 0 U 56
58 0 U 57
59 0 U 58
60 1 U 59
61 1 U 60
62 0 U 61
# score :56 1166052
# W : 460136 , H : 614390
63
0 1 U -1
1 0 U 0
2 0 U 1
3 1 U 2
4 0 U 3
5 1 U 4
6 1 U 5
7 1 U -1
8 0 U 7
9 1 U 8
10 1 U 9
11 0 U 10
12 1 U 11
13 1 U 12
14 1 U -1
15 0 U 14
16 1 U 15
17 0 U 16
18 0 U 17
19 1 U 18
20 1 U 19
21 1 U -1
22 0 U 21
23 0 U 22
24 1 U 23
25 1 U 24
26 0 U 25
27 0 U 26
28 0 U -1
29 0 U 28
30 1 U 29
31 0 U 30
32 1 U 31
33 1 U 32
34 1 U 33
35 1 U -1
36 0 U 35
37 0 U 36
38 1 U 37
39 1 U 38
40 1 U 39
41 0 U 40
42 0 U -1
43 1 U 42
44 0 U 43
45 0 U 44
46 1 U 45
47 1 U 46
48 0 U 47
49 0 U -1
50 0 U 49
51 1 U 50
52 1 U 51
53 0 U 52
54 1 U 53
55 0 U 54
56 1 U -1
57 1 U 56
58 1 U 57
59 0 U 58
60 0 U 59
61 0 U 60
62 0 U 61
# score :57 1175216
# W : 451972 , H : 631296
63
0 0 U -1
1 1 U 0
2 1 U 1
3 1 U 2
4 1 U 3
5 1 U 4
6 1 U 5
7 1 U -1
8 1 U 7
9 1 U 8
10 0 U 9
11 0 U 10
12 0 U 11
13 0 U 12
14 1 U -1
15 1 U 14
16 0 U 15
17 0 U 16
18 1 U 17
19 1 U 18
20 1 U 19
21 0 U -1
22 0 U 21
23 0 U 22
24 1 U 23
25 0 U 24
26 1 U 25
27 1 U 26
28 1 U -1
29 0 U 28
30 1 U 29
31 1 U 30
32 0 U 31
33 1 U 32
34 0 U 33
35 0 U -1
36 1 U 35
37 1 U 36
38 1 U 37
39 1 U 38
40 1 U 39
41 0 U 40
42 0 U -1
43 1 U 42
44 0 U 43
45 1 U 44
46 0 U 45
47 0 U 46
48 0 U 47
49 0 L 42
50 0 L 43
51 1 L 44
52 0 L 45
53 1 L 46
54 0 L 47
55 0 L 48
56 1 U -1
57 1 U 56
58 1 U 57
59 0 U 58
60 0 U 59
61 1 U 60
62 0 U 61
# score :58 1329647
# W : 548728 , H : 663098
63
0 1 U -1
1 0 U 0
2 1 U 1
3 1 U 2
4 0 U 3
5 0 U 4
6 1 U 5
7 1 U -1
8 0 U 7
9 0 U 8
10 1 U 9
11 0 U 10
12 1 U 11
13 1 U 12
14 1 U -1
15 0 U 14
16 1 U 15
17 0 U 16
18 1 U 17
19 1 U 18
20 0 U 19
21 1 U -1
22 1 U 21
23 0 U 22
24 0 U 23
25 0 U 24
26 1 U 25
27 0 U 26
28 0 U -1
29 1 U 28
30 0 U 29
31 1 U 30
32 1 U 31
33 0 U 32
34 0 U 33
35 0 U -1
36 0 U 35
37 1 U 36
38 1 U 37
39 0 U 38
40 0 U 39
41 0 U 40
42 0 U -1
43 1 U 42
44 1 U 43
45 1 U 44
46 1 U 45
47 0 U 46
48 1 U 47
49 0 L 42
50 1 L 43
51 0 L 44
52 0 L 45
53 1 L 46
54 0 L 47
55 0 L 48
56 0 U -1
57 1 U 56
58 1 U 57
59 1 U 58
60 1 U 59
61 1 U 60
62 0 U 61
# score :59 1261396
# W : 566442 , H : 623551
63
0 0 U -1
1 1 U 0
2 0 U 1
3 0 U 2
4 0 U 3
5 0 U 4
6 1 U 5
7 1 U -1
8 1 U 7
9 1 U 8
10 1 U 9
11 1 U 10
12 1 U 11
13 0 U 12
14 1 U -1
15 0 U 14
16 1 U 15
17 0 U 16
18 0 U 17
19 1 U 18
20 1 U 19
21 1 U -1
22 1 U 21
23 1 U 22
24 1 U 23
25 0 U 24
26 0 U 25
27 0 U 26
28 0 U -1
29 0 U 28
30 0 U 29
31 1 U 30
32 1 U 31
33 1 U 32
34 1 U 33
35 0 U -1
36 0 U 35
37 0 U 36
38 0 U 37
39 0 U 38
40 1 U 39
41 1 U 40
42 1 U -1
43 0 U 42
44 0 U 43
45 1 U 44
46 0 U 45
47 0 U 46
48 1 U 47
49 1 L 35
50 1 L 36
51 1 L 37
52 0 L 38
53 0 L 39
54 0 L 40
55 1 L 41
56 1 U -1
57 1 U 56
58 1 U 57
59 0 U 58
60 0 U 59
61 1 U 60
62 1 U 61
# score :60 1403098
# W : 732770 , H : 646826
63
0 1 U -1
1 0 U 0
2 0 U 1
3 1 U 2
4 1 U 3
5 1 U 4
6 1 U 5
7 0 U -1
8 1 U 7
9 1 U 8
10 0 U 9
11 1 U 10
12 0 U 11
13 0 U 12
14 1 U -1
15 0 U 14
16 0 U 15
17 0 U 16
18 1 U 17
19 0 U 18
20 0 U 19
21 1 U -1
22 1 U 21
23 1 U 22
24 0 U 23
25 0 U 24
26 0 U 25
27 1 U 26
28 0 U -1
29 0 U 28
30 0 U 29
31 0 U 30
32 0 U 31
33 0 U 32
34 1 U 33
35 1 U -1
36 0 U 35
37 1 U 36
38 0 U 37
39 0 U 38
40 1 U 39
41 0 U 40
42 0 U -1
43 1 U 42
44 0 U 43
45 1 U 44
46 0 U 45
47 1 U 46
48 1 U 47
49 1 L 35
50 0 L 36
51 0 L 37
52 0 L 38
53 1 L 39
54 0 L 40
55 1 L 41
56 1 U -1
57 1 U 56
58 1 U 57
59 1 U 58
60 0 U 59
61 1 U 60
62 0 U 61
# score :61 1433909
# W : 713058 , H : 587443
63
0 1 U -1
1 1 U 0
2 0 U 1
3 0 U 2
4 1 U 3
5 0 U 4
6 0 U 5
7 1 U -1
8 1 U 7
9 1 U 8
10 0 U 9
11 0 U 10
12 0 U 11
13 0 U 12
14 1 U -1
15 1 U 14
16 0 U 15
17 0 U 16
18 1 U 17
19 0 U 18
20 1 U 19
21 0 U -1
22 0 U 21
23 0 U 22
24 0 U 23
25 1 U 24
26 1 U 25
27 1 U 26
28 1 U -1
29 1 U 28
30 1 U 29
31 0 U 30
32 0 U 31
33 0 U 32
34 1 U 33
35 1 U -1
36 1 U 35
37 1 U 36
38 0 U 37
39 0 U 38
40 0 U 39
41 0 U 40
42 1 U -1
43 1 U 42
44 1 U 43
45 0 U 44
46 0 U 45
47 0 U 46
48 0 U 47
49 1 L 35
50 0 L 36
51 1 L 37
52 1 L 38
53 0 L 39
54 1 L 40
55 1 L 41
56 1 U -1
57 0 U 56
58 1 U 57
59 1 U 58
60 0 U 59
61 1 U 60
62 0 U 61
# score :62 1266648
# W : 731000 , H : 546746
63
0 0 U -1
1 1 U 0
2 1 U 1
3 1 U 2
4 0 U 3
5 0 U 4
6 1 U 5
7 0 U -1
8 1 U 7
9 1 U 8
10 1 U 9
11 1 U 10
12 1 U 11
13 1 U 12
14 0 U -1
15 0 U 14
16 1 U 15
17 0 U 16
18 0 U 17
19 1 U 18
20 0 U 19
21 1 U -1
22 1 U 21
23 0 U 22
24 0 U 23
25 0 U 24
26 0 U 25
27 0 U 26
28 0 U -1
29 0 U 28
30 0 U 29
31 1 U 30
32 0 U 31
33 0 U 32
34 0 U 33
35 1 U -1
36 0 U 35
37 1 U 36
38 0 U 37
39 0 U 38
40 1 U 39
41 1 U 40
42 1 U -1
43 0 U 42
44 0 U 43
45 0 U 44
46 1 U 45
47 0 U 46
48 0 U 47
49 1 L 35
50 1 L 36
51 1 L 37
52 0 L 38
53 0 L 39
54 0 L 40
55 0 L 41
56 0 U -1
57 0 U 56
58 1 U 57
59 1 U 58
60 0 U 59
61 0 U 60
62 0 U 61
# score :63 1335350
# W : 709728 , H : 537514
63
0 1 U -1
1 0 U 0
2 1 U 1
3 0 U 2
4 0 U 3
5 1 U 4
6 0 U 5
7 1 U -1
8 0 U 7
9 1 U 8
10 0 U 9
11 0 U 10
12 0 U 11
13 1 U 12
14 0 U -1
15 0 U 14
16 0 U 15
17 1 U 16
18 1 U 17
19 0 U 18
20 0 U 19
21 0 U -1
22 1 U 21
23 0 U 22
24 1 U 23
25 0 U 24
26 1 U 25
27 0 U 26
28 1 U -1
29 0 U 28
30 1 U 29
31 0 U 30
32 0 U 31
33 1 U 32
34 1 U 33
35 0 U -1
36 0 U 35
37 1 U 36
38 1 U 37
39 1 U 38
40 1 U 39
41 1 U 40
42 1 U -1
43 1 U 42
44 0 U 43
45 1 U 44
46 0 U 45
47 0 U 46
48 1 U 47
49 0 U -1
50 0 U 49
51 0 U 50
52 0 U 51
53 0 U 52
54 1 U 53
55 0 U 54
56 0 U -1
57 1 U 56
58 0 U 57
59 1 U 58
60 1 U 59
61 0 U 60
62 1 U 61
# score :64 1177169
# W : 483357 , H : 644749
63
0 0 U -1
1 0 U 0
2 0 U 1
3 1 U 2
4 0 U 3
5 0 U 4
6 0 U 5
7 0 U -1
8 1 U 7
9 1 U 8
10 0 U 9
11 1 U 10
12 1 U 11
13 1 U 12
14 0 U -1
15 1 U 14
16 1 U 15
17 0 U 16
18 0 U 17
19 0 U 18
20 0 U 19
21 0 U -1
22 1 U 21
23 1 U 22
24 0 U 23
25 0 U 24
26 1 U 25
27 1 U 26
28 1 U -1
29 1 U 28
30 0 U 29
31 0 U 30
32 1 U 31
33 1 U 32
34 1 U 33
35 0 U -1
36 1 U 35
37 1 U 36
38 1 U 37
39 1 U 38
40 0 U 39
41 1 U 40
42 1 U -1
43 0 U 42
44 0 U 43
45 0 U 44
46 0 U 45
47 1 U 46
48 1 U 47
49 1 U -1
50 0 U 49
51 1 U 50
52 1 U 51
53 1 U 52
54 0 U 53
55 0 U 54
56 0 U -1
57 0 U 56
58 0 U 57
59 0 U 58
60 0 U 59
61 1 U 60
62 1 U 61
# score :65 1143322
# W : 486944 , H : 644275
63
0 1 U -1
1 1 U 0
2 0 U 1
3 1 U 2
4 1 U 3
5 1 U 4
6 1 U 5
7 1 U -1
8 1 U 7
9 1 U 8
10 1 U 9
11 1 U 10
12 0 U 11
13 1 U 12
14 0 U -1
15 1 U 14
16 1 U 15
17 1 U 16
18 1 U 17
19 0 U 18
20 1 U 19
21 0 U -1
22 1 U 21
23 0 U 22
24 1 U 23
25 0 U 24
26 1 U 25
27 1 U 26
28 1 U -1
29 1 U 28
30 0 U 29
31 0 U 30
32 0 U 31
33 1 U 32
34 0 U 33
35 0 U -1
36 0 U 35
37 1 U 36
38 1 U 37
39 1 U 38
40 1 U 39
41 1 U 40
42 0 U -1
43 1 U 42
44 1 U 43
45 1 U 44
46 1 U 45
47 0 U 46
48 1 U 47
49 1 L 42
50 0 L 43
51 1 L 44
52 0 L 45
53 0 L 46
54 0 L 47
55 1 L 48
56 0 U -1
57 1 U 56
58 1 U 57
59 0 U 58
60 0 U 59
61 1 U 60
62 1 U 61
# score :66 1280474
# W : 689581 , H : 647944
63
0 0 U -1
1 1 U 0
2 1 U 1
3 0 U 2
4 0 U 3
5 1 U 4
6 1 U 5
7 0 U -1
8 1 U 7
9 1 U 8
10 0 U 9
11 1 U 10
12 0 U 11
13 1 U 12
14 0 U -1
15 0 U 14
16 0 U 15
17 0 U 16
18 0 U 17
19 1 U 18
20 0 U 19
21 0 U -1
22 1 U 21
23 0 U 22
24 0 U 23
25 1 U 24
26 1 U 25
27 0 U 26
28 0 U -1
29 0 U 28
30 1 U 29
31 0 U 30
32 1 U 31
33 0 U 32
34 0 U 33
35 1 U -1
36 1 U 35
37 0 U 36
38 0 U 37
39 1 U 38
40 1 U 39
41 1 U 40
42 1 U -1
43 0 U 42
44 1 U 43
45 1 U 44
46 0 U 45
47 0 U 46
48 1 U 47
49 0 L 42
50 1 L 43
51 0 L 44
52 1 L 45
53 1 L 46
54 1 L 47
55 0 L 48
56 1 U -1
57 1 U 56
58 0 U 57
59 1 U 58
60 0 U 59
61 1 U 60
62 1 U 61
# score :67 1205979
# W : 441043 , H : 659011
63
0 0 U -1
1 0 U 0
2 0 U 1
3 0 U 2
4 0 U 3
5 0 U 4
6 0 U 5
7 1 U -1
8 1 U 7
9 1 U 8
10 0 U 9
11 0 U 10
12 0 U 11
13 0 U 12
14 0 U -1
15 0 U 14
16 1 U 15
17 0 U 16
18 1 U 17
19 1 U 18
20 0 U 19
21 0 U -1
22 1 U 21
23 1 U 22
24 1 U 23
25 0 U 24
26 1 U 25
27 1 U 26
28 1 U -1
29 1 U 28
30 1 U 29
31 1 U 30
32 0 U 31
33 1 U 32
34 0 U 33
35 1 U -1
36 1 U 35
37 0 U 36
38 1 U 37
39 1 U 38
40 0 U 39
41 1 U 40
42 0 U -1
43 0 U 42
44 1 U 43
45 1 U 44
46 0 U 45
47 0 U 46
48 0 U 47
49 0 L 35
50 0 L 36
51 1 L 37
52 0 L 38
53 0 L 39
54 0 L 40
55 1 L 41
56 0 U -1
57 1 U 56
58 1 U 57
59 0 U 58
60 1 U 59
61 1 U 60
62 0 U 61
# score :68 1381585
# W : 801554 , H : 552967
63
0 1 U -1
1 1 U 0
2 1 U 1
3 1 U 2
4 0 U 3
5 0 U 4
6 1 U 5
7 1 U -1
8 1 U 7
9 0 U 8
10 1 U 9
11 0 U 10
12 1 U 11
13 0 U 12
14 1 U -1
15 1 U 14
16 1 U 15
17 1 U 16
18 0 U 17
19 1 U 18
20 0 U 19
21 0 U -1
22 0 U 21
23 1 U 22
24 1 U 23
25 1 U 24
26 1 U 25
27 1 U 26
28 1 U -1
29 0 U 28
30 0 U 29
31 1 U 30
32 1 U 31
33 1 U 32
34 0 U 33
35 0 U -1
36 1 U 35
37 1 U 36
38 0 U 37
39 0 U 38
40 1 U 39
41 0 U 40
42 0 U -1
43 1 U 42
44 0 U 43
45 1 U 44
46 0 U 45
47 1 U 46
48 0 U 47
49 1 L 35
50 0 L 36
51 1 L 37
52 1 L 38
53 1 L 39
54 0 L 40
55 1 L 41
56 0 U -1
57 0 U 56
58 0 U 57
59 1 U 58
60 0 U 59
61 1 U 60
62 0 U 61
# score :69 1422708
# W : 701480 , H : 604324
63
0 1 U -1
1 1 U 0
2 0 U 1
3 0 U 2
4 1 U 3
5 1 U 4
6 0 U 5
7 0 U -1
8 0 U 7
9 0 U 8
10 1 U 9
11 1 U 10
12 0 U 11
13 0 U 12
14 1 U -1
15 0 U 14
16 1 U 15
17 0 U 16
18 1 U 17
19 0 U 18
20 1 U 19
21 0 U -1
22 0 U 21
23 1 U 22
24 0 U 23
25 1 U 24
26 0 U 25
27 1 U 26
28 0 U -1
29 0 U 28
30 0 U 29
31 1 U 30
32 1 U 31
33 1 U 32
34 1 U 33
35 1 U -1
36 1 U 35
37 1 U 36
38 1 U 37
39 1 U 38
40 0 U 39
41 1 U 40
42 0 U -1
43 0 U 42
44 0 U 43
45 1 U 44
46 1 U 45
47 1 U 46
48 1 U 47
49 1 L 35
50 1 L 36
51 1 L 37
52 1 L 38
53 0 L 39
54 0 L 40
55 1 L 41
56 1 U -1
57 0 U 56
58 0 U 57
59 1 U 58
60 0 U 59
61 0 U 60
62 0 U 61
# score :70 1454922
# W : 720743 , H : 565733
63
0 0 U -1
1 0 U 0
2 0 U 1
3 0 U 2
4 0 U 3
5 0 U 4
6 0 U 5
7 0 U -1
8 0 U 7
9 0 U 8
10 1 U 9
11 1 U 10
12 1 U 11
13 1 U 12
14 1 U -1
15 1 U 14
16 1 U 15
17 1 U 16
18 0 U 17
19 1 U 18
20 1 U 19
21 1 U -1
22 1 U 21
23 1 U 22
24 0 U 23
25 1 U 24
26 0 U 25
27 1 U 26
28 0 U -1
29 0 U 28
30 1 U 29
31 0 U 30
32 1 U 31
33 0 U 32
34 1 U 33
35 1 U -1
36 0 U 35
37 1 U 36
38 1 U 37
39 1 U 38
40 1 U 39
41 1 U 40
42 0 U -1
43 0 U 42
44 0 U 43
45 1 U 44
46 0 U 45
47 1 U 46
48 0 U 47
49 0 L 35
50 1 L 36
51 0 L 37
52 0 L 38
53 0 L 39
54 1 L 40
55 0 L 41
56 0 U -1
57 1 U 56
58 1 U 57
59 0 U 58
60 0 U 59
61 0 U 60
62 0 U 61
# score :71 1277990
# W : 775303 , H : 519478
63
0 0 U -1
1 1 U 0
2 0 U 1
3 1 U 2
4 1 U 3
5 0 U 4
6 0 U 5
7 1 U -1
8 1 U 7
9 0 U 8
10 0 U 9
11 1 U 10
12 1 U 11
13 0 U 12
14 0 U -1
15 1 U 14
16 1 U 15
17 1 U 16
18 1 U 17
19 1 U 18
20 1 U 19
21 1 U -1
22 0 U 21
23 1 U 22
24 1 U 23
25 1 U 24
26 0 U 25
27 1 U 26
28 0 U -1
29 0 U 28
30 0 U 29
31 1 U 30
32 1 U 31
33 1 U 32
34 0 U 33
35 0 U -1
36 0 U 35
37 0 U 36
38 0 U 37
39 1 U 38
40 0 U 39
41 1 U 40
42 1 U -1
43 0 U 42
44 0 U 43
45 1 U 44
46 1 U 45
47 1 U 46
48 1 U 47
49 0 U -1
50 1 U 49
51 1 U 50
52 0 U 51
53 0 U 52
54 0 U 53
55 1 U 54
56 1 U -1
57 0 U 56
58 0 U 57
59 1 U 58
60 1 U 59
61 1 U 60
62 1 U 61
# score :72 1157583
# W : 445514 , H : 690698
63
0 1 U -1
1 1 U 0
2 0 U 1
3 1 U 2
4 0 U 3
5 1 U 4
6 1 U 5
7 1 U -1
8 1 U 7
9 1 U 8
10 0 U 9
11 0 U 10
12 0 U 11
13 1 U 12
14 0 U -1
15 1 U 14
16 1 U 15
17 0 U 16
18 0 U 17
19 0 U 18
20 0 U 19
21 0 U -1
22 1 U 21
23 1 U 22
24 1 U 23
25 1 U 24
26 0 U 25
27 1 U 26
28 0 U -1
29 1 U 28
30 0 U 29
31 0 U 30
32 0 U 31
33 0 U 32
34 0 U 33
35 0 U -1
36 1 U 35
37 1 U 36
38 1 U 37
39 0 U 38
40 1 U 39
41 1 U 40
42 0 U -1
43 1 U 42
44 0 U 43
45 0 U 44
46 0 U 45
47 1 U 46
48 0 U 47
49 1 U -1
50 1 U 49
51 1 U 50
52 1 U 51
53 0 U 52
54 1 U 53
55 0 U 54
56 1 U -1
57 1 U 56
58 0 U 57
59 0 U 58
60 0 U 59
61 0 U 60
62 1 U 61
# score :73 1166569
# W : 487680 , H : 671240
63
0 0 U -1
1 0 U 0
2 0 U 1
3 0 U 2
4 1 U 3
5 0 U 4
6 0 U 5
7 1 U -1
8 1 U 7
9 0 U 8
10 1 U 9
11 1 U 10
12 1 U 11
13 0 U 12
14 1 U -1
15 0 U 14
16 0 U 15
17 0 U 16
18 0 U 17
19 1 U 18
20 0 U 19
21 0 U -1
22 0 U 21
23 0 U 22
24 0 U 23
25 1 U 24
26 0 U 25
27 0 U 26
28 0 U -1
29 1 U 28
30 1 U 29
31 1 U 30
32 0 U 31
33 1 U 32
34 0 U 33
35 0 U -1
36 1 U 35
37 1 U 36
38 1 U 37
39 1 U 38
40 0 U 39
41 0 U 40
42 1 U -1
43 0 U 42
44 0 U 43
45 1 U 44
46 0 U 45
47 1 U 46
48 0 U 47
49 1 L 42
50 0 L 43
51 0 L 44
52 1 L 45
53 0 L 46
54 0 L 47
55 0 L 48
56 0 U -1
57 0 U 56
58 1 U 57
59 0 U 58
60 1 U 59
61 0 U 60
62 0 U 61
# score :74 1435612
# W : 459262 , H : 688108
63
0 1 U -1
1 1 U 0
2 1 U 1
3 0 U 2
4 1 U 3
5 0 U 4
6 0 U 5
7 0 U -1
8 0 U 7
9 0 U 8
10 1 U 9
11 1 U 10
12 0 U 11
13 1 U 12
14 0 U -1
15 0 U 14
16 1 U 15
17 1 U 16
18 1 U 17
19 1 U 18
20 1 U 19
21 1 U -1
22 1 U 21
23 1 U 22
24 1 U 23
25 0 U 24
26 0 U 25
27 1 U 26
28 1 U -1
29 0 U 28
30 0 U 29
31 1 U 30
32 0 U 31
33 0 U 32
34 1 U 33
35 0 U -1
36 1 U 35
37 0 U 36
38 1 U 37
39 0 U 38
40 1 U 39
41 1 U 40
42 0 U -1
43 0 U 42
44 1 U 43
45 1 U 44
46 0 U 45
47 0 U 46
48 0 U 47
49 1 L 42
50 1 L 43
51 1 L 44
52 0 L 45
53 0 L 46
54 1 L 47
55 1 L 48
56 0 U -1
57 0 U 56
58 1 U 57
59 1 U 58
60 0 U 59
61 0 U 60
62 1 U 61
# score :75 1309130
# W : 485545 , H : 626959
63
0 0 U -1
1 0 U 0
2 0 U 1
3 1 U 2
4 1 U 3
5 1 U 4
6 0 U 5
7 0 U -1
8 1 U 7
9 1 U 8
10 0 U 9
11 0 U 10
12 0 U 11
13 1 U 12
14 0 U -1
15 1 U 14
16 0 U 15
17 1 U 16
18 1 U 17
19 1 U 18
20 1 U 19
21 0 U -1
22 1 U 21
23 0 U 22
24 0 U 23
25 0 U 24
26 1 U 25
27 0 U 26
28 1 U -1
29 1 U 28
30 0 U 29
31 1 U 30
32 1 U 31
33 1 U 32
34 1 U 33
35 1 U -1
36 0 U 35
37 0 U 36
38 0 U 37
39 0 U 38
40 1 U 39
41 1 U 40
42 0 U -1
43 1 U 42
44 1 U 43
45 0 U 44
46 1 U 45
47 0 U 46
48 1 U 47
49 0 L 35
50 1 L 36
51 0 L 37
52 1 L 38
53 0 L 39
54 1 L 40
55 0 L 41
56 1 U -1
57 1 U 56
58 1 U 57
59 1 U 58
60 1 U 59
61 0 U 60
62 0 U 61
# score :76 1304592
# W : 719521 , H : 538327
63
0 1 U -1
1 1 U 0
2 1 U 1
3 0 U 2
4 0 U 3
5 1 U 4
6 0 U 5
7 0 U -1
8 1 U 7
9 0 U 8
10 1 U 9
11 0 U 10
12 0 U 11
13 1 U 12
14 1 U -1
15 1 U 14
16 1 U 15
17 0 U 16
18 0 U 17
19 1 U 18
20 0 U 19
21 1 U -1
22 1 U 21
23 0 U 22
24 0 U 23
25 0 U 24
26 1 U 25
27 0 U 26
28 0 U -1
29 0 U 28
30 1 U 29
31 1 U 30
32 1 U 31
33 1 U 32
34 0 U 33
35 0 U -1
36 1 U 35
37 0 U 36
38 0 U 37
39 0 U 38
40 1 U 39
41 0 U 40
42 1 U -1
43 0 U 42
44 1 U 43
45 0 U 44
46 1 U 45
47 0 U 46
48 0 U 47
49 1 L 35
50 0 L 36
51 0 L 37
52 0 L 38
53 1 L 39
54 0 L 40
55 0 L 41
56 1 U -1
57 1 U 56
58 1 U 57
59 1 U 58
60 0 U 59
61 0 U 60
62 0 U 61
# score :77 1232215
# W : 646845 , H : 646300
63
0 1 U -1
1 1 U 0
2 1 U 1
3 1 U 2
4 1 U 3
5 1 U 4
6 1 U 5
7 1 U -1
8 0 U 7
9 1 U 8
10 0 U 9
11 1 U 10
12 1 U 11
13 1 U 12
14 0 U -1
15 1 U 14
16 1 U 15
17 0 U 16
18 1 U 17
19 1 U 18
20 0 U 19
21 0 U -1
22 1 U 21
23 0 U 22
24 0 U 23
25 1 U 24
26 0 U 25
27 1 U 26
28 1 U -1
29 0 U 28
30 1 U 29
31 0 U 30
32 0 U 31
33 1 U 32
34 1 U 33
35 1 U -1
36 1 U 35
37 0 U 36
38 0 U 37
39 0 U 38
40 1 U 39
41 0 U 40
42 1 U -1
43 0 U 42
44 0 U 43
45 1 U 44
46 1 U 45
47 0 U 46
48 1 U 47
49 1 L 35
50 0 L 36
51 0 L 37
52 1 L 38
53 0 L 39
54 0 L 40
55 1 L 41
56 0 U -1
57 1 U 56
58 0 U 57
59 1 U 58
60 1 U 59
61 1 U 60
62 0 U 61
# score :78 1361875
# W : 682222 , H : 609159
63
0 0 U -1
1 1 U 0
2 1 U 1
3 0 U 2
4 1 U 3
5 0 U 4
6 1 U 5
7 0 U -1
8 0 U 7
9 0 U 8
10 1 U 9
11 0 U 10
12 0 U 11
13 0 U 12
14 1 U -1
15 0 U 14
16 1 U 15
17 0 U 16
18 0 U 17
19 0 U 18
20 0 U 19
21 0 U -1
22 1 U 21
23 1 U 22
24 1 U 23
25 0 U 24
26 0 U 25
27 0 U 26
28 1 U -1
29 0 U 28
30 0 U 29
31 0 U 30
32 1 U 31
33 1 U 32
34 0 U 33
35 1 U -1
36 0 U 35
37 1 U 36
38 0 U 37
39 1 U 38
40 1 U 39
41 1 U 40
42 1 U -1
43 1 U 42
44 0 U 43
45 1 U 44
46 1 U 45
47 1 U 46
48 0 U 47
49 1 L 35
50 1 L 36
51 1 L 37
52 0 L 38
53 0 L 39
54 0 L 40
55 1 L 41
56 1 U -1
57 1 U 56
58 1 U 57
59 1 U 58
60 0 U 59
61 0 U 60
62 1 U 61
# score :79 1327710
# W : 733133 , H : 578623
63
0 0 U -1
1 1 U 0
2 0 U 1
3 0 U 2
4 0 U 3
5 0 U 4
6 0 U 5
7 1 U -1
8 0 U -1
9 0 U 8
10 1 U 9
11 1 U 10
12 1 U 11
13 0 U 12
14 0 U -1
15 1 U 14
16 0 U 15
17 1 U 16
18 1 U 17
19 1 U 18
20 1 U 19
21 0 U -1
22 1 U 21
23 1 U 22
24 0 U 23
25 0 U 24
26 1 U 25
27 0 U 26
28 0 U -1
29 1 U 28
30 0 U 29
31 1 U 30
32 1 U 31
33 0 U -1
34 1 U 33
35 1 U -1
36 0 U 35
37 1 U 36
38 1 U 37
39 0 L 38
40 0 U 39
41 0 U 40
42 0 U -1
43 0 U 42
44 0 U 43
45 0 U 44
46 0 U 45
47 1 L 46
48 0 U 47
49 0 U -1
50 1 U 49
51 1 U 50
52 0 U 51
53 1 U 52
54 0 U 53
55 0 U 54
56 0 U -1
57 1 U 56
58 1 U 57
59 1 U 58
60 1 U 59
61 0 U 60
62 0 U 61
