34
0 0 U -1
1 0 U 0
2 0 U 1
3 0 U 2
4 0 U 3
5 0 U -1
6 0 U 5
7 0 U 6
8 0 U 7
9 0 U 8
10 0 U -1
11 0 U 10
12 0 U 11
13 0 U 12
14 0 U 13
15 0 U -1
16 0 U 15
17 0 U 16
18 0 U 17
19 0 U 18
20 0 U -1
21 0 U 20
22 0 U 21
23 0 U 22
24 0 U 23
25 0 U -1
26 0 U 25
27 0 U 26
28 0 U 27
29 0 U 28
30 0 U -1
31 0 U 30
32 0 U 31
33 0 U 32
# score :0 1058318
# W : 403672 , H : 590947
34
0 1 U -1
1 0 U 0
2 1 U 1
3 1 U 2
4 0 U 3
5 0 U -1
6 0 U 5
7 0 U 6
8 1 U 7
9 0 U 8
10 0 U -1
11 0 U 10
12 0 U 11
13 1 U 12
14 0 U 13
15 0 U -1
16 1 U 15
17 0 U 16
18 1 U 17
19 0 U 18
20 1 U -1
21 0 U 20
22 0 U 21
23 1 U 22
24 1 U 23
25 1 U -1
26 0 U 25
27 1 U 26
28 0 U 27
29 0 U 28
30 1 U -1
31 1 U 30
32 0 U 31
33 0 U 32
# score :1 1046100
# W : 439809 , H : 563473
34
0 0 U -1
1 0 U 0
2 0 U 1
3 0 U 2
4 0 U 3
5 0 U -1
6 0 U 5
7 0 U 6
8 0 U 7
9 0 U 8
10 0 U -1
11 0 U 10
12 0 U 11
13 0 U 12
14 0 U 13
15 0 U -1
16 0 U 15
17 0 U 16
18 0 U 17
19 0 U 18
20 0 U -1
21 0 U 20
22 0 U 21
23 0 U 22
24 0 U 23
25 0 L 20
26 0 L 21
27 0 L 22
28 0 L 23
29 0 L 24
30 0 U -1
31 0 U 30
32 0 U 31
33 0 U 32
# score :2 1366736
# W : 714638 , H : 515654
34
0 1 U -1
1 0 U 0
2 1 U 1
3 1 U 2
4 0 U 3
5 0 U -1
6 0 U 5
7 0 U 6
8 1 U 7
9 0 U 8
10 0 U -1
11 0 U 10
12 0 U 11
13 1 U 12
14 0 U 13
15 0 U -1
16 1 U 15
17 0 U 16
18 1 U 17
19 0 U 18
20 1 U -1
21 0 U 20
22 0 U 21
23 1 U 22
24 1 U 23
25 1 L 20
26 0 L 21
27 1 L 22
28 0 L 23
29 0 L 24
30 1 U -1
31 1 U 30
32 0 U 31
33 0 U 32
# score :3 1338519
# W : 776249 , H : 493083
34
0 0 U -1
1 0 U 0
2 0 U 1
3 0 U 2
4 0 U 3
5 0 U -1
6 0 U 5
7 0 U 6
8 0 U 7
9 0 U 8
10 0 U -1
11 0 U 10
12 0 U 11
13 0 U 12
14 0 U 13
15 0 U -1
16 0 U 15
17 0 U 16
18 0 U 17
19 0 U 18
20 0 U -1
21 0 U 20
22 0 U 21
23 0 U 22
24 0 U 23
25 0 L 15
26 0 L 16
27 0 L 17
28 0 L 18
29 0 L 19
30 0 U -1
31 0 U 30
32 0 U 31
33 0 U 32
# score :4 1367166
# W : 791346 , H : 524073
34
0 1 U -1
1 0 U 0
2 1 U 1
3 1 U 2
4 0 U 3
5 0 U -1
6 0 U 5
7 0 U 6
8 1 U 7
9 0 U 8
10 0 U -1
11 0 U 10
12 0 U 11
13 1 U 12
14 0 U 13
15 0 U -1
16 1 U 15
17 0 U 16
18 1 U 17
19 0 U 18
20 1 U -1
21 0 U 20
22 0 U 21
23 1 U 22
24 1 U 23
25 1 L 15
26 0 L 16
27 1 L 17
28 0 L 18
29 0 L 19
30 1 U -1
31 1 U 30
32 0 U 31
33 0 U 32
# score :5 1318893
# W : 796627 , H : 483552
34
0 0 U -1
1 0 U 0
2 0 U 1
3 0 U 2
4 0 U 3
5 0 U -1
6 0 U 5
7 0 U 6
8 0 U 7
9 0 U 8
10 0 U -1
11 0 U 10
12 0 U 11
13 0 U 12
14 0 U 13
15 0 U -1
16 0 U 15
17 0 U 16
18 0 U 17
19 0 U 18
20 0 U -1
21 0 U 20
22 0 U 21
23 0 U 22
24 0 U 23
25 0 L 15
26 0 L 16
27 0 L 17
28 0 L 18
29 0 L 19
30 0 U -1
31 0 U 30
32 0 U 31
33 0 U 32
# score :6 1312257
# W : 798981 , H : 513041
34
0 1 U -1
1 0 U 0
2 1 U 1
3 1 U 2
4 0 U 3
5 0 U -1
6 0 U 5
7 0 U 6
8 1 U 7
9 0 U 8
10 0 U -1
11 0 U 10
12 0 U 11
13 1 U 12
14 0 U 13
15 0 U -1
16 1 U 15
17 0 U 16
18 1 U 17
19 0 U 18
20 1 U -1
21 0 U 20
22 0 U 21
23 1 U 22
24 1 U 23
25 1 L 15
26 0 L 16
27 1 L 17
28 0 L 18
29 0 L 19
30 1 U -1
31 1 U 30
32 0 U 31
33 0 U 32
# score :7 1306205
# W : 793308 , H : 477764
34
0 0 U -1
1 1 U 0
2 0 U 1
3 0 U 2
4 0 U 3
5 0 U -1
6 0 U 5
7 0 U 6
8 0 U 7
9 1 U 8
10 0 U -1
11 0 U 10
12 1 U 11
13 1 U 12
14 1 U 13
15 0 U -1
16 1 U 15
17 0 U 16
18 1 U 17
19 1 U 18
20 0 U -1
21 1 U 20
22 1 U 21
23 0 U 22
24 0 U 23
25 0 U -1
26 1 U 25
27 0 U 26
28 1 U 27
29 0 U 28
30 0 U -1
31 1 U 30
32 0 U 31
33 1 U 32
# score :8 1057323
# W : 408151 , H : 632264
34
0 0 U -1
1 0 U 0
2 1 U 1
3 1 U 2
4 1 U 3
5 1 U -1
6 0 U 5
7 0 U 6
8 0 U 7
9 0 U 8
10 0 U -1
11 0 U 10
12 1 U 11
13 1 U 12
14 1 U 13
15 1 U -1
16 0 U 15
17 0 U 16
18 1 U 17
19 0 U 18
20 0 U -1
21 1 U 20
22 1 U 21
23 0 U 22
24 0 U 23
25 0 U -1
26 1 U 25
27 1 U 26
28 1 U 27
29 1 U 28
30 1 U -1
31 0 U 30
32 0 U 31
33 1 U 32
# score :9 1053787
# W : 412192 , H : 643771
34
0 1 U -1
1 0 U 0
2 0 U 1
3 0 U 2
4 0 U 3
5 1 U -1
6 0 U 5
7 0 U 6
8 0 U 7
9 1 U 8
10 1 U -1
11 1 U 10
12 1 U 11
13 1 U 12
14 1 U 13
15 0 U -1
16 1 U 15
17 0 U 16
18 0 U 17
19 0 U 18
20 1 U -1
21 1 U 20
22 1 U 21
23 1 U 22
24 1 U 23
25 0 L 20
26 1 L 21
27 1 L 22
28 1 L 23
29 1 L 24
30 0 U -1
31 0 U 30
32 0 U 31
33 1 U 32
# score :10 1324084
# W : 544612 , H : 635361
34
0 0 U -1
1 0 U 0
2 1 U 1
3 1 U 2
4 0 U 3
5 1 U -1
6 0 U 5
7 0 U 6
8 0 U 7
9 1 U 8
10 0 U -1
11 0 U 10
12 1 U 11
13 0 U 12
14 0 U 13
15 1 U -1
16 1 U 15
17 0 U 16
18 0 U 17
19 0 U 18
20 1 U -1
21 0 U 20
22 0 U 21
23 1 U 22
24 1 U 23
25 1 L 20
26 1 L 21
27 0 L 22
28 0 L 23
29 1 L 24
30 1 U -1
31 0 U 30
32 1 U 31
33 0 U 32
# score :11 1323761
# W : 750110 , H : 522378
34
0 1 U -1
1 1 U 0
2 1 U 1
3 1 U 2
4 1 U 3
5 1 U -1
6 1 U 5
7 1 U 6
8 1 U 7
9 1 U 8
10 1 U -1
11 1 U 10
12 0 U 11
13 0 U 12
14 0 U 13
15 1 U -1
16 1 U 15
17 1 U 16
18 1 U 17
19 0 U 18
20 1 U -1
21 1 U 20
22 1 U 21
23 0 U 22
24 1 U 23
25 0 L 15
26 0 L 16
27 1 L 17
28 0 L 18
29 1 L 19
30 1 U -1
31 1 U 30
32 1 U 31
33 1 U 32
# score :12 1385906
# W : 802226 , H : 568372
34
0 1 U -1
1 1 U 0
2 0 U 1
3 1 U 2
4 0 U 3
5 1 U -1
6 0 U 5
7 0 U 6
8 1 U 7
9 0 U 8
10 1 U -1
11 0 U 10
12 1 U 11
13 1 U 12
14 0 U 13
15 1 U -1
16 1 U 15
17 1 U 16
18 1 U 17
19 1 U 18
20 0 U -1
21 0 U 20
22 0 U 21
23 1 U 22
24 1 U 23
25 0 L 15
26 1 L 16
27 0 L 17
28 0 L 18
29 1 L 19
30 1 U -1
31 1 U 30
32 1 U 31
33 1 U 32
# score :13 1334784
# W : 742927 , H : 516786
34
0 0 U -1
1 1 U 0
2 0 U 1
3 0 U 2
4 0 U 3
5 1 U -1
6 1 U 5
7 1 U 6
8 0 U 7
9 1 U 8
10 0 U -1
11 1 U 10
12 0 U 11
13 0 U 12
14 1 U 13
15 0 U -1
16 0 U 15
17 0 U 16
18 0 U 17
19 0 U 18
20 0 U -1
21 0 U 20
22 1 U 21
23 0 U 22
24 0 U 23
25 1 L 15
26 0 L 16
27 0 L 17
28 1 L 18
29 0 L 19
30 1 U -1
31 0 U 30
32 1 U 31
33 0 U 32
# score :14 1339266
# W : 786638 , H : 548726
34
0 0 U -1
1 0 U 0
2 0 U 1
3 1 U 2
4 0 U 3
5 1 U -1
6 1 U 5
7 0 U 6
8 1 U 7
9 1 U 8
10 0 U -1
11 0 U 10
12 1 U 11
13 0 U 12
14 0 U 13
15 0 U -1
16 1 U 15
17 1 U 16
18 0 U 17
19 1 U 18
20 1 U -1
21 1 U 20
22 1 U 21
23 1 U 22
24 1 U 23
25 0 L 15
26 1 L 16
27 1 L 17
28 0 L 18
29 1 L 19
30 1 U -1
31 0 U 30
32 0 U 31
33 0 U 32
# score :15 1294316
# W : 729363 , H : 508054
34
0 1 U -1
1 1 U 0
2 1 U 1
3 1 U 2
4 0 U 3
5 0 U -1
6 1 U 5
7 0 U 6
8 1 U 7
9 0 U 8
10 1 U -1
11 0 U 10
12 1 U 11
13 0 U 12
14 0 U 13
15 1 U -1
16 0 U 15
17 1 U 16
18 1 U 17
19 1 U 18
20 0 U -1
21 1 U 20
22 0 U 21
23 0 U 22
24 0 U 23
25 1 U -1
26 1 U 25
27 1 U 26
28 1 U 27
29 0 U 28
30 0 U -1
31 0 U 30
32 1 U 31
33 1 U 32
# score :16 1105250
# W : 418856 , H : 661736
34
0 1 U -1
1 0 U 0
2 0 U 1
3 0 U 2
4 1 U 3
5 1 U -1
6 1 U 5
7 1 U 6
8 0 U 7
9 0 U 8
10 0 U -1
11 0 U 10
12 1 U 11
13 0 U 12
14 1 U 13
15 0 U -1
16 1 U 15
17 0 U 16
18 0 U 17
19 1 U 18
20 1 U -1
21 0 U 20
22 0 U 21
23 0 U 22
24 1 U 23
25 1 U -1
26 1 U 25
27 1 U 26
28 0 U 27
29 0 U 28
30 0 U -1
31 0 U 30
32 1 U 31
33 0 U 32
# score :17 1111695
# W : 434311 , H : 624743
34
0 0 U -1
1 1 U 0
2 1 U 1
3 0 U 2
4 1 U 3
5 0 U -1
6 1 U 5
7 1 U 6
8 1 U 7
9 0 U 8
10 1 U -1
11 1 U 10
12 0 U 11
13 1 U 12
14 0 U 13
15 1 U -1
16 0 U 15
17 1 U 16
18 1 U 17
19 0 U 18
20 1 U -1
21 1 U 20
22 0 U 21
23 0 U 22
24 1 U 23
25 1 L 20
26 0 L 21
27 0 L 22
28 0 L 23
29 0 L 24
30 0 U -1
31 1 U 30
32 1 U 31
33 1 U 32
# score :18 1381029
# W : 597409 , H : 642363
34
0 0 U -1
1 1 U 0
2 1 U 1
3 1 U 2
4 1 U 3
5 0 U -1
6 0 U 5
7 1 U 6
8 0 U 7
9 0 U 8
10 1 U -1
11 0 U 10
12 0 U 11
13 1 U 12
14 0 U 13
15 1 U -1
16 0 U 15
17 1 U 16
18 0 U 17
19 1 U 18
20 1 U -1
21 1 U 20
22 0 U 21
23 0 U 22
24 1 U 23
25 0 L 20
26 1 L 21
27 1 L 22
28 1 L 23
29 0 L 24
30 0 U -1
31 0 U 30
32 1 U 31
33 1 U 32
# score :19 1374024
# W : 691091 , H : 548086
34
0 0 U -1
1 1 U 0
2 1 U 1
3 1 U 2
4 0 U 3
5 0 U -1
6 0 U 5
7 0 U 6
8 1 U 7
9 0 U 8
10 0 U -1
11 0 U 10
12 1 U 11
13 1 U 12
14 0 U 13
15 1 U -1
16 1 U 15
17 1 U 16
18 0 U 17
19 0 U 18
20 1 U -1
21 0 U 20
22 1 U 21
23 0 U 22
24 0 U 23
25 1 L 15
26 0 L 16
27 0 L 17
28 1 L 18
29 1 L 19
30 0 U -1
31 0 U 30
32 0 U 31
33 0 U 32
# score :20 1273985
# W : 790083 , H : 524260
34
0 1 U -1
1 0 U 0
2 0 U 1
3 1 U 2
4 1 U 3
5 0 U -1
6 1 U 5
7 0 U 6
8 0 U 7
9 0 U 8
10 0 U -1
11 0 U 10
12 0 U 11
13 1 U 12
14 1 U 13
15 1 U -1
16 1 U 15
17 0 U 16
18 0 U 17
19 0 U 18
20 0 U -1
21 1 U 20
22 1 U 21
23 0 U 22
24 1 U 23
25 1 L 15
26 1 L 16
27 0 L 17
28 0 L 18
29 0 L 19
30 0 U -1
31 0 U 30
32 0 U 31
33 0 U 32
# score :21 1280268
# W : 742509 , H : 528925
34
0 1 U -1
1 0 U 0
2 1 U 1
3 1 U 2
4 0 U 3
5 0 U -1
6 0 U 5
7 0 U 6
8 0 U 7
9 1 U 8
10 1 U -1
11 1 U 10
12 0 U 11
13 1 U 12
14 0 U 13
15 0 U -1
16 0 U 15
17 0 U 16
18 1 U 17
19 1 U 18
20 1 U -1
21 1 U 20
22 0 U 21
23 0 U 22
24 1 U 23
25 0 L 15
26 0 L 16
27 1 L 17
28 0 L 18
29 0 L 19
30 1 U -1
31 0 U 30
32 0 U 31
33 0 U 32
# score :22 1354454
# W : 820373 , H : 532396
34
0 1 U -1
1 0 U 0
2 0 U 1
3 1 U 2
4 0 U 3
5 1 U -1
6 1 U 5
7 0 U 6
8 0 U 7
9 1 U 8
10 0 U -1
11 1 U 10
12 1 U 11
13 1 U 12
14 1 U 13
15 0 U -1
16 1 U 15
17 0 U 16
18 0 U 17
19 1 U 18
20 0 U -1
21 1 U 20
22 1 U 21
23 0 U 22
24 1 U 23
25 1 L 15
26 1 L 16
27 0 L 17
28 1 L 18
29 0 L 19
30 1 U -1
31 1 U 30
32 0 U 31
33 0 U 32
# score :23 1305395
# W : 683238 , H : 551309
34
0 0 U -1
1 0 U 0
2 1 U 1
3 1 U 2
4 1 U 3
5 0 U -1
6 0 U 5
7 0 U 6
8 0 U 7
9 0 U 8
10 0 U -1
11 0 U 10
12 1 U 11
13 1 U 12
14 0 U 13
15 1 U -1
16 0 U 15
17 1 U 16
18 1 U 17
19 1 U 18
20 0 U -1
21 0 U 20
22 1 U 21
23 1 U 22
24 1 U 23
25 0 U -1
26 1 U 25
27 0 U 26
28 1 U 27
29 0 U 28
30 0 U -1
31 1 U 30
32 1 U 31
33 1 U 32
# score :24 1115540
# W : 424977 , H : 632665
34
0 1 U -1
1 1 U 0
2 0 U 1
3 0 U 2
4 1 U 3
5 1 U -1
6 1 U 5
7 0 U 6
8 0 U 7
9 1 U 8
10 1 U -1
11 1 U 10
12 0 U 11
13 0 U 12
14 0 U 13
15 1 U -1
16 0 U 15
17 1 U 16
18 0 U 17
19 0 U 18
20 1 U -1
21 1 U 20
22 0 U 21
23 0 U 22
24 1 U 23
25 1 U -1
26 0 U 25
27 1 U 26
28 1 U 27
29 0 U 28
30 0 U -1
31 1 U 30
32 0 U 31
33 0 U 32
# score :25 1062355
# W : 408185 , H : 642932
34
0 1 U -1
1 1 U 0
2 0 U 1
3 0 U 2
4 0 U 3
5 0 U -1
6 0 U 5
7 0 U 6
8 0 U 7
9 0 U 8
10 0 U -1
11 1 U 10
12 0 U 11
13 0 U 12
14 0 U 13
15 0 U -1
16 0 U 15
17 0 U 16
18 1 U 17
19 1 U 18
20 1 U -1
21 0 U 20
22 0 U 21
23 1 U 22
24 1 U 23
25 1 L 20
26 0 L 21
27 1 L 22
28 0 L 23
29 1 L 24
30 1 U -1
31 1 U 30
32 1 U 31
33 0 U 32
# score :26 1245825
# W : 602204 , H : 590000
34
0 1 U -1
1 1 U 0
2 0 U 1
3 0 U 2
4 0 U 3
5 0 U -1
6 1 U 5
7 0 U 6
8 1 U 7
9 0 U 8
10 1 U -1
11 0 U 10
12 0 U 11
13 1 U 12
14 0 U 13
15 1 U -1
16 1 U 15
17 0 U 16
18 0 U 17
19 1 U 18
20 0 U -1
21 0 U 20
22 0 U 21
23 1 U 22
24 1 U 23
25 0 L 20
26 1 L 21
27 1 L 22
28 0 L 23
29 0 L 24
30 0 U -1
31 1 U 30
32 0 U 31
33 1 U 32
# score :27 1262071
# W : 676782 , H : 601201
34
0 1 U -1
1 0 U 0
2 1 U 1
3 1 U 2
4 1 U 3
5 0 U -1
6 0 U 5
7 1 U 6
8 1 U 7
9 1 U 8
10 1 U -1
11 1 U 10
12 0 U 11
13 0 U 12
14 0 U 13
15 0 U -1
16 0 U 15
17 0 U 16
18 1 U 17
19 0 U 18
20 1 U -1
21 0 U 20
22 0 U 21
23 1 U 22
24 0 U 23
25 0 L 15
26 1 L 16
27 0 L 17
28 1 L 18
29 0 L 19
30 0 U -1
31 0 U 30
32 0 U 31
33 1 U 32
# score :28 1315069
# W : 790389 , H : 514267
34
0 0 U -1
1 1 U 0
2 0 U 1
3 1 U 2
4 0 U 3
5 0 U -1
6 1 U 5
7 0 U 6
8 0 U 7
9 1 U 8
10 1 U -1
11 1 U 10
12 0 U 11
13 1 U 12
14 1 U 13
15 0 U -1
16 0 U 15
17 0 U 16
18 1 U 17
19 1 U 18
20 0 U -1
21 1 U 20
22 1 U 21
23 1 U 22
24 0 U 23
25 0 L 15
26 1 L 16
27 0 L 17
28 1 L 18
29 0 L 19
30 1 U -1
31 0 U 30
32 1 U 31
33 1 U 32
# score :29 1334041
# W : 765601 , H : 556673
34
0 0 U -1
1 0 U 0
2 1 U 1
3 0 U 2
4 0 U 3
5 0 U -1
6 1 U 5
7 0 U 6
8 1 U 7
9 0 U 8
10 1 U -1
11 1 U 10
12 0 U 11
13 1 U 12
14 1 U 13
15 0 U -1
16 1 U 15
17 1 U 16
18 0 U 17
19 0 U 18
20 0 U -1
21 0 U 20
22 0 U 21
23 0 U 22
24 0 U 23
25 0 L 15
26 1 L 16
27 1 L 17
28 1 L 18
29 1 L 19
30 0 U -1
31 1 U 30
32 1 U 31
33 0 U 32
# score :30 1320163
# W : 771894 , H : 539532
34
0 1 U -1
1 1 U 0
2 0 U 1
3 0 U 2
4 0 U 3
5 1 U -1
6 0 U 5
7 0 U 6
8 1 U 7
9 1 U 8
10 1 U -1
11 1 U 10
12 0 U 11
13 1 U 12
14 0 U 13
15 0 U -1
16 1 U 15
17 1 U 16
18 1 U 17
19 1 U 18
20 1 U -1
21 1 U 20
22 0 U 21
23 0 U 22
24 0 U 23
25 0 L 15
26 1 L 16
27 0 L 17
28 1 L 18
29 0 L 19
30 1 U -1
31 0 U 30
32 0 U 31
33 0 U 32
# score :31 1278519
# W : 764605 , H : 543691
34
0 1 U -1
1 1 U 0
2 1 U 1
3 0 U 2
4 0 U 3
5 1 U -1
6 0 U 5
7 0 U 6
8 0 U 7
9 1 U 8
10 1 U -1
11 0 U 10
12 0 U 11
13 0 U 12
14 0 U 13
15 0 U -1
16 1 U 15
17 0 U 16
18 1 U 17
19 1 U 18
20 1 U -1
21 1 U 20
22 0 U 21
23 1 U 22
24 0 U 23
25 0 U -1
26 0 U 25
27 1 U 26
28 1 U 27
29 0 U 28
30 0 U -1
31 1 U 30
32 0 U 31
33 0 U 32
# score :32 1017427
# W : 405681 , H : 601013
34
0 0 U -1
1 1 U 0
2 1 U 1
3 1 U 2
4 1 U 3
5 1 U -1
6 1 U 5
7 1 U 6
8 1 U 7
9 1 U 8
10 0 U -1
11 0 U 10
12 0 U 11
13 0 U 12
14 0 U 13
15 1 U -1
16 1 U 15
17 1 U 16
18 1 U 17
19 1 U 18
20 0 U -1
21 0 U 20
22 1 U 21
23 1 U 22
24 1 U 23
25 0 U -1
26 1 U 25
27 0 U 26
28 1 U 27
29 0 U 28
30 0 U -1
31 1 U 30
32 1 U 31
33 0 U 32
# score :33 1098653
# W : 423893 , H : 610430
34
0 1 U -1
1 1 U 0
2 0 U 1
3 1 U 2
4 1 U 3
5 0 U -1
6 1 U 5
7 0 U 6
8 0 U 7
9 1 U 8
10 0 U -1
11 1 U 10
12 1 U 11
13 1 U 12
14 1 U 13
15 0 U -1
16 0 U 15
17 0 U 16
18 0 U 17
19 1 U 18
20 1 U -1
21 0 U 20
22 0 U 21
23 1 U 22
24 1 U 23
25 0 L 20
26 1 L 21
27 1 L 22
28 1 L 23
29 0 L 24
30 1 U -1
31 1 U 30
32 0 U 31
33 0 U 32
# score :34 1280885
# W : 725264 , H : 541831
34
0 0 U -1
1 1 U 0
2 0 U 1
3 1 U 2
4 0 U 3
5 1 U -1
6 1 U 5
7 1 U 6
8 1 U 7
9 1 U 8
10 1 U -1
11 0 U 10
12 1 U 11
13 1 U 12
14 0 U 13
15 1 U -1
16 0 U 15
17 1 U 16
18 1 U 17
19 0 U 18
20 1 U -1
21 1 U 20
22 1 U 21
23 1 U 22
24 1 U 23
25 1 L 20
26 1 L 21
27 0 L 22
28 0 L 23
29 0 L 24
30 1 U -1
31 1 U 30
32 1 U 31
33 0 U 32
# score :35 1382632
# W : 582895 , H : 612223
34
0 0 U -1
1 0 U 0
2 1 U 1
3 1 U 2
4 0 U 3
5 0 U -1
6 1 U 5
7 1 U 6
8 1 U 7
9 1 U 8
10 1 U -1
11 1 U 10
12 0 U 11
13 1 U 12
14 1 U 13
15 1 U -1
16 0 U 15
17 0 U 16
18 1 U 17
19 0 U 18
20 1 U -1
21 0 U 20
22 1 U 21
23 0 U 22
24 0 U 23
25 1 L 15
26 0 L 16
27 0 L 17
28 0 L 18
29 0 L 19
30 0 U -1
31 0 U 30
32 0 U 31
33 0 U 32
# score :36 1361084
# W : 741525 , H : 526571
34
0 0 U -1
1 0 U 0
2 1 U 1
3 0 U 2
4 1 U 3
5 0 U -1
6 0 U 5
7 1 U 6
8 0 U 7
9 0 U 8
10 0 U -1
11 1 U 10
12 1 U 11
13 0 U 12
14 1 U 13
15 0 U -1
16 0 U 15
17 0 U 16
18 1 U 17
19 1 U 18
20 1 U -1
21 1 U 20
22 1 U 21
23 1 U 22
24 1 U 23
25 0 L 15
26 0 L 16
27 0 L 17
28 1 L 18
29 0 L 19
30 0 U -1
31 0 U 30
32 0 U 31
33 1 U 32
# score :37 1361986
# W : 792317 , H : 538370
34
0 0 U -1
1 0 U 0
2 0 U 1
3 1 U 2
4 0 U 3
5 1 U -1
6 1 U 5
7 0 U 6
8 0 U 7
9 0 U 8
10 0 U -1
11 1 U 10
12 0 U 11
13 0 U 12
14 0 U 13
15 1 U -1
16 1 U 15
17 1 U 16
18 0 U 17
19 0 U 18
20 0 U -1
21 1 U 20
22 0 U 21
23 1 U 22
24 1 U 23
25 0 L 15
26 1 L 16
27 0 L 17
28 0 L 18
29 0 L 19
30 1 U -1
31 0 U 30
32 0 U 31
33 1 U 32
# score :38 1311672
# W : 740158 , H : 542234
34
0 1 U -1
1 1 U 0
2 0 U 1
3 1 U 2
4 0 U 3
5 0 U -1
6 1 U 5
7 0 U 6
8 0 U 7
9 1 U 8
10 1 U -1
11 1 U 10
12 1 U 11
13 0 U 12
14 1 U 13
15 0 U -1
16 1 U 15
17 1 U 16
18 1 U 17
19 0 U 18
20 1 U -1
21 1 U 20
22 1 U 21
23 0 U 22
24 0 U 23
25 1 L 15
26 0 L 16
27 0 L 17
28 0 L 18
29 0 L 19
30 1 U -1
31 1 U 30
32 1 U 31
33 1 U 32
# score :39 1302153
# W : 746441 , H : 552246
34
0 1 U -1
1 0 U 0
2 0 U 1
3 1 U 2
4 1 U 3
5 0 U -1
6 1 U 5
7 1 U 6
8 1 U 7
9 1 U 8
10 0 U -1
11 1 U 10
12 1 U 11
13 0 U 12
14 1 U 13
15 0 U -1
16 0 U 15
17 1 U 16
18 0 U 17
19 1 U 18
20 1 U -1
21 1 U 20
22 1 U 21
23 0 U 22
24 1 U 23
25 0 U -1
26 1 U 25
27 0 U 26
28 0 U 27
29 0 U 28
30 1 U -1
31 0 U 30
32 1 U 31
33 1 U 32
# score :40 1087929
# W : 410668 , H : 648225
34
0 0 U -1
1 1 U 0
2 0 U 1
3 0 U 2
4 1 U 3
5 1 U -1
6 1 U 5
7 1 U 6
8 0 U 7
9 0 U 8
10 1 U -1
11 0 U 10
12 1 U 11
13 0 U 12
14 1 U 13
15 0 U -1
16 1 U 15
17 1 U 16
18 1 U 17
19 0 U 18
20 0 U -1
21 0 U 20
22 1 U 21
23 0 U 22
24 1 U 23
25 1 U -1
26 1 U 25
27 1 U 26
28 0 U 27
29 0 U 28
30 0 U -1
31 0 U 30
32 1 U 31
33 1 U 32
# score :41 1104018
# W : 433303 , H : 627925
34
0 1 U -1
1 0 U 0
2 0 U 1
3 1 U 2
4 1 U 3
5 1 U -1
6 0 U 5
7 0 U 6
8 1 U 7
9 0 U 8
10 0 U -1
11 1 U 10
12 0 U 11
13 1 U 12
14 0 U 13
15 0 U -1
16 0 U 15
17 0 U 16
18 1 U 17
19 1 U 18
20 1 U -1
21 1 U 20
22 1 U 21
23 0 U 22
24 0 U 23
25 0 L 20
26 1 L 21
27 0 L 22
28 1 L 23
29 1 L 24
30 0 U -1
31 0 U 30
32 1 U 31
33 1 U 32
# score :42 1350384
# W : 661541 , H : 545900
34
0 0 U -1
1 1 U 0
2 1 U 1
3 1 U 2
4 0 U 3
5 1 U -1
6 1 U 5
7 1 U 6
8 1 U 7
9 1 U 8
10 0 U -1
11 1 U 10
12 0 U 11
13 1 U 12
14 1 U 13
15 1 U -1
16 0 U 15
17 0 U 16
18 0 U 17
19 1 U 18
20 1 U -1
21 0 U 20
22 0 U 21
23 0 U 22
24 0 U 23
25 1 L 20
26 0 L 21
27 0 L 22
28 0 L 23
29 1 L 24
30 1 U -1
31 0 U 30
32 0 U 31
33 0 U 32
# score :43 1338974
# W : 633890 , H : 603437
34
0 0 U -1
1 1 U 0
2 0 U 1
3 1 U 2
4 1 U 3
5 1 U -1
6 0 U 5
7 0 U 6
8 0 U 7
9 1 U 8
10 1 U -1
11 1 U 10
12 1 U 11
13 0 U 12
14 0 U 13
15 1 U -1
16 1 U 15
17 1 U 16
18 0 U 17
19 1 U 18
20 0 U -1
21 0 U 20
22 0 U 21
23 1 U 22
24 0 U 23
25 0 L 15
26 1 L 16
27 0 L 17
28 0 L 18
29 1 L 19
30 1 U -1
31 1 U 30
32 0 U 31
33 1 U 32
# score :44 1284862
# W : 724499 , H : 545592
34
0 1 U -1
1 0 U 0
2 1 U 1
3 0 U 2
4 0 U 3
5 0 U -1
6 0 U 5
7 0 U 6
8 1 U 7
9 0 U 8
10 1 U -1
11 1 U 10
12 0 U 11
13 0 U 12
14 1 U 13
15 1 U -1
16 0 U 15
17 1 U 16
18 1 U 17
19 0 U 18
20 0 U -1
21 0 U 20
22 0 U 21
23 0 U 22
24 0 U 23
25 1 L 15
26 0 L 16
27 0 L 17
28 0 L 18
29 0 L 19
30 0 U -1
31 1 U 30
32 0 U 31
33 1 U 32
# score :45 1350903
# W : 744742 , H : 525369
34
0 0 U -1
1 1 U 0
2 1 U 1
3 1 U 2
4 1 U 3
5 0 U -1
6 0 U 5
7 0 U 6
8 1 U 7
9 0 U 8
10 0 U -1
11 1 U 10
12 0 U 11
13 0 U 12
14 0 U 13
15 1 U -1
16 0 U 15
17 1 U 16
18 0 U 17
19 0 U 18
20 0 U -1
21 0 U 20
22 1 U 21
23 1 U 22
24 0 U 23
25 0 L 15
26 1 L 16
27 0 L 17
28 0 L 18
29 1 L 19
30 1 U -1
31 0 U 30
32 0 U 31
33 1 U 32
# score :46 1371833
# W : 791545 , H : 514563
34
0 1 U -1
1 0 U 0
2 1 U 1
3 1 U 2
4 0 U 3
5 1 U -1
6 0 U 5
7 1 U 6
8 0 U 7
9 0 U 8
10 0 U -1
11 0 U 10
12 0 U 11
13 1 U 12
14 1 U 13
15 0 U -1
16 1 U 15
17 1 U 16
18 1 U 17
19 0 U 18
20 0 U -1
21 0 U 20
22 0 U 21
23 1 U 22
24 0 U 23
25 1 L 15
26 1 L 16
27 1 L 17
28 0 L 18
29 0 L 19
30 1 U -1
31 0 U 30
32 0 U 31
33 0 U 32
# score :47 1363711
# W : 763060 , H : 499763
34
0 1 U -1
1 0 U 0
2 1 U 1
3 0 U 2
4 0 U 3
5 0 U -1
6 0 U 5
7 1 U 6
8 1 U 7
9 1 U 8
10 1 U -1
11 0 U 10
12 0 U 11
13 0 U 12
14 1 U 13
15 0 U -1
16 1 U 15
17 1 U 16
18 1 U 17
19 1 U 18
20 0 U -1
21 1 U 20
22 1 U 21
23 1 U 22
24 1 U 23
25 1 U -1
26 0 U 25
27 0 U 26
28 0 U 27
29 1 U 28
30 1 U -1
31 1 U 30
32 0 U 31
33 0 U 32
# score :48 1051145
# W : 415914 , H : 568310
34
0 1 U -1
1 1 U 0
2 0 U 1
3 0 U 2
4 1 U 3
5 0 U -1
6 0 U 5
7 0 U 6
8 1 U 7
9 0 U 8
10 1 U -1
11 0 U 10
12 0 U 11
13 0 U 12
14 0 U 13
15 0 U -1
16 0 U 15
17 0 U 16
18 0 U 17
19 0 U 18
20 1 U -1
21 0 U 20
22 0 U 21
23 0 U 22
24 0 U 23
25 0 U -1
26 0 U 25
27 0 U 26
28 0 U 27
29 1 U 28
30 0 U -1
31 0 U 30
32 0 U 31
33 0 U 32
