33
0 0 U -1
1 0 U 0
2 0 U 1
3 0 U 2
4 0 U 3
5 0 U -1
6 0 U 5
7 0 U 6
8 0 U 7
9 0 U 8
10 0 U -1
11 0 U 10
12 0 U 11
13 0 U 12
14 0 U 13
15 0 U -1
16 0 U 15
17 0 U 16
18 0 U 17
19 0 U 18
20 0 U -1
21 0 U 20
22 0 U 21
23 0 U 22
24 0 U 23
25 0 U -1
26 0 U 25
27 0 U 26
28 0 U 27
29 0 U 28
30 0 U -1
31 0 U 30
32 0 U 31
# score :0 966378
# W : 344505 , H : 546182
33
0 1 U -1
1 1 U 0
2 0 U 1
3 0 U 2
4 0 U 3
5 0 U -1
6 0 U 5
7 0 U 6
8 1 U 7
9 0 U 8
10 0 U -1
11 1 U 10
12 1 U 11
13 0 U 12
14 0 U 13
15 0 U -1
16 0 U 15
17 0 U 16
18 1 U 17
19 1 U 18
20 0 U -1
21 1 U 20
22 1 U 21
23 1 U 22
24 1 U 23
25 1 U -1
26 0 U 25
27 0 U 26
28 0 U 27
29 1 U 28
30 1 U -1
31 0 U 30
32 0 U 31
# score :1 952412
# W : 429210 , H : 436084
33
0 0 U -1
1 0 U 0
2 0 U 1
3 0 U 2
4 0 U 3
5 0 U -1
6 0 U 5
7 0 U 6
8 0 U 7
9 0 U 8
10 0 U -1
11 0 U 10
12 0 U 11
13 0 U 12
14 0 U 13
15 0 U -1
16 0 U 15
17 0 U 16
18 0 U 17
19 0 U 18
20 0 U -1
21 0 U 20
22 0 U 21
23 0 U 22
24 0 U 23
25 0 L 20
26 0 L 21
27 0 L 22
28 0 L 23
29 0 L 24
30 0 U -1
31 0 U 30
32 0 U 31
# score :2 1077229
# W : 475259 , H : 469372
33
0 1 U -1
1 1 U 0
2 0 U 1
3 0 U 2
4 0 U 3
5 0 U -1
6 0 U 5
7 0 U 6
8 1 U 7
9 0 U 8
10 0 U -1
11 1 U 10
12 1 U 11
13 0 U 12
14 0 U 13
15 0 U -1
16 0 U 15
17 0 U 16
18 1 U 17
19 1 U 18
20 0 U -1
21 1 U 20
22 1 U 21
23 1 U 22
24 1 U 23
25 1 L 20
26 0 L 21
27 0 L 22
28 0 L 23
29 1 L 24
30 1 U -1
31 0 U 30
32 0 U 31
# score :3 1104770
# W : 516378 , H : 436772
33
0 0 U -1
1 0 U 0
2 0 U 1
3 0 U 2
4 0 U 3
5 0 U -1
6 0 U 5
7 0 U 6
8 0 U 7
9 0 U 8
10 0 U -1
11 0 U 10
12 0 U 11
13 0 U 12
14 0 U 13
15 0 U -1
16 0 U 15
17 0 U 16
18 0 U 17
19 0 U 18
20 0 U -1
21 0 U 20
22 0 U 21
23 0 U 22
24 0 U 23
25 0 L 15
26 0 L 16
27 0 L 17
28 0 L 18
29 0 L 19
30 0 U -1
31 0 U 30
32 0 U 31
# score :4 1074635
# W : 444295 , H : 453380
33
0 1 U -1
1 1 U 0
2 0 U 1
3 0 U 2
4 0 U 3
5 0 U -1
6 0 U 5
7 0 U 6
8 1 U 7
9 0 U 8
10 0 U -1
11 1 U 10
12 1 U 11
13 0 U 12
14 0 U 13
15 0 U -1
16 0 U 15
17 0 U 16
18 1 U 17
19 1 U 18
20 0 U -1
21 1 U 20
22 1 U 21
23 1 U 22
24 1 U 23
25 1 L 15
26 0 L 16
27 0 L 17
28 0 L 18
29 1 L 19
30 1 U -1
31 0 U 30
32 0 U 31
# score :5 1127908
# W : 694866 , H : 378564
33
0 0 U -1
1 0 U 0
2 0 U 1
3 0 U 2
4 0 U 3
5 0 U -1
6 0 U 5
7 0 U 6
8 0 U 7
9 0 U 8
10 0 U -1
11 0 U 10
12 0 U 11
13 0 U 12
14 0 U 13
15 0 U -1
16 0 U 15
17 0 U 16
18 0 U 17
19 0 U 18
20 0 U -1
21 0 U 20
22 0 U 21
23 0 U 22
24 0 U 23
25 0 L 15
26 0 L 16
27 0 L 17
28 0 L 18
29 0 L 19
30 0 U -1
31 0 U 30
32 0 U 31
# score :6 1074635
# W : 454816 , H : 475852
33
0 1 U -1
1 1 U 0
2 0 U 1
3 0 U 2
4 0 U 3
5 0 U -1
6 0 U 5
7 0 U 6
8 1 U 7
9 0 U 8
10 0 U -1
11 1 U 10
12 1 U 11
13 0 U 12
14 0 U 13
15 0 U -1
16 0 U 15
17 0 U 16
18 1 U 17
19 1 U 18
20 0 U -1
21 1 U 20
22 1 U 21
23 1 U 22
24 1 U 23
25 1 L 15
26 0 L 16
27 0 L 17
28 0 L 18
29 1 L 19
30 1 U -1
31 0 U 30
32 0 U 31
# score :7 1127908
# W : 698145 , H : 383335
33
0 0 U -1
1 1 U 0
2 1 U 1
3 0 U 2
4 0 U 3
5 1 U -1
6 1 U 5
7 0 U 6
8 1 U 7
9 1 U 8
10 0 U -1
11 1 U 10
12 0 U 11
13 0 U 12
14 0 U 13
15 1 U -1
16 1 U 15
17 1 U 16
18 0 U 17
19 0 U 18
20 1 U -1
21 0 U 20
22 1 U 21
23 0 U 22
24 0 U 23
25 0 U -1
26 1 U 25
27 1 U 26
28 1 U 27
29 0 U 28
30 0 U -1
31 1 U 30
32 0 U 31
# score :8 943637
# W : 376745 , H : 576527
33
0 1 U -1
1 1 U 0
2 1 U 1
3 0 U 2
4 1 U 3
5 1 U -1
6 0 U 5
7 1 U 6
8 0 U 7
9 0 U 8
10 0 U -1
11 1 U 10
12 0 U 11
13 0 U 12
14 1 U 13
15 1 U -1
16 1 U 15
17 1 U 16
18 1 U 17
19 1 U 18
20 1 U -1
21 0 U 20
22 0 U 21
23 0 U 22
24 0 U 23
25 0 U -1
26 1 U 25
27 1 U 26
28 1 U 27
29 1 U 28
30 1 U -1
31 0 U 30
32 0 U 31
# score :9 985869
# W : 368279 , H : 545578
33
0 1 U -1
1 0 U 0
2 0 U 1
3 1 U 2
4 1 U 3
5 1 U -1
6 0 U 5
7 1 U 6
8 0 U 7
9 0 U 8
10 1 U -1
11 0 U 10
12 0 U 11
13 0 U 12
14 0 U 13
15 1 U -1
16 1 U 15
17 0 U 16
18 0 U 17
19 0 U 18
20 1 U -1
21 1 U 20
22 1 U 21
23 1 U 22
24 0 U 23
25 0 L 20
26 0 L 21
27 1 L 22
28 0 L 23
29 1 L 24
30 1 U -1
31 0 U 30
32 1 U 31
# score :10 1085182
# W : 548798 , H : 475917
33
0 0 U -1
1 1 U 0
2 0 U 1
3 0 U 2
4 0 U 3
5 1 U -1
6 1 U 5
7 1 U 6
8 1 U 7
9 1 U 8
10 0 U -1
11 0 U 10
12 0 U 11
13 0 U 12
14 0 U 13
15 0 U -1
16 0 U 15
17 0 U 16
18 0 U 17
19 0 U 18
20 1 U -1
21 1 U 20
22 0 U 21
23 1 U 22
24 0 U 23
25 1 L 20
26 1 L 21
27 0 L 22
28 0 L 23
29 1 L 24
30 0 U -1
31 0 U 30
32 1 U 31
# score :11 1140768
# W : 523687 , H : 485839
33
0 1 U -1
1 1 U 0
2 1 U 1
3 0 U 2
4 1 U 3
5 0 U -1
6 0 U 5
7 0 U 6
8 0 U 7
9 1 U 8
10 0 U -1
11 0 U 10
12 0 U 11
13 0 U 12
14 0 U 13
15 0 U -1
16 1 U 15
17 1 U 16
18 0 U 17
19 0 U 18
20 0 U -1
21 0 U 20
22 1 U 21
23 1 U 22
24 0 U 23
25 0 L 15
26 1 L 16
27 0 L 17
28 0 L 18
29 0 L 19
30 0 U -1
31 0 U 30
32 0 U 31
# score :12 1083086
# W : 606211 , H : 462113
33
0 0 U -1
1 0 U 0
2 0 U 1
3 0 U 2
4 0 U 3
5 0 U -1
6 0 U 5
7 0 U 6
8 1 U 7
9 0 U 8
10 1 U -1
11 1 U 10
12 0 U 11
13 1 U 12
14 1 U 13
15 0 U -1
16 1 U 15
17 0 U 16
18 0 U 17
19 1 U 18
20 0 U -1
21 0 U 20
22 1 U 21
23 1 U 22
24 1 U 23
25 1 L 15
26 1 L 16
27 0 L 17
28 0 L 18
29 1 L 19
30 1 U -1
31 1 U 30
32 1 U 31
# score :13 1152711
# W : 600721 , H : 512332
33
0 1 U -1
1 0 U 0
2 1 U 1
3 0 U 2
4 1 U 3
5 0 U -1
6 0 U 5
7 1 U 6
8 0 U 7
9 1 U 8
10 1 U -1
11 0 U 10
12 1 U 11
13 0 U 12
14 1 U 13
15 1 U -1
16 1 U 15
17 0 U 16
18 0 U 17
19 0 U 18
20 1 U -1
21 1 U 20
22 0 U 21
23 1 U 22
24 1 U 23
25 1 L 15
26 0 L 16
27 1 L 17
28 0 L 18
29 0 L 19
30 1 U -1
31 1 U 30
32 1 U 31
# score :14 1208380
# W : 650663 , H : 518096
33
0 0 U -1
1 0 U 0
2 0 U 1
3 1 U 2
4 1 U 3
5 1 U -1
6 1 U 5
7 1 U 6
8 0 U 7
9 1 U 8
10 1 U -1
11 0 U 10
12 0 U 11
13 0 U 12
14 1 U 13
15 0 U -1
16 0 U 15
17 1 U 16
18 0 U 17
19 1 U 18
20 1 U -1
21 1 U 20
22 0 U 21
23 0 U 22
24 1 U 23
25 1 L 15
26 1 L 16
27 0 L 17
28 1 L 18
29 0 L 19
30 0 U -1
31 0 U 30
32 1 U 31
# score :15 1092299
# W : 523684 , H : 497066
33
0 0 U -1
1 0 U 0
2 0 U 1
3 1 U 2
4 1 U 3
5 1 U -1
6 1 U 5
7 0 U 6
8 0 U 7
9 0 U 8
10 0 U -1
11 1 U 10
12 0 U 11
13 0 U 12
14 0 U 13
15 0 U -1
16 0 U 15
17 0 U 16
18 0 U 17
19 0 U 18
20 1 U -1
21 1 U 20
22 1 U 21
23 0 U 22
24 1 U 23
25 1 U -1
26 1 U 25
27 0 U 26
28 0 U 27
29 1 U 28
30 0 U -1
31 0 U 30
32 0 U 31
# score :16 985142
# W : 388926 , H : 530615
33
0 1 U -1
1 1 U 0
2 0 U 1
3 0 U 2
4 1 U 3
5 1 U -1
6 1 U 5
7 0 U 6
8 1 U 7
9 0 U 8
10 1 U -1
11 1 U 10
12 0 U 11
13 0 U 12
14 1 U 13
15 1 U -1
16 0 U 15
17 0 U 16
18 0 U 17
19 0 U 18
20 1 U -1
21 1 U 20
22 0 U 21
23 0 U 22
24 1 U 23
25 0 U -1
26 0 U 25
27 1 U 26
28 0 U 27
29 1 U 28
30 0 U -1
31 1 U 30
32 1 U 31
# score :17 988362
# W : 379424 , H : 512315
33
0 1 U -1
1 1 U 0
2 0 U 1
3 0 U 2
4 0 U 3
5 1 U -1
6 1 U 5
7 0 U 6
8 0 U 7
9 1 U 8
10 1 U -1
11 1 U 10
12 0 U 11
13 1 U 12
14 1 U 13
15 1 U -1
16 0 U 15
17 1 U 16
18 1 U 17
19 0 U 18
20 1 U -1
21 0 U 20
22 1 U 21
23 0 U 22
24 0 U 23
25 0 L 20
26 1 L 21
27 1 L 22
28 1 L 23
29 0 L 24
30 1 U -1
31 1 U 30
32 0 U 31
# score :18 1030675
# W : 416381 , H : 513449
33
0 0 U -1
1 1 U 0
2 1 U 1
3 1 U 2
4 0 U 3
5 1 U -1
6 0 U 5
7 0 U 6
8 1 U 7
9 0 U 8
10 0 U -1
11 0 U 10
12 0 U 11
13 0 U 12
14 1 U 13
15 0 U -1
16 0 U 15
17 1 U 16
18 0 U 17
19 0 U 18
20 1 U -1
21 1 U 20
22 0 U 21
23 0 U 22
24 1 U 23
25 0 L 20
26 0 L 21
27 1 L 22
28 1 L 23
29 1 L 24
30 0 U -1
31 0 U 30
32 0 U 31
# score :19 1078681
# W : 349913 , H : 513792
33
0 0 U -1
1 1 U 0
2 0 U 1
3 0 U 2
4 0 U 3
5 0 U -1
6 0 U 5
7 0 U 6
8 1 U 7
9 1 U 8
10 0 U -1
11 0 U 10
12 1 U 11
13 1 U 12
14 0 U 13
15 0 U -1
16 1 U 15
17 0 U 16
18 0 U 17
19 1 U 18
20 0 U -1
21 1 U 20
22 1 U 21
23 1 U 22
24 1 U 23
25 0 L 15
26 1 L 16
27 1 L 17
28 1 L 18
29 1 L 19
30 1 U -1
31 0 U 30
32 1 U 31
# score :20 1033958
# W : 598998 , H : 467950
33
0 1 U -1
1 1 U 0
2 0 U 1
3 0 U 2
4 1 U 3
5 1 U -1
6 1 U 5
7 1 U 6
8 1 U 7
9 1 U 8
10 0 U -1
11 1 U 10
12 1 U 11
13 1 U 12
14 0 U 13
15 1 U -1
16 1 U 15
17 1 U 16
18 1 U 17
19 0 U 18
20 1 U -1
21 1 U 20
22 0 U 21
23 1 U 22
24 0 U 23
25 1 L 15
26 1 L 16
27 1 L 17
28 0 L 18
29 1 L 19
30 0 U -1
31 1 U 30
32 1 U 31
# score :21 1177489
# W : 603241 , H : 473721
33
0 0 U -1
1 0 U 0
2 0 U 1
3 0 U 2
4 0 U 3
5 0 U -1
6 0 U 5
7 0 U 6
8 0 U 7
9 1 U 8
10 1 U -1
11 0 U 10
12 0 U 11
13 0 U 12
14 0 U 13
15 0 U -1
16 0 U 15
17 0 U 16
18 0 U 17
19 1 U 18
20 0 U -1
21 0 U 20
22 1 U 21
23 0 U 22
24 0 U 23
25 1 L 15
26 1 L 16
27 1 L 17
28 1 L 18
29 0 L 19
30 1 U -1
31 1 U 30
32 1 U 31
# score :22 1006449
# W : 561768 , H : 528016
33
0 1 U -1
1 0 U 0
2 0 U 1
3 1 U 2
4 1 U 3
5 1 U -1
6 1 U 5
7 0 U 6
8 0 U 7
9 0 U 8
10 1 U -1
11 1 U 10
12 0 U 11
13 0 U 12
14 1 U 13
15 1 U -1
16 0 U 15
17 1 U 16
18 0 U 17
19 1 U 18
20 1 U -1
21 1 U 20
22 1 U 21
23 1 U 22
24 1 U 23
25 0 L 15
26 1 L 16
27 1 L 17
28 0 L 18
29 1 L 19
30 0 U -1
31 1 U 30
32 1 U 31
# score :23 1193290
# W : 630892 , H : 502932
33
0 0 U -1
1 1 U 0
2 0 U 1
3 0 U 2
4 1 U 3
5 0 U -1
6 1 U 5
7 1 U 6
8 0 U 7
9 1 U 8
10 0 U -1
11 1 U 10
12 1 U 11
13 0 U 12
14 1 U 13
15 1 U -1
16 1 U 15
17 1 U 16
18 0 U 17
19 1 U 18
20 1 U -1
21 1 U 20
22 1 U 21
23 1 U 22
24 1 U 23
25 0 U -1
26 0 U 25
27 1 U 26
28 1 U 27
29 0 U 28
30 0 U -1
31 1 U 30
32 1 U 31
# score :24 973269
# W : 353355 , H : 553054
33
0 0 U -1
1 1 U 0
2 1 U 1
3 0 U 2
4 0 U 3
5 1 U -1
6 1 U 5
7 1 U 6
8 0 U 7
9 1 U 8
10 1 U -1
11 1 U 10
12 0 U 11
13 0 U 12
14 1 U 13
15 0 U -1
16 0 U 15
17 1 U 16
18 1 U 17
19 0 U 18
20 0 U -1
21 1 U 20
22 1 U 21
23 0 U 22
24 0 U 23
25 0 U -1
26 0 U 25
27 0 U 26
28 1 U 27
29 1 U 28
30 0 U -1
31 1 U 30
32 0 U 31
# score :25 948167
# W : 388753 , H : 563324
33
0 0 U -1
1 1 U 0
2 1 U 1
3 1 U 2
4 0 U 3
5 0 U -1
6 1 U 5
7 1 U 6
8 0 U 7
9 1 U 8
10 1 U -1
11 1 U 10
12 0 U 11
13 0 U 12
14 0 U 13
15 1 U -1
16 1 U 15
17 1 U 16
18 0 U 17
19 0 U 18
20 0 U -1
21 0 U 20
22 0 U 21
23 1 U 22
24 1 U 23
25 0 L 20
26 0 L 21
27 1 L 22
28 1 L 23
29 0 L 24
30 0 U -1
31 1 U 30
32 1 U 31
# score :26 996068
# W : 481466 , H : 529435
33
0 1 U -1
1 1 U 0
2 0 U 1
3 0 U 2
4 0 U 3
5 0 U -1
6 0 U 5
7 1 U 6
8 0 U 7
9 1 U 8
10 0 U -1
11 1 U 10
12 1 U 11
13 1 U 12
14 0 U 13
15 1 U -1
16 0 U 15
17 0 U 16
18 0 U 17
19 0 U 18
20 1 U -1
21 1 U 20
22 0 U 21
23 1 U 22
24 1 U 23
25 0 L 20
26 0 L 21
27 0 L 22
28 0 L 23
29 0 L 24
30 1 U -1
31 0 U 30
32 1 U 31
# score :27 1147275
# W : 452493 , H : 522657
33
0 0 U -1
1 1 U 0
2 1 U 1
3 0 U 2
4 0 U 3
5 0 U -1
6 1 U 5
7 1 U 6
8 1 U 7
9 0 U 8
10 0 U -1
11 0 U 10
12 0 U 11
13 0 U 12
14 0 U 13
15 0 U -1
16 0 U 15
17 1 U 16
18 1 U 17
19 0 U 18
20 0 U -1
21 0 U 20
22 1 U 21
23 0 U 22
24 0 U 23
25 1 L 15
26 1 L 16
27 1 L 17
28 1 L 18
29 0 L 19
30 0 U -1
31 1 U 30
32 0 U 31
# score :28 1004515
# W : 546623 , H : 494233
33
0 1 U -1
1 0 U 0
2 1 U 1
3 0 U 2
4 1 U 3
5 1 U -1
6 1 U 5
7 1 U 6
8 1 U 7
9 0 U 8
10 1 U -1
11 0 U 10
12 1 U 11
13 0 U 12
14 1 U 13
15 0 U -1
16 1 U 15
17 0 U 16
18 0 U 17
19 0 U 18
20 1 U -1
21 1 U 20
22 1 U 21
23 0 U 22
24 0 U 23
25 1 L 15
26 0 L 16
27 1 L 17
28 0 L 18
29 1 L 19
30 1 U -1
31 1 U 30
32 1 U 31
# score :29 1122077
# W : 467250 , H : 514147
33
0 1 U -1
1 1 U 0
2 0 U 1
3 1 U 2
4 0 U 3
5 1 U -1
6 1 U 5
7 0 U 6
8 0 U 7
9 0 U 8
10 0 U -1
11 1 U 10
12 1 U 11
13 0 U 12
14 1 U 13
15 1 U -1
16 1 U 15
17 0 U 16
18 0 U 17
19 0 U 18
20 1 U -1
21 0 U 20
22 0 U 21
23 0 U 22
24 1 U 23
25 0 L 15
26 1 L 16
27 1 L 17
28 0 L 18
29 0 L 19
30 1 U -1
31 1 U 30
32 0 U 31
# score :30 1097718
# W : 488693 , H : 479607
33
0 0 U -1
1 0 U 0
2 1 U 1
3 1 U 2
4 1 U 3
5 1 U -1
6 0 U 5
7 0 U 6
8 1 U 7
9 0 U 8
10 1 U -1
11 0 U 10
12 1 U 11
13 0 U 12
14 0 U 13
15 0 U -1
16 0 U 15
17 0 U 16
18 1 U 17
19 1 U 18
20 1 U -1
21 1 U 20
22 1 U 21
23 0 U 22
24 1 U 23
25 1 L 15
26 1 L 16
27 0 L 17
28 0 L 18
29 1 L 19
30 1 U -1
31 1 U 30
32 0 U 31
# score :31 1155460
# W : 500221 , H : 559443
33
0 0 U -1
1 1 U 0
2 0 U 1
3 0 U 2
4 0 U 3
5 0 U -1
6 1 U 5
7 1 U 6
8 1 U 7
9 0 U 8
10 0 U -1
11 1 U 10
12 0 U 11
13 1 U 12
14 1 U 13
15 1 U -1
16 1 U 15
17 1 U 16
18 1 U 17
19 0 U 18
20 1 U -1
21 0 U 20
22 0 U 21
23 1 U 22
24 0 U 23
25 1 U -1
26 0 U 25
27 0 U 26
28 0 U 27
29 1 U 28
30 1 U -1
31 0 U 30
32 1 U 31
# score :32 956246
# W : 372209 , H : 484997
33
0 1 U -1
1 1 U 0
2 0 U 1
3 1 U 2
4 1 U 3
5 1 U -1
6 1 U 5
7 0 U 6
8 1 U 7
9 1 U 8
10 0 U -1
11 0 U 10
12 0 U 11
13 1 U 12
14 0 U 13
15 0 U -1
16 1 U 15
17 1 U 16
18 0 U 17
19 1 U 18
20 0 U -1
21 0 U 20
22 1 U 21
23 0 U 22
24 0 U 23
25 0 U -1
26 1 U 25
27 0 U 26
28 0 U 27
29 0 U 28
30 0 U -1
31 0 U 30
32 1 U 31
# score :33 1025886
# W : 351394 , H : 508928
33
0 0 U -1
1 0 U 0
2 1 U 1
3 0 U 2
4 1 U 3
5 1 U -1
6 0 U 5
7 1 U 6
8 0 U 7
9 1 U 8
10 1 U -1
11 1 U 10
12 0 U 11
13 0 U 12
14 1 U 13
15 1 U -1
16 1 U 15
17 1 U 16
18 0 U 17
19 1 U 18
20 0 U -1
21 0 U 20
22 1 U 21
23 1 U 22
24 0 U 23
25 0 L 20
26 1 L 21
27 0 L 22
28 1 L 23
29 1 L 24
30 1 U -1
31 1 U 30
32 1 U 31
# score :34 1075723
# W : 480024 , H : 572236
33
0 1 U -1
1 0 U 0
2 1 U 1
3 1 U 2
4 0 U 3
5 1 U -1
6 1 U 5
7 1 U 6
8 0 U 7
9 1 U 8
10 1 U -1
11 0 U 10
12 1 U 11
13 1 U 12
14 1 U 13
15 0 U -1
16 0 U 15
17 0 U 16
18 1 U 17
19 1 U 18
20 0 U -1
21 1 U 20
22 1 U 21
23 0 U 22
24 1 U 23
25 0 L 20
26 1 L 21
27 1 L 22
28 0 L 23
29 0 L 24
30 1 U -1
31 1 U 30
32 1 U 31
# score :35 1077496
# W : 413332 , H : 595897
33
0 0 U -1
1 0 U 0
2 0 U 1
3 1 U 2
4 0 U 3
5 1 U -1
6 1 U 5
7 1 U 6
8 1 U 7
9 0 U 8
10 0 U -1
11 0 U 10
12 0 U 11
13 0 U 12
14 1 U 13
15 1 U -1
16 0 U 15
17 0 U 16
18 1 U 17
19 0 U 18
20 0 U -1
21 0 U 20
22 0 U 21
23 0 U 22
24 0 U 23
25 1 L 15
26 0 L 16
27 0 L 17
28 1 L 18
29 1 L 19
30 1 U -1
31 1 U 30
32 1 U 31
# score :36 1175026
# W : 515135 , H : 529863
33
0 0 U -1
1 0 U 0
2 1 U 1
3 0 U 2
4 1 U 3
5 0 U -1
6 0 U 5
7 1 U 6
8 0 U 7
9 1 U 8
10 1 U -1
11 1 U 10
12 1 U 11
13 0 U 12
14 1 U 13
15 0 U -1
16 1 U 15
17 0 U 16
18 1 U 17
19 1 U 18
20 1 U -1
21 0 U 20
22 1 U 21
23 0 U 22
24 1 U 23
25 1 L 15
26 1 L 16
27 1 L 17
28 1 L 18
29 0 L 19
30 1 U -1
31 1 U 30
32 1 U 31
# score :37 980845
# W : 426800 , H : 519173
33
0 0 U -1
1 0 U 0
2 1 U 1
3 1 U 2
4 1 U 3
5 1 U -1
6 0 U 5
7 0 U 6
8 0 U 7
9 0 U 8
10 0 U -1
11 0 U 10
12 1 U 11
13 1 U 12
14 1 U 13
15 0 U -1
16 0 U 15
17 1 U 16
18 1 U 17
19 0 U 18
20 0 U -1
21 0 U 20
22 0 U 21
23 1 U 22
24 0 U 23
25 0 L 15
26 0 L 16
27 1 L 17
28 1 L 18
29 0 L 19
30 0 U -1
31 1 U 30
32 0 U 31
# score :38 1047162
# W : 423119 , H : 516915
33
0 1 U -1
1 1 U 0
2 0 U 1
3 0 U 2
4 1 U 3
5 0 U -1
6 0 U 5
7 0 U 6
8 1 U 7
9 1 U 8
10 0 U -1
11 1 U 10
12 1 U 11
13 1 U 12
14 0 U 13
15 1 U -1
16 0 U 15
17 0 U 16
18 0 U 17
19 1 U 18
20 0 U -1
21 0 U 20
22 0 U 21
23 1 U 22
24 1 U 23
25 0 L 15
26 1 L 16
27 1 L 17
28 1 L 18
29 1 L 19
30 0 U -1
31 1 U 30
32 1 U 31
# score :39 1149181
# W : 493039 , H : 455068
33
0 1 U -1
1 1 U 0
2 1 U 1
3 1 U 2
4 0 U 3
5 1 U -1
6 1 U 5
7 0 U 6
8 0 U 7
9 1 U 8
10 1 U -1
11 0 U 10
12 1 U 11
13 1 U 12
14 0 U 13
15 1 U -1
16 0 U 15
17 1 U 16
18 0 U 17
19 1 U 18
20 0 U -1
21 0 U 20
22 1 U 21
23 1 U 22
24 1 U 23
25 1 U -1
26 1 U 25
27 0 U 26
28 1 U 27
29 1 U 28
30 1 U -1
31 0 U 30
32 1 U 31
# score :40 1010479
# W : 391390 , H : 601947
33
0 1 U -1
1 1 U 0
2 0 U 1
3 0 U 2
4 1 U 3
5 0 U -1
6 1 U 5
7 0 U 6
8 0 U 7
9 1 U 8
10 0 U -1
11 0 U 10
12 0 U 11
13 1 U 12
14 1 U 13
15 1 U -1
16 1 U 15
17 1 U 16
18 1 U 17
19 1 U 18
20 0 U -1
21 1 U 20
22 0 U 21
23 1 U 22
24 0 U 23
25 1 U -1
26 1 U 25
27 1 U 26
28 1 U 27
29 0 U 28
30 0 U -1
31 0 U 30
32 0 U 31
# score :41 997025
# W : 360672 , H : 533342
33
0 0 U -1
1 1 U 0
2 1 U 1
3 1 U 2
4 1 U 3
5 0 U -1
6 0 U 5
7 0 U 6
8 0 U 7
9 1 U 8
10 1 U -1
11 0 U 10
12 0 U 11
13 0 U 12
14 1 U 13
15 0 U -1
16 1 U 15
17 1 U 16
18 0 U 17
19 1 U 18
20 1 U -1
21 0 U 20
22 0 U 21
23 0 U 22
24 0 U 23
25 1 L 20
26 0 L 21
27 1 L 22
28 1 L 23
29 1 L 24
30 0 U -1
31 0 U 30
32 0 U 31
# score :42 1093122
# W : 474984 , H : 529882
33
0 0 U -1
1 0 U 0
2 0 U 1
3 1 U 2
4 0 U 3
5 1 U -1
6 1 U 5
7 1 U 6
8 0 U 7
9 1 U 8
10 1 U -1
11 0 U 10
12 1 U 11
13 1 U 12
14 1 U 13
15 1 U -1
16 1 U 15
17 0 U 16
18 0 U 17
19 1 U 18
20 1 U -1
21 0 U 20
22 0 U 21
23 0 U 22
24 1 U 23
25 0 L 20
26 1 L 21
27 0 L 22
28 1 L 23
29 0 L 24
30 1 U -1
31 0 U 30
32 0 U 31
# score :43 1037182
# W : 410694 , H : 589078
33
0 0 U -1
1 1 U 0
2 0 U 1
3 0 U 2
4 1 U 3
5 0 U -1
6 1 U 5
7 0 U 6
8 1 U 7
9 1 U 8
10 0 U -1
11 0 U 10
12 0 U 11
13 0 U 12
14 1 U 13
15 0 U -1
16 0 U 15
17 0 U 16
18 1 U 17
19 1 U 18
20 1 U -1
21 0 U 20
22 1 U 21
23 0 U 22
24 1 U 23
25 0 L 15
26 0 L 16
27 1 L 17
28 0 L 18
29 0 L 19
30 0 U -1
31 1 U 30
32 0 U 31
# score :44 995122
# W : 518108 , H : 510533
33
0 0 U -1
1 0 U 0
2 1 U 1
3 1 U 2
4 1 U 3
5 1 U -1
6 1 U 5
7 1 U 6
8 0 U 7
9 1 U 8
10 0 U -1
11 0 U 10
12 1 U 11
13 0 U 12
14 0 U 13
15 0 U -1
16 0 U 15
17 1 U 16
18 0 U 17
19 1 U 18
20 1 U -1
21 0 U 20
22 1 U 21
23 1 U 22
24 1 U 23
25 0 L 15
26 0 L 16
27 0 L 17
28 0 L 18
29 0 L 19
30 1 U -1
31 1 U 30
32 1 U 31
# score :45 1222400
# W : 577376 , H : 560835
33
0 0 U -1
1 1 U 0
2 1 U 1
3 0 U 2
4 0 U 3
5 0 U -1
6 1 U 5
7 1 U 6
8 0 U 7
9 1 U 8
10 0 U -1
11 0 U 10
12 0 U 11
13 1 U 12
14 1 U 13
15 1 U -1
16 0 U 15
17 0 U 16
18 1 U 17
19 1 U 18
20 1 U -1
21 0 U 20
22 0 U 21
23 1 U 22
24 0 U 23
25 0 L 15
26 1 L 16
27 0 L 17
28 0 L 18
29 1 L 19
30 1 U -1
31 1 U 30
32 1 U 31
# score :46 1133975
# W : 526882 , H : 514635
33
0 1 U -1
1 0 U 0
2 0 U 1
3 0 U 2
4 0 U 3
5 1 U -1
6 0 U 5
7 0 U 6
8 0 U 7
9 0 U 8
10 0 U -1
11 1 U 10
12 1 U 11
13 0 U 12
14 0 U 13
15 0 U -1
16 0 U 15
17 1 U 16
18 1 U 17
19 0 U 18
20 1 U -1
21 1 U 20
22 0 U 21
23 1 U 22
24 0 U 23
25 0 L 15
26 1 L 16
27 1 L 17
28 0 L 18
29 1 L 19
30 0 U -1
31 1 U 30
32 0 U 31
# score :47 1085603
# W : 579909 , H : 495972
33
0 1 U -1
1 0 U 0
2 0 U 1
3 0 U 2
4 0 U 3
5 0 U -1
6 1 U 5
7 0 U 6
8 0 U 7
9 1 U 8
10 1 U -1
11 1 U 10
12 0 U 11
13 0 U 12
14 1 U 13
15 1 U -1
16 0 U 15
17 0 U 16
18 0 U 17
19 1 U 18
20 0 U -1
21 0 U 20
22 1 U 21
23 1 U 22
24 1 U 23
25 0 U -1
26 1 U 25
27 0 U 26
28 0 U 27
29 0 U 28
30 0 U -1
31 1 U 30
32 0 U 31
# score :48 947734
# W : 357606 , H : 517544
33
0 1 U -1
1 0 U 0
2 1 U 1
3 0 U 2
4 0 U 3
5 0 U -1
6 1 U 5
7 1 U 6
8 1 U 7
9 1 U 8
10 1 U -1
11 0 U 10
12 1 U 11
13 0 U 12
14 1 U 13
15 0 U -1
16 0 U 15
17 0 U 16
18 0 U 17
19 1 U 18
20 1 U -1
21 0 U 20
22 0 U 21
23 0 U 22
24 1 U 23
25 0 U -1
26 0 U 25
27 0 U 26
28 1 U 27
29 1 U 28
30 0 U -1
31 0 U 30
32 1 U 31
# score :49 977672
# W : 356682 , H : 541101
33
0 1 U -1
1 1 U 0
2 1 U 1
3 0 U 2
4 1 U 3
5 1 U -1
6 0 U 5
7 0 U 6
8 0 U 7
9 1 U 8
10 1 U -1
11 1 U 10
12 1 U 11
13 0 U 12
14 1 U 13
15 0 U -1
16 0 U 15
17 0 U 16
18 0 U 17
19 0 U 18
20 0 U -1
21 1 U 20
22 0 U 21
23 1 U 22
24 1 U 23
25 0 L 20
26 1 L 21
27 0 L 22
28 0 L 23
29 1 L 24
30 0 U -1
31 0 U 30
32 1 U 31
# score :50 1158056
# W : 540025 , H : 502237
33
0 1 U -1
1 1 U 0
2 0 U 1
3 1 U 2
4 0 U 3
5 1 U -1
6 1 U 5
7 1 U 6
8 0 U 7
9 0 U 8
10 1 U -1
11 1 U 10
12 0 U 11
13 1 U 12
14 1 U 13
15 0 U -1
16 0 U 15
17 0 U 16
18 1 U 17
19 1 U 18
20 1 U -1
21 0 U 20
22 0 U 21
23 0 U 22
24 1 U 23
25 0 L 20
26 0 L 21
27 0 L 22
28 0 L 23
29 0 L 24
30 1 U -1
31 0 U 30
32 1 U 31
# score :51 1076161
# W : 431668 , H : 537427
33
0 0 U -1
1 0 U 0
2 0 U 1
3 1 U 2
4 0 U 3
5 0 U -1
6 1 U 5
7 0 U 6
8 0 U 7
9 0 U 8
10 1 U -1
11 0 U 10
12 0 U 11
13 1 U 12
14 1 U 13
15 0 U -1
16 1 U 15
17 1 U 16
18 0 U 17
19 0 U 18
20 1 U -1
21 0 U 20
22 0 U 21
23 0 U 22
24 1 U 23
25 1 L 15
26 1 L 16
27 0 L 17
28 1 L 18
29 0 L 19
30 0 U -1
31 1 U 30
32 1 U 31
# score :52 1074397
# W : 488952 , H : 527370
33
0 0 U -1
1 1 U 0
2 1 U 1
3 0 U 2
4 0 U 3
5 0 U -1
6 0 U 5
7 1 U 6
8 0 U 7
9 0 U 8
10 0 U -1
11 1 U 10
12 1 U 11
13 1 U 12
14 0 U 13
15 0 U -1
16 0 U 15
17 1 U 16
18 0 U 17
19 1 U 18
20 1 U -1
21 1 U 20
22 0 U 21
23 1 U 22
24 0 U 23
25 0 L 15
26 0 L 16
27 1 L 17
28 1 L 18
29 1 L 19
30 1 U -1
31 0 U 30
32 0 U 31
# score :53 1135301
# W : 543966 , H : 457873
33
0 0 U -1
1 0 U 0
2 1 U 1
3 1 U 2
4 1 U 3
5 0 U -1
6 0 U 5
7 1 U 6
8 1 U 7
9 0 U 8
10 0 U -1
11 1 U 10
12 0 U 11
13 1 U 12
14 1 U 13
15 0 U -1
16 1 U 15
17 1 U 16
18 1 U 17
19 1 U 18
20 0 U -1
21 0 U 20
22 1 U 21
23 1 U 22
24 1 U 23
25 1 L 15
26 0 L 16
27 1 L 17
28 0 L 18
29 0 L 19
30 0 U -1
31 1 U 30
32 0 U 31
# score :54 1058991
# W : 601578 , H : 500813
33
0 0 U -1
1 1 U 0
2 0 U 1
3 1 U 2
4 1 U 3
5 1 U -1
6 0 U 5
7 0 U 6
8 0 U 7
9 0 U 8
10 1 U -1
11 1 U 10
12 0 U 11
13 0 U 12
14 1 U 13
15 0 U -1
16 0 U 15
17 0 U 16
18 1 U 17
19 1 U 18
20 0 U -1
21 0 U 20
22 1 U 21
23 0 U 22
24 1 U 23
25 1 L 15
26 1 L 16
27 0 L 17
28 0 L 18
29 1 L 19
30 1 U -1
31 1 U 30
32 1 U 31
# score :55 1130883
# W : 518076 , H : 521993
33
0 0 U -1
1 0 U 0
2 0 U 1
3 1 U 2
4 0 U 3
5 1 U -1
6 1 U 5
7 0 U 6
8 0 U 7
9 1 U 8
10 1 U -1
11 1 U 10
12 1 U 11
13 0 U 12
14 1 U 13
15 0 U -1
16 0 U 15
17 0 U 16
18 0 U 17
19 0 U 18
20 0 U -1
21 1 U 20
22 0 U 21
23 1 U 22
24 0 U 23
25 1 U -1
26 0 U 25
27 0 U 26
28 0 U 27
29 0 U 28
30 0 U -1
31 0 U 30
32 1 U 31
# score :56 988967
# W : 356208 , H : 561281
33
0 0 U -1
1 1 U 0
2 1 U 1
3 0 U 2
4 0 U 3
5 0 U -1
6 0 U 5
7 1 U 6
8 1 U 7
9 1 U 8
10 1 U -1
11 0 U 10
12 0 U 11
13 1 U 12
14 1 U 13
15 0 U -1
16 1 U 15
17 1 U 16
18 1 U 17
19 0 U 18
20 1 U -1
21 0 U 20
22 1 U 21
23 0 U 22
24 1 U 23
25 1 U -1
26 1 U 25
27 1 U 26
28 0 U 27
29 0 U 28
30 1 U -1
31 0 U 30
32 0 U 31
# score :57 1002133
# W : 402543 , H : 603078
33
0 1 U -1
1 0 U 0
2 0 U 1
3 1 U 2
4 0 U 3
5 0 U -1
6 0 U 5
7 1 U 6
8 0 U 7
9 1 U 8
10 0 U -1
11 1 U 10
12 1 U 11
13 1 U 12
14 1 U 13
15 1 U -1
16 1 U 15
17 0 U 16
18 0 U 17
19 1 U 18
20 1 U -1
21 1 U 20
22 0 U 21
23 0 U 22
24 1 U 23
25 1 L 20
26 0 L 21
27 1 L 22
28 0 L 23
29 1 L 24
30 0 U -1
31 1 U 30
32 1 U 31
# score :58 1147900
# W : 481005 , H : 512124
33
0 0 U -1
1 1 U 0
2 1 U 1
3 1 U 2
4 1 U 3
5 0 U -1
6 1 U 5
7 1 U 6
8 1 U 7
9 0 U 8
10 1 U -1
11 1 U 10
12 1 U 11
13 0 U 12
14 1 U 13
15 0 U -1
16 1 U 15
17 1 U 16
18 1 U 17
19 0 U 18
20 0 U -1
21 1 U 20
22 1 U 21
23 0 U 22
24 0 U 23
25 1 L 20
26 1 L 21
27 0 L 22
28 1 L 23
29 0 L 24
30 0 U -1
31 1 U 30
32 0 U 31
# score :59 1102517
# W : 442405 , H : 557194
33
0 0 U -1
1 0 U 0
2 0 U 1
3 1 U 2
4 0 U 3
5 1 U -1
6 1 U 5
7 1 U 6
8 0 U 7
9 0 U 8
10 0 U -1
11 0 U 10
12 0 U 11
13 0 U 12
14 0 U 13
15 1 U -1
16 0 U 15
17 0 U 16
18 0 U 17
19 1 U 18
20 0 U -1
21 1 U 20
22 0 U 21
23 0 U 22
24 1 U 23
25 1 L 15
26 0 L 16
27 0 L 17
28 1 L 18
29 1 L 19
30 1 U -1
31 1 U 30
32 0 U 31
# score :60 1194339
# W : 588476 , H : 545938
33
0 1 U -1
1 1 U 0
2 0 U 1
3 0 U 2
4 1 U 3
5 0 U -1
6 0 U 5
7 0 U 6
8 0 U 7
9 1 U 8
10 1 U -1
11 1 U 10
12 0 U 11
13 0 U 12
14 0 U 13
15 1 U -1
16 0 U 15
17 0 U 16
18 0 U 17
19 0 U 18
20 0 U -1
21 0 U 20
22 1 U 21
23 0 U 22
24 1 U 23
25 0 L 15
26 0 L 16
27 0 L 17
28 0 L 18
29 0 L 19
30 0 U -1
31 1 U 30
32 1 U 31
# score :61 1077354
# W : 504492 , H : 459765
33
0 0 U -1
1 0 U 0
2 0 U 1
3 0 U 2
4 0 U 3
5 1 U -1
6 1 U 5
7 0 U 6
8 1 U 7
9 1 U 8
10 0 U -1
11 1 U 10
12 0 U 11
13 1 U 12
14 0 U 13
15 1 U -1
16 1 U 15
17 0 U 16
18 0 U 17
19 0 U 18
20 1 U -1
21 1 U 20
22 1 U 21
23 1 U 22
24 1 U 23
25 0 L 15
26 0 L 16
27 1 L 17
28 1 L 18
29 1 L 19
30 1 U -1
31 1 U 30
32 1 U 31
# score :62 1161187
# W : 626903 , H : 486916
33
0 1 U -1
1 0 U 0
2 0 U 1
3 0 U 2
4 0 U 3
5 0 U -1
6 1 U 5
7 1 U 6
8 0 U 7
9 0 U 8
10 0 U -1
11 1 U 10
12 1 U 11
13 1 U 12
14 0 U 13
15 0 U -1
16 1 U 15
17 1 U 16
18 1 U 17
19 0 U 18
20 0 U -1
21 0 U 20
22 1 U 21
23 0 U 22
24 1 U 23
25 1 L 15
26 1 L 16
27 0 L 17
28 1 L 18
29 0 L 19
30 0 U -1
31 0 U 30
32 0 U 31
# score :63 1101045
# W : 516435 , H : 508044
33
0 1 U -1
1 1 U 0
2 1 U 1
3 0 U 2
4 1 U 3
5 0 U -1
6 1 U 5
7 0 U 6
8 1 U 7
9 1 U 8
10 1 U -1
11 0 U 10
12 0 U 11
13 1 U 12
14 1 U 13
15 0 U -1
16 1 U 15
17 0 U 16
18 0 U 17
19 1 U 18
20 0 U -1
21 0 U 20
22 1 U 21
23 1 U 22
24 0 U 23
25 1 U -1
26 0 U 25
27 1 U 26
28 0 U 27
29 0 U 28
30 1 U -1
31 0 U 30
32 0 U 31
# score :64 1003052
# W : 370910 , H : 537046
33
0 0 U -1
1 0 U 0
2 0 U 1
3 1 U 2
4 0 U 3
5 0 U -1
6 1 U 5
7 1 U 6
8 1 U 7
9 0 U 8
10 0 U -1
11 1 U 10
12 0 U 11
13 0 U 12
14 1 U 13
15 0 U -1
16 0 U 15
17 1 U 16
18 1 U 17
19 1 U 18
20 0 U -1
21 1 U 20
22 0 U 21
23 0 U 22
24 1 U 23
25 0 U -1
26 1 U 25
27 0 U 26
28 1 U 27
29 0 U 28
30 0 U -1
31 1 U 30
32 0 U 31
# score :65 991417
# W : 389090 , H : 546545
33
0 1 U -1
1 1 U 0
2 1 U 1
3 0 U 2
4 1 U 3
5 0 U -1
6 1 U 5
7 0 U 6
8 1 U 7
9 0 U 8
10 0 U -1
11 0 U 10
12 0 U 11
13 0 U 12
14 0 U 13
15 0 U -1
16 1 U 15
17 1 U 16
18 0 U 17
19 1 U 18
20 1 U -1
21 0 U 20
22 0 U 21
23 1 U 22
24 1 U 23
25 0 L 20
26 0 L 21
27 1 L 22
28 1 L 23
29 0 L 24
30 1 U -1
31 0 U 30
32 1 U 31
# score :66 1030410
# W : 371554 , H : 536830
33
0 0 U -1
1 0 U 0
2 0 U 1
3 1 U 2
4 0 U 3
5 0 U -1
6 0 U 5
7 1 U 6
8 1 U 7
9 1 U 8
10 1 U -1
11 0 U 10
12 1 U 11
13 1 U 12
14 1 U 13
15 1 U -1
16 1 U 15
17 0 U 16
18 1 U 17
19 0 U 18
20 0 U -1
21 0 U 20
22 1 U 21
23 0 U 22
24 1 U 23
25 1 L 20
26 0 L 21
27 0 L 22
28 1 L 23
29 1 L 24
30 0 U -1
31 1 U 30
32 1 U 31
# score :67 1083558
# W : 371360 , H : 571539
33
0 0 U -1
1 0 U 0
2 1 U 1
3 1 U 2
4 0 U 3
5 1 U -1
6 1 U 5
7 1 U 6
8 1 U 7
9 0 U 8
10 0 U -1
11 0 U 10
12 1 U 11
13 0 U 12
14 1 U 13
15 1 U -1
16 1 U 15
17 0 U 16
18 0 U 17
19 0 U 18
20 1 U -1
21 0 U 20
22 1 U 21
23 0 U 22
24 0 U 23
25 1 L 15
26 1 L 16
27 1 L 17
28 1 L 18
29 1 L 19
30 1 U -1
31 1 U 30
32 1 U 31
# score :68 1090024
# W : 440872 , H : 549330
33
0 1 U -1
1 0 U 0
2 0 U 1
3 0 U 2
4 1 U 3
5 1 U -1
6 0 U 5
7 0 U 6
8 1 U 7
9 1 U 8
10 1 U -1
11 0 U 10
12 1 U 11
13 0 U 12
14 1 U 13
15 0 U -1
16 0 U 15
17 1 U 16
18 0 U 17
19 0 U 18
20 0 U -1
21 0 U 20
22 0 U 21
23 0 U 22
24 0 U 23
25 0 L 15
26 1 L 16
27 1 L 17
28 0 L 18
29 0 L 19
30 0 U -1
31 0 U 30
32 0 U 31
# score :69 1099367
# W : 548136 , H : 489478
33
0 0 U -1
1 1 U 0
2 0 U 1
3 1 U 2
4 0 U 3
5 1 U -1
6 1 U 5
7 1 U 6
8 0 U 7
9 1 U 8
10 1 U -1
11 1 U 10
12 1 U 11
13 1 U 12
14 1 U 13
15 1 U -1
16 0 U 15
17 0 U 16
18 0 U 17
19 0 U 18
20 1 U -1
21 1 U 20
22 0 U 21
23 0 U 22
24 1 U 23
25 0 L 15
26 0 L 16
27 0 L 17
28 1 L 18
29 1 L 19
30 1 U -1
31 1 U 30
32 1 U 31
# score :70 1202464
# W : 610273 , H : 537480
33
0 1 U -1
1 0 U 0
2 1 U 1
3 1 U 2
4 0 U 3
5 0 U -1
6 1 U 5
7 0 U 6
8 1 U 7
9 1 U 8
10 0 U -1
11 1 U 10
12 1 U 11
13 0 U 12
14 1 U 13
15 1 U -1
16 0 U 15
17 0 U 16
18 1 U 17
19 1 U 18
20 0 U -1
21 0 U 20
22 1 U 21
23 1 U 22
24 1 U 23
25 1 L 15
26 0 L 16
27 1 L 17
28 1 L 18
29 1 L 19
30 0 U -1
31 0 U 30
32 1 U 31
# score :71 1075582
# W : 633045 , H : 447456
33
0 1 U -1
1 1 U 0
2 1 U 1
3 1 U 2
4 0 U 3
5 1 U -1
6 0 U 5
7 1 U 6
8 1 U 7
9 1 U 8
10 1 U -1
11 1 U 10
12 1 U 11
13 1 U 12
14 0 U 13
15 0 U -1
16 0 U 15
17 0 U 16
18 0 U 17
19 0 U 18
20 1 U -1
21 1 U 20
22 0 U 21
23 1 U 22
24 0 U 23
25 0 U -1
26 1 U 25
27 0 U 26
28 0 U 27
29 0 U 28
30 0 U -1
31 1 U 30
32 0 U 31
# score :72 991119
# W : 392554 , H : 518268
33
0 0 U -1
1 1 U 0
2 0 U 1
3 0 U 2
4 0 U 3
5 1 U -1
6 1 U 5
7 0 U 6
8 1 U 7
9 1 U 8
10 0 U -1
11 0 U 10
12 0 U 11
13 0 U 12
14 1 U 13
15 0 U -1
16 1 U 15
17 1 U 16
18 0 U 17
19 0 U 18
20 1 U -1
21 0 U 20
22 1 U 21
23 0 U 22
24 1 U 23
25 0 U -1
26 1 U 25
27 1 U 26
28 0 U 27
29 0 U 28
30 1 U -1
31 1 U 30
32 1 U 31
# score :73 1003583
# W : 345835 , H : 563125
33
0 1 U -1
1 1 U 0
2 1 U 1
3 0 U 2
4 0 U 3
5 1 U -1
6 1 U 5
7 0 U 6
8 0 U 7
9 0 U 8
10 1 U -1
11 1 U 10
12 0 U 11
13 0 U 12
14 1 U 13
15 0 U -1
16 0 U 15
17 1 U 16
18 1 U 17
19 0 U 18
20 1 U -1
21 1 U 20
22 0 U 21
23 0 U 22
24 1 U 23
25 0 L 20
26 0 L 21
27 1 L 22
28 1 L 23
29 1 L 24
30 1 U -1
31 1 U 30
32 0 U 31
# score :74 1067605
# W : 420101 , H : 513393
33
0 0 U -1
1 1 U 0
2 0 U 1
3 0 U 2
4 1 U 3
5 0 U -1
6 1 U 5
7 0 U 6
8 1 U 7
9 0 U 8
10 1 U -1
11 1 U 10
12 1 U 11
13 1 U 12
14 0 U 13
15 1 U -1
16 0 U 15
17 0 U 16
18 1 U 17
19 1 U 18
20 1 U -1
21 0 U 20
22 0 U 21
23 1 U 22
24 1 U 23
25 1 L 20
26 1 L 21
27 0 L 22
28 1 L 23
29 1 L 24
30 1 U -1
31 0 U 30
32 1 U 31
# score :75 1013044
# W : 392300 , H : 511952
33
0 1 U -1
1 0 U 0
2 1 U 1
3 1 U 2
4 0 U 3
5 0 U -1
6 1 U 5
7 0 U 6
8 1 U 7
9 1 U 8
10 0 U -1
11 1 U 10
12 0 U 11
13 0 U 12
14 0 U 13
15 1 U -1
16 0 U 15
17 1 U 16
18 1 U 17
19 0 U 18
20 0 U -1
21 0 U 20
22 1 U 21
23 1 U 22
24 1 U 23
25 0 L 15
26 0 L 16
27 1 L 17
28 1 L 18
29 1 L 19
30 1 U -1
31 0 U 30
32 0 U 31
# score :76 1111040
# W : 591818 , H : 445744
33
0 0 U -1
1 0 U 0
2 1 U 1
3 1 U 2
4 0 U 3
5 1 U -1
6 0 U 5
7 1 U 6
8 1 U 7
9 0 U 8
10 1 U -1
11 0 U 10
12 0 U 11
13 0 U 12
14 1 U 13
15 0 U -1
16 0 U 15
17 1 U 16
18 0 U 17
19 1 U 18
20 0 U -1
21 1 U 20
22 0 U 21
23 1 U 22
24 1 U 23
25 1 L 15
26 1 L 16
27 0 L 17
28 0 L 18
29 1 L 19
30 1 U -1
31 1 U 30
32 1 U 31
# score :77 1145711
# W : 676141 , H : 549653
33
0 1 U -1
1 1 U 0
2 1 U 1
3 0 U 2
4 1 U 3
5 0 U -1
6 1 U 5
7 1 U 6
8 1 U 7
9 1 U 8
10 0 U -1
11 1 U 10
12 0 U 11
13 1 U 12
14 1 U 13
15 1 U -1
16 0 U 15
17 0 U 16
18 1 U 17
19 1 U 18
20 0 U -1
21 0 U 20
22 1 U 21
23 0 U 22
24 0 U 23
25 0 L 15
26 0 L 16
27 0 L 17
28 0 L 18
29 1 L 19
30 0 U -1
31 0 U 30
32 1 U 31
# score :78 1147375
# W : 631446 , H : 420373
33
0 1 U -1
1 0 U 0
2 0 U 1
3 0 U 2
4 0 U 3
5 0 U -1
6 0 U 5
7 0 U 6
8 1 U 7
9 1 U 8
10 0 U -1
11 1 U 10
12 1 U 11
13 1 U 12
14 0 U 13
15 0 U -1
16 1 U 15
17 0 U 16
18 1 U 17
19 0 U 18
20 1 U -1
21 1 U 20
22 0 U 21
23 1 U 22
24 1 U 23
25 1 L 15
26 0 L 16
27 0 L 17
28 0 L 18
29 0 L 19
30 1 U -1
31 0 U 30
32 1 U 31
# score :79 1195638
# W : 658570 , H : 446690
33
0 1 U -1
1 1 U 0
2 1 U 1
3 1 U 2
4 1 U 3
5 1 U -1
6 0 U 5
7 1 U 6
8 1 U 7
9 1 U 8
10 1 U -1
11 1 U 10
12 0 U 11
13 0 U 12
14 1 U 13
15 0 U -1
16 1 U 15
17 0 U 16
18 0 U 17
19 1 U 18
20 1 U -1
21 0 U 20
22 1 U 21
23 1 U 22
24 0 U 23
25 1 U -1
26 1 U 25
27 0 U 26
28 0 U 27
29 0 U 28
30 1 U -1
31 0 U 30
32 0 U 31
# score :80 980181
# W : 352071 , H : 535187
33
0 1 U -1
1 0 U 0
2 0 U 1
3 1 U 2
4 1 U 3
5 0 U -1
6 0 U 5
7 0 U 6
8 0 U 7
9 0 U 8
10 0 U -1
11 1 U 10
12 1 U 11
13 0 U 12
14 1 U 13
15 1 U -1
16 0 U 15
17 1 U 16
18 0 U 17
19 0 U 18
20 0 U -1
21 1 U 20
22 0 U 21
23 0 U 22
24 0 U 23
25 0 U -1
26 0 U 25
27 0 U 26
28 0 U 27
29 1 U 28
30 1 U -1
31 1 U 30
32 0 U 31
# score :81 983184
# W : 368673 , H : 526001
33
0 1 U -1
1 0 U 0
2 0 U 1
3 1 U 2
4 1 U 3
5 0 U -1
6 0 U 5
7 1 U 6
8 0 U 7
9 0 U 8
10 0 U -1
11 0 U 10
12 0 U 11
13 1 U 12
14 1 U 13
15 1 U -1
16 0 U 15
17 0 U 16
18 1 U 17
19 0 U 18
20 1 U -1
21 1 U 20
22 0 U 21
23 0 U 22
24 0 U 23
25 1 L 20
26 1 L 21
27 0 L 22
28 0 L 23
29 1 L 24
30 1 U -1
31 1 U 30
32 1 U 31
# score :82 1210196
# W : 478722 , H : 574981
33
0 1 U -1
1 0 U 0
2 0 U 1
3 0 U 2
4 0 U 3
5 0 U -1
6 0 U 5
7 0 U 6
8 0 U 7
9 0 U 8
10 1 U -1
11 0 U 10
12 0 U 11
13 1 U 12
14 1 U 13
15 0 U -1
16 0 U 15
17 0 U 16
18 1 U 17
19 1 U 18
20 1 U -1
21 0 U 20
22 1 U 21
23 1 U 22
24 0 U 23
25 0 L 20
26 1 L 21
27 0 L 22
28 0 L 23
29 1 L 24
30 1 U -1
31 1 U 30
32 0 U 31
# score :83 1047166
# W : 459353 , H : 564228
33
0 1 U -1
1 1 U 0
2 1 U 1
3 1 U 2
4 0 U 3
5 0 U -1
6 1 U 5
7 1 U 6
8 0 U 7
9 0 U 8
10 0 U -1
11 1 U 10
12 1 U 11
13 1 U 12
14 0 U 13
15 0 U -1
16 0 U 15
17 1 U 16
18 1 U 17
19 0 U 18
20 1 U -1
21 0 U 20
22 0 U 21
23 0 U 22
24 0 U 23
25 1 L 15
26 1 L 16
27 0 L 17
28 1 L 18
29 1 L 19
30 1 U -1
31 1 U 30
32 0 U 31
# score :84 1075635
# W : 532169 , H : 489414
33
0 1 U -1
1 1 U 0
2 1 U 1
3 0 U 2
4 0 U 3
5 0 U -1
6 0 U 5
7 0 U 6
8 1 U 7
9 0 U 8
10 1 U -1
11 1 U 10
12 1 U 11
13 0 U 12
14 0 U 13
15 1 U -1
16 1 U 15
17 1 U 16
18 1 U 17
19 0 U 18
20 1 U -1
21 1 U 20
22 0 U 21
23 1 U 22
24 1 U 23
25 0 L 15
26 0 L 16
27 1 L 17
28 1 L 18
29 1 L 19
30 0 U -1
31 1 U 30
32 0 U 31
# score :85 1145287
# W : 642713 , H : 450108
33
0 0 U -1
1 0 U 0
2 0 U 1
3 1 U 2
4 1 U 3
5 0 U -1
6 1 U 5
7 0 U 6
8 1 U 7
9 1 U 8
10 0 U -1
11 1 U 10
12 1 U 11
13 0 U 12
14 0 U 13
15 1 U -1
16 0 U 15
17 0 U 16
18 1 U 17
19 1 U 18
20 1 U -1
21 1 U 20
22 1 U 21
23 0 U 22
24 1 U 23
25 0 L 15
26 0 L 16
27 1 L 17
28 0 L 18
29 1 L 19
30 1 U -1
31 0 U 30
32 0 U 31
# score :86 1035747
# W : 641018 , H : 431986
33
0 0 U -1
1 1 U 0
2 0 U 1
3 1 U 2
4 1 U 3
5 0 U -1
6 1 U 5
7 1 U 6
8 0 U 7
9 1 U 8
10 0 U -1
11 1 U 10
12 1 U 11
13 0 U 12
14 0 U 13
15 1 U -1
16 0 U 15
17 0 U 16
18 1 U 17
19 0 U 18
20 1 U -1
21 0 U 20
22 1 U 21
23 1 U 22
24 1 U 23
25 0 L 15
26 0 L 16
27 1 L 17
28 0 L 18
29 0 L 19
30 0 U -1
31 0 U 30
32 0 U 31
# score :87 1094507
# W : 591667 , H : 495437
33
0 1 U -1
1 0 U 0
2 1 U 1
3 1 U 2
4 0 U 3
5 0 U -1
6 0 U 5
7 1 U 6
8 1 U 7
9 1 U 8
10 1 U -1
11 0 U 10
12 1 U 11
13 0 U 12
14 1 U 13
15 0 U -1
16 1 U 15
17 1 U 16
18 1 U 17
19 0 U 18
20 1 U -1
21 1 U 20
22 1 U 21
23 0 U 22
24 1 U 23
25 1 U -1
26 1 U 25
27 1 U 26
28 0 U 27
29 0 U 28
30 1 U -1
31 0 U 30
32 1 U 31
# score :88 997917
# W : 395070 , H : 551129
33
0 1 U -1
1 1 U 0
2 0 U 1
3 1 U 2
4 1 U 3
5 0 U -1
6 1 U 5
7 1 U 6
8 0 U 7
9 0 U 8
10 0 U -1
11 0 U 10
12 1 U 11
13 0 U 12
14 1 U 13
15 0 U -1
16 1 U 15
17 0 U 16
18 1 U 17
19 1 U 18
20 1 U -1
21 0 U 20
22 0 U 21
23 0 U 22
24 0 U 23
25 0 U -1
26 1 U 25
27 1 U 26
28 0 U 27
29 1 U 28
30 0 U -1
31 1 U 30
32 0 U 31
# score :89 1101762
# W : 418614 , H : 553279
33
0 1 U -1
1 0 U 0
2 1 U 1
3 0 U 2
4 1 U 3
5 1 U -1
6 1 U 5
7 0 U 6
8 1 U 7
9 1 U 8
10 1 U -1
11 1 U 10
12 1 U 11
13 0 U 12
14 0 U 13
15 1 U -1
16 1 U 15
17 0 U 16
18 1 U 17
19 0 U 18
20 0 U -1
21 1 U 20
22 0 U 21
23 1 U 22
24 0 U 23
25 1 L 20
26 1 L 21
27 1 L 22
28 0 L 23
29 1 L 24
30 0 U -1
31 0 U 30
32 1 U 31
# score :90 1083096
# W : 570486 , H : 471581
33
0 0 U -1
1 0 U 0
2 0 U 1
3 1 U 2
4 1 U 3
5 1 U -1
6 0 U 5
7 1 U 6
8 1 U 7
9 1 U 8
10 0 U -1
11 1 U 10
12 0 U 11
13 1 U 12
14 1 U 13
15 1 U -1
16 1 U 15
17 0 U 16
18 0 U 17
19 1 U 18
20 1 U -1
21 1 U 20
22 0 U 21
23 0 U 22
24 1 U 23
25 1 L 20
26 1 L 21
27 0 L 22
28 1 L 23
29 0 L 24
30 1 U -1
31 0 U 30
32 0 U 31
# score :91 997870
# W : 466339 , H : 495196
33
0 1 U -1
1 1 U 0
2 1 U 1
3 0 U 2
4 1 U 3
5 1 U -1
6 0 U 5
7 1 U 6
8 1 U 7
9 0 U 8
10 0 U -1
11 1 U 10
12 1 U 11
13 0 U 12
14 1 U 13
15 0 U -1
16 0 U 15
17 1 U 16
18 1 U 17
19 1 U 18
20 0 U -1
21 1 U 20
22 1 U 21
23 1 U 22
24 1 U 23
25 0 L 15
26 1 L 16
27 1 L 17
28 0 L 18
29 1 L 19
30 1 U -1
31 0 U 30
32 1 U 31
# score :92 1183852
# W : 570436 , H : 426051
33
0 1 U -1
1 0 U 0
2 1 U 1
3 1 U 2
4 1 U 3
5 1 U -1
6 0 U 5
7 1 U 6
8 0 U 7
9 1 U 8
10 1 U -1
11 1 U 10
12 1 U 11
13 0 U 12
14 1 U 13
15 1 U -1
16 1 U 15
17 1 U 16
18 0 U 17
19 1 U 18
20 0 U -1
21 0 U 20
22 1 U 21
23 1 U 22
24 1 U 23
25 0 L 15
26 0 L 16
27 0 L 17
28 1 L 18
29 0 L 19
30 0 U -1
31 0 U 30
32 0 U 31
# score :93 1191982
# W : 507074 , H : 471847
33
0 1 U -1
1 1 U 0
2 0 U 1
3 1 U 2
4 0 U 3
5 1 U -1
6 0 U 5
7 1 U 6
8 1 U 7
9 0 U 8
10 1 U -1
11 0 U 10
12 0 U 11
13 0 U 12
14 0 U 13
15 1 U -1
16 0 U 15
17 0 U 16
18 1 U 17
19 1 U 18
20 1 U -1
21 0 U 20
22 1 U 21
23 0 U 22
24 0 U 23
25 0 L 15
26 1 L 16
27 1 L 17
28 0 L 18
29 0 L 19
30 0 U -1
31 0 U 30
32 1 U 31
# score :94 1132795
# W : 563957 , H : 496355
33
0 0 U -1
1 1 U 0
2 0 U 1
3 1 U 2
4 1 U 3
5 0 U -1
6 1 U 5
7 1 U 6
8 0 U 7
9 0 U 8
10 1 U -1
11 0 U 10
12 1 U 11
13 0 U 12
14 0 U 13
15 0 U -1
16 1 U 15
17 1 U 16
18 1 U 17
19 0 U 18
20 0 U -1
21 0 U 20
22 1 U 21
23 0 U 22
24 0 U 23
25 1 L 15
26 1 L 16
27 1 L 17
28 0 L 18
29 0 L 19
30 0 U -1
31 0 U 30
32 0 U 31
# score :95 1055255
# W : 411800 , H : 513135
33
0 1 U -1
1 0 U 0
2 0 U 1
3 1 U 2
4 1 U 3
5 0 U -1
6 1 U 5
7 1 U 6
8 0 U 7
9 0 U 8
10 1 U -1
11 0 U 10
12 1 U 11
13 1 U 12
14 1 U 13
15 1 U -1
16 0 U 15
17 1 U 16
18 1 U 17
19 1 U 18
20 0 U -1
21 0 U 20
22 1 U 21
23 1 U 22
24 0 U 23
25 0 U -1
26 1 U 25
27 0 U 26
28 0 U 27
29 1 U 28
30 0 U -1
31 1 U 30
32 0 U 31
# score :96 998559
# W : 366381 , H : 548714
33
0 0 U -1
1 1 U 0
2 0 U 1
3 1 U 2
4 0 U 3
5 0 U -1
6 1 U 5
7 0 U 6
8 1 U 7
9 1 U 8
10 0 U -1
11 0 U 10
12 0 U 11
13 0 U 12
14 1 U 13
15 1 U -1
16 0 U 15
17 0 U 16
18 1 U 17
19 0 U 18
20 0 U -1
21 1 U 20
22 1 U 21
23 1 U 22
24 0 U 23
25 0 U -1
26 1 U 25
27 0 U 26
28 1 U 27
29 1 U 28
30 1 U -1
31 0 U 30
32 0 U 31
# score :97 965425
# W : 373769 , H : 531993
33
0 0 U -1
1 1 U 0
2 1 U 1
3 1 U 2
4 0 U 3
5 0 U -1
6 1 U 5
7 0 U 6
8 0 U 7
9 0 U 8
10 0 U -1
11 1 U 10
12 1 U 11
13 0 U 12
14 1 U 13
15 1 U -1
16 1 U 15
17 1 U 16
18 0 U 17
19 0 U 18
20 0 U -1
21 0 U 20
22 0 U 21
23 1 U 22
24 0 U 23
25 1 L 20
26 1 L 21
27 1 L 22
28 1 L 23
29 0 L 24
30 1 U -1
31 1 U 30
32 0 U 31
# score :98 1092251
# W : 505734 , H : 482752
33
0 0 U -1
1 0 U 0
2 1 U 1
3 0 U 2
4 0 U 3
5 0 U -1
6 0 U 5
7 0 U 6
8 0 U 7
9 1 U 8
10 1 U -1
11 1 U 10
12 1 U 11
13 1 U 12
14 1 U 13
15 0 U -1
16 1 U 15
17 1 U 16
18 1 U 17
19 0 U 18
20 0 U -1
21 1 U 20
22 0 U 21
23 1 U 22
24 1 U 23
25 0 L 20
26 1 L 21
27 1 L 22
28 1 L 23
29 0 L 24
30 0 U -1
31 1 U 30
32 0 U 31
# score :99 947156
# W : 482507 , H : 543330
33
0 1 U -1
1 0 U 0
2 0 U 1
3 0 U 2
4 1 U 3
5 1 U -1
6 1 U 5
7 0 U 6
8 1 U 7
9 0 U 8
10 1 U -1
11 0 U 10
12 1 U 11
13 0 U 12
14 0 U 13
15 0 U -1
16 0 U 15
17 1 U 16
18 1 U 17
19 1 U 18
20 0 U -1
21 0 U 20
22 0 U 21
23 0 U 22
24 1 U 23
25 1 L 15
26 0 L 16
27 0 L 17
28 1 L 18
29 0 L 19
30 1 U -1
31 1 U 30
32 0 U 31
# score :100 1020439
# W : 550729 , H : 485874
33
0 0 U -1
1 1 U 0
2 1 U 1
3 0 U 2
4 0 U 3
5 0 U -1
6 1 U 5
7 1 U 6
8 0 U 7
9 1 U 8
10 1 U -1
11 0 U 10
12 1 U 11
13 0 U 12
14 0 U 13
15 1 U -1
16 0 U 15
17 0 U 16
18 1 U 17
19 0 U 18
20 0 U -1
21 1 U 20
22 1 U 21
23 0 U 22
24 0 U 23
25 0 L 15
26 0 L 16
27 1 L 17
28 1 L 18
29 1 L 19
30 0 U -1
31 0 U 30
32 1 U 31
# score :101 997604
# W : 569397 , H : 458709
33
0 0 U -1
1 1 U 0
2 0 U 1
3 1 U 2
4 0 U 3
5 1 U -1
6 0 U 5
7 1 U 6
8 0 U 7
9 0 U 8
10 1 U -1
11 0 U 10
12 0 U 11
13 0 U 12
14 0 U 13
15 0 U -1
16 1 U 15
17 1 U 16
18 0 U 17
19 0 U 18
20 1 U -1
21 0 U 20
22 0 U 21
23 0 U 22
24 0 U 23
25 1 L 15
26 0 L 16
27 0 L 17
28 1 L 18
29 1 L 19
30 1 U -1
31 1 U 30
32 1 U 31
# score :102 1153691
# W : 571075 , H : 559878
33
0 0 U -1
1 0 U 0
2 1 U 1
3 1 U 2
4 1 U 3
5 1 U -1
6 0 U 5
7 1 U 6
8 1 U 7
9 1 U 8
10 1 U -1
11 1 U 10
12 1 U 11
13 0 U 12
14 1 U 13
15 1 U -1
16 0 U 15
17 1 U 16
18 1 U 17
19 0 U 18
20 0 U -1
21 1 U 20
22 0 U 21
23 0 U 22
24 1 U 23
25 0 L 15
26 1 L 16
27 0 L 17
28 0 L 18
29 1 L 19
30 1 U -1
31 1 U 30
32 0 U 31
# score :103 1133945
# W : 628541 , H : 522936
33
0 0 U -1
1 1 U 0
2 1 U 1
3 0 U 2
4 1 U 3
5 1 U -1
6 0 U 5
7 1 U 6
8 0 U 7
9 0 U 8
10 1 U -1
11 1 U 10
12 1 U 11
13 1 U 12
14 1 U 13
15 0 U -1
16 0 U 15
17 1 U 16
18 1 U 17
19 0 U 18
20 0 U -1
21 1 U 20
22 0 U 21
23 0 U 22
24 0 U 23
25 1 U -1
26 0 U 25
27 1 U 26
28 1 U 27
29 0 U 28
30 0 U -1
31 0 U 30
32 0 U 31
# score :104 982494
# W : 381069 , H : 574940
33
0 1 U -1
1 0 U 0
2 0 U 1
3 0 U 2
4 1 U 3
5 0 U -1
6 0 U 5
7 1 U 6
8 1 U 7
9 1 U 8
10 0 U -1
11 0 U 10
12 0 U 11
13 0 U 12
14 1 U 13
15 0 U -1
16 1 U 15
17 1 U 16
18 0 U 17
19 0 U 18
20 0 U -1
21 1 U 20
22 1 U 21
23 0 U 22
24 0 U 23
25 0 U -1
26 1 U 25
27 1 U 26
28 0 U 27
29 1 U 28
30 1 U -1
31 1 U 30
32 1 U 31
# score :105 1008499
# W : 325421 , H : 597208
33
0 1 U -1
1 1 U 0
2 0 U 1
3 0 U 2
4 0 U 3
5 0 U -1
6 0 U 5
7 0 U 6
8 1 U 7
9 1 U 8
10 1 U -1
11 0 U 10
12 0 U 11
13 1 U 12
14 1 U 13
15 1 U -1
16 1 U 15
17 0 U 16
18 1 U 17
19 1 U 18
20 1 U -1
21 1 U 20
22 1 U 21
23 1 U 22
24 1 U 23
25 1 L 20
26 0 L 21
27 0 L 22
28 1 L 23
29 1 L 24
30 1 U -1
31 1 U 30
32 1 U 31
# score :106 1042957
# W : 576050 , H : 506758
33
0 0 U -1
1 0 U 0
2 1 U 1
3 0 U 2
4 0 U 3
5 1 U -1
6 0 U 5
7 1 U 6
8 1 U 7
9 0 U 8
10 0 U -1
11 0 U 10
12 1 U 11
13 0 U 12
14 1 U 13
15 1 U -1
16 0 U 15
17 1 U 16
18 0 U 17
19 0 U 18
20 1 U -1
21 1 U 20
22 1 U 21
23 1 U 22
24 1 U 23
25 0 L 20
26 0 L 21
27 0 L 22
28 0 L 23
29 1 L 24
30 1 U -1
31 1 U 30
32 1 U 31
# score :107 1159051
# W : 502341 , H : 577056
33
0 0 U -1
1 1 U 0
2 1 U 1
3 0 U 2
4 1 U 3
5 1 U -1
6 0 U 5
7 0 U 6
8 0 U 7
9 0 U 8
10 1 U -1
11 1 U 10
12 1 U 11
13 1 U 12
14 0 U 13
15 0 U -1
16 1 U 15
17 0 U 16
18 1 U 17
19 0 U 18
20 1 U -1
21 1 U 20
22 1 U 21
23 1 U 22
24 1 U 23
25 0 L 15
26 0 L 16
27 0 L 17
28 0 L 18
29 0 L 19
30 0 U -1
31 1 U 30
32 0 U 31
# score :108 1099307
# W : 427999 , H : 515741
33
0 1 U -1
1 1 U 0
2 0 U 1
3 0 U 2
4 1 U 3
5 0 U -1
6 0 U 5
7 0 U 6
8 1 U 7
9 1 U 8
10 1 U -1
11 1 U 10
12 0 U 11
13 1 U 12
14 0 U 13
15 0 U -1
16 0 U 15
17 1 U 16
18 0 U 17
19 0 U 18
20 1 U -1
21 0 U 20
22 1 U 21
23 0 U 22
24 1 U 23
25 0 L 15
26 0 L 16
27 0 L 17
28 0 L 18
29 1 L 19
30 0 U -1
31 1 U 30
32 1 U 31
# score :109 1188725
# W : 592499 , H : 471731
33
0 0 U -1
1 0 U 0
2 1 U 1
3 0 U 2
4 1 U 3
5 0 U -1
6 0 U 5
7 0 U 6
8 1 U 7
9 0 U 8
10 0 U -1
11 1 U 10
12 0 U 11
13 1 U 12
14 0 U 13
15 1 U -1
16 1 U 15
17 1 U 16
18 0 U 17
19 0 U 18
20 1 U -1
21 1 U 20
22 1 U 21
23 1 U 22
24 1 U 23
25 1 L 15
26 0 L 16
27 1 L 17
28 1 L 18
29 1 L 19
30 0 U -1
31 0 U 30
32 0 U 31
# score :110 1130265
# W : 583094 , H : 448672
33
0 0 U -1
1 0 U 0
2 1 U 1
3 1 U 2
4 1 U 3
5 1 U -1
6 1 U 5
7 0 U 6
8 1 U 7
9 1 U 8
10 1 U -1
11 1 U 10
12 1 U 11
13 1 U 12
14 1 U 13
15 0 U -1
16 0 U 15
17 0 U 16
18 0 U 17
19 0 U 18
20 0 U -1
21 1 U 20
22 0 U 21
23 1 U 22
24 0 U 23
25 0 L 15
26 1 L 16
27 0 L 17
28 0 L 18
29 1 L 19
30 0 U -1
31 1 U 30
32 0 U 31
# score :111 1169542
# W : 505573 , H : 497514
33
0 1 U -1
1 0 U 0
2 1 U 1
3 1 U 2
4 0 U 3
5 0 U -1
6 1 U 5
7 1 U 6
8 0 U 7
9 1 U 8
10 0 U -1
11 0 U 10
12 0 U 11
13 0 U 12
14 1 U 13
15 1 U -1
16 0 U 15
17 1 U 16
18 0 U 17
19 1 U 18
20 1 U -1
21 1 U 20
22 1 U 21
23 0 U 22
24 0 U 23
25 1 U -1
26 0 U 25
27 0 U 26
28 1 U 27
29 0 U 28
30 0 U -1
31 1 U 30
32 1 U 31
# score :112 981136
# W : 340484 , H : 596109
33
0 0 U -1
1 0 U 0
2 0 U 1
3 0 U 2
4 0 U 3
5 1 U -1
6 0 U 5
7 0 U 6
8 0 U 7
9 1 U 8
10 0 U -1
11 0 U 10
12 1 U 11
13 1 U 12
14 0 U 13
15 1 U -1
16 1 U 15
17 0 U 16
18 0 U 17
19 1 U 18
20 0 U -1
21 1 U 20
22 1 U 21
23 0 U 22
24 1 U 23
25 1 U -1
26 0 U 25
27 1 U 26
28 0 U 27
29 1 U 28
30 1 U -1
31 1 U 30
32 1 U 31
# score :113 1000386
# W : 334623 , H : 529219
33
0 1 U -1
1 1 U 0
2 1 U 1
3 1 U 2
4 1 U 3
5 1 U -1
6 0 U 5
7 0 U 6
8 0 U 7
9 1 U 8
10 1 U -1
11 0 U 10
12 0 U 11
13 0 U 12
14 1 U 13
15 0 U -1
16 0 U 15
17 0 U 16
18 0 U 17
19 0 U 18
20 0 U -1
21 1 U 20
22 0 U 21
23 0 U 22
24 0 U 23
25 0 L 20
26 0 L 21
27 0 L 22
28 1 L 23
29 0 L 24
30 0 U -1
31 1 U 30
32 1 U 31
# score :114 1107718
# W : 469372 , H : 544391
33
0 1 U -1
1 1 U 0
2 1 U 1
3 0 U 2
4 0 U 3
5 1 U -1
6 0 U 5
7 0 U 6
8 1 U 7
9 1 U 8
10 1 U -1
11 1 U 10
12 1 U 11
13 1 U 12
14 0 U 13
15 0 U -1
16 1 U 15
17 1 U 16
18 0 U 17
19 1 U 18
20 0 U -1
21 1 U 20
22 1 U 21
23 1 U 22
24 1 U 23
25 0 L 20
26 1 L 21
27 0 L 22
28 0 L 23
29 1 L 24
30 1 U -1
31 1 U 30
32 0 U 31
# score :115 1127409
# W : 561679 , H : 440933
33
0 1 U -1
1 0 U 0
2 1 U 1
3 1 U 2
4 1 U 3
5 1 U -1
6 0 U 5
7 0 U 6
8 1 U 7
9 0 U 8
10 0 U -1
11 0 U 10
12 1 U 11
13 1 U 12
14 1 U 13
15 0 U -1
16 0 U 15
17 0 U 16
18 0 U 17
19 1 U 18
20 1 U -1
21 1 U 20
22 1 U 21
23 0 U 22
24 1 U 23
25 1 L 15
26 0 L 16
27 1 L 17
28 0 L 18
29 1 L 19
30 1 U -1
31 1 U 30
32 0 U 31
# score :116 1135159
# W : 599284 , H : 517391
33
0 0 U -1
1 0 U 0
2 1 U 1
3 1 U 2
4 0 U 3
5 0 U -1
6 1 U 5
7 1 U 6
8 1 U 7
9 1 U 8
10 0 U -1
11 0 U 10
12 1 U 11
13 0 U 12
14 0 U 13
15 1 U -1
16 0 U 15
17 0 U 16
18 1 U 17
19 1 U 18
20 1 U -1
21 0 U 20
22 1 U 21
23 0 U 22
24 1 U 23
25 0 L 15
26 0 L 16
27 0 L 17
28 1 L 18
29 1 L 19
30 1 U -1
31 0 U 30
32 1 U 31
# score :117 1195323
# W : 574584 , H : 546107
33
0 1 U -1
1 0 U 0
2 0 U 1
3 1 U 2
4 0 U 3
5 1 U -1
6 1 U 5
7 1 U 6
8 1 U 7
9 1 U 8
10 1 U -1
11 0 U 10
12 0 U 11
13 1 U 12
14 0 U 13
15 0 U -1
16 0 U 15
17 0 U 16
18 0 U 17
19 0 U 18
20 0 U -1
21 0 U 20
22 0 U 21
23 0 U 22
24 1 U 23
25 1 L 15
26 0 L 16
27 0 L 17
28 1 L 18
29 1 L 19
30 0 U -1
31 1 U 30
32 1 U 31
# score :118 1036685
# W : 652692 , H : 529371
33
0 1 U -1
1 0 U 0
2 0 U 1
3 0 U 2
4 1 U 3
5 0 U -1
6 0 U 5
7 0 U 6
8 1 U 7
9 1 U 8
10 1 U -1
11 0 U 10
12 0 U 11
13 0 U 12
14 0 U 13
15 1 U -1
16 0 U 15
17 0 U 16
18 1 U 17
19 0 U 18
20 1 U -1
21 0 U 20
22 1 U 21
23 0 U 22
24 0 U 23
25 1 L 15
26 1 L 16
27 0 L 17
28 0 L 18
29 0 L 19
30 1 U -1
31 0 U 30
32 1 U 31
# score :119 1164463
# W : 606245 , H : 505902
33
0 0 U -1
1 1 U 0
2 1 U 1
3 0 U 2
4 0 U 3
5 1 U -1
6 0 U 5
7 0 U 6
8 1 U 7
9 1 U 8
10 1 U -1
11 1 U 10
12 1 U 11
13 0 U 12
14 1 U 13
15 0 U -1
16 0 U 15
17 1 U 16
18 1 U 17
19 0 U 18
20 0 U -1
21 0 U 20
22 0 U 21
23 0 U 22
24 1 U 23
25 0 U -1
26 1 U 25
27 1 U 26
28 1 U 27
29 0 U 28
30 1 U -1
31 0 U 30
32 1 U 31
# score :120 1016068
# W : 383053 , H : 635004
33
0 0 U -1
1 0 U 0
2 0 U 1
3 0 U 2
4 0 U 3
5 1 U -1
6 0 U 5
7 1 U 6
8 0 U 7
9 1 U 8
10 0 U -1
11 0 U 10
12 0 U 11
13 1 U 12
14 1 U 13
15 1 U -1
16 1 U 15
17 1 U 16
18 0 U 17
19 1 U 18
20 0 U -1
21 1 U 20
22 1 U 21
23 0 U 22
24 1 U 23
25 0 U -1
26 0 U 25
27 1 U 26
28 0 U 27
29 1 U 28
30 1 U -1
31 0 U 30
32 0 U 31
# score :121 968515
# W : 348912 , H : 569554
33
0 1 U -1
1 1 U 0
2 0 U 1
3 0 U 2
4 0 U 3
5 0 U -1
6 0 U 5
7 1 U 6
8 0 U 7
9 1 U 8
10 0 U -1
11 1 U 10
12 1 U 11
13 1 U 12
14 1 U 13
15 1 U -1
16 1 U 15
17 1 U 16
18 1 U 17
19 1 U 18
20 0 U -1
21 1 U 20
22 0 U 21
23 0 U 22
24 0 U 23
25 1 L 20
26 1 L 21
27 0 L 22
28 0 L 23
29 0 L 24
30 0 U -1
31 1 U 30
32 0 U 31
# score :122 1051111
# W : 509175 , H : 496071
33
0 0 U -1
1 0 U 0
2 1 U 1
3 1 U 2
4 1 U 3
5 1 U -1
6 1 U 5
7 0 U 6
8 0 U 7
9 1 U 8
10 1 U -1
11 1 U 10
12 0 U 11
13 0 U 12
14 1 U 13
15 1 U -1
16 1 U 15
17 0 U 16
18 0 U 17
19 1 U 18
20 1 U -1
21 1 U 20
22 0 U 21
23 0 U 22
24 1 U 23
25 1 L 20
26 1 L 21
27 1 L 22
28 1 L 23
29 1 L 24
30 0 U -1
31 0 U 30
32 1 U 31
# score :123 1078264
# W : 496017 , H : 511383
33
0 1 U -1
1 1 U 0
2 0 U 1
3 0 U 2
4 1 U 3
5 0 U -1
6 1 U 5
7 0 U 6
8 1 U 7
9 1 U 8
10 0 U -1
11 1 U 10
12 0 U 11
13 1 U 12
14 1 U 13
15 1 U -1
16 1 U 15
17 1 U 16
18 0 U 17
19 0 U 18
20 0 U -1
21 0 U 20
22 1 U 21
23 0 U 22
24 1 U 23
25 0 L 15
26 0 L 16
27 0 L 17
28 0 L 18
29 1 L 19
30 0 U -1
31 0 U 30
32 0 U 31
# score :124 1199387
# W : 515246 , H : 513252
33
0 0 U -1
1 0 U 0
2 1 U 1
3 1 U 2
4 0 U 3
5 1 U -1
6 1 U 5
7 1 U 6
8 0 U 7
9 0 U 8
10 1 U -1
11 0 U 10
12 0 U 11
13 1 U 12
14 0 U 13
15 1 U -1
16 1 U 15
17 0 U 16
18 0 U 17
19 1 U 18
20 0 U -1
21 1 U 20
22 0 U 21
23 1 U 22
24 1 U 23
25 1 L 15
26 1 L 16
27 0 L 17
28 1 L 18
29 1 L 19
30 0 U -1
31 1 U 30
32 1 U 31
# score :125 1208693
# W : 598302 , H : 548423
33
0 1 U -1
1 0 U 0
2 0 U 1
3 0 U 2
4 0 U 3
5 0 U -1
6 1 U 5
7 1 U 6
8 0 U 7
9 0 U 8
10 1 U -1
11 1 U 10
12 0 U 11
13 0 U 12
14 1 U 13
15 1 U -1
16 0 U 15
17 0 U 16
18 1 U 17
19 1 U 18
20 0 U -1
21 1 U 20
22 0 U 21
23 0 U 22
24 0 U 23
25 0 L 15
26 0 L 16
27 0 L 17
28 1 L 18
29 1 L 19
30 0 U -1
31 0 U 30
32 0 U 31
# score :126 1141607
# W : 595116 , H : 424223
33
0 1 U -1
1 1 U 0
2 0 U 1
3 0 U 2
4 1 U 3
5 0 U -1
6 1 U 5
7 1 U 6
8 0 U 7
9 0 U 8
10 1 U -1
11 1 U 10
12 1 U 11
13 1 U 12
14 0 U 13
15 0 U -1
16 1 U 15
17 1 U 16
18 0 U 17
19 1 U 18
20 0 U -1
21 1 U 20
22 0 U 21
23 0 U 22
24 0 U 23
25 1 L 15
26 0 L 16
27 0 L 17
28 1 L 18
29 1 L 19
30 0 U -1
31 1 U 30
32 1 U 31
# score :127 1163652
# W : 524906 , H : 449151
33
0 1 U -1
1 1 U 0
2 1 U 1
3 0 U 2
4 0 U 3
5 1 U -1
6 1 U 5
7 1 U 6
8 1 U 7
9 1 U 8
10 1 U -1
11 1 U 10
12 0 U 11
13 1 U 12
14 0 U 13
15 0 U -1
16 1 U 15
17 0 U 16
18 1 U 17
19 0 U 18
20 1 U -1
21 0 U 20
22 0 U 21
23 0 U 22
24 0 U 23
25 1 U -1
26 0 U 25
27 0 U 26
28 0 U 27
29 0 U 28
30 0 U -1
31 1 U 30
32 0 U 31
# score :128 999485
# W : 406145 , H : 508423
33
0 0 U -1
1 1 U 0
2 1 U 1
3 1 U 2
4 0 U 3
5 0 U -1
6 0 U 5
7 0 U 6
8 0 U 7
9 0 U 8
10 1 U -1
11 1 U 10
12 0 U 11
13 0 U 12
14 1 U 13
15 1 U -1
16 0 U 15
17 0 U 16
18 1 U 17
19 1 U 18
20 1 U -1
21 1 U 20
22 1 U 21
23 0 U 22
24 1 U 23
25 0 U -1
26 0 U 25
27 1 U 26
28 0 U 27
29 1 U 28
30 1 U -1
31 1 U 30
32 1 U 31
# score :129 1025885
# W : 364487 , H : 553711
33
0 1 U -1
1 1 U 0
2 1 U 1
3 0 U 2
4 1 U 3
5 1 U -1
6 0 U 5
7 1 U 6
8 1 U 7
9 0 U 8
10 1 U -1
11 1 U 10
12 0 U 11
13 1 U 12
14 1 U 13
15 0 U -1
16 0 U 15
17 1 U 16
18 0 U 17
19 0 U 18
20 0 U -1
21 1 U 20
22 1 U 21
23 1 U 22
24 0 U 23
25 1 L 20
26 1 L 21
27 0 L 22
28 1 L 23
29 1 L 24
30 1 U -1
31 0 U 30
32 1 U 31
# score :130 1135744
# W : 585240 , H : 451434
33
0 1 U -1
1 0 U 0
2 0 U 1
3 0 U 2
4 0 U 3
5 1 U -1
6 0 U 5
7 0 U 6
8 0 U 7
9 0 U 8
10 0 U -1
11 0 U 10
12 0 U 11
13 0 U 12
14 1 U 13
15 1 U -1
16 0 U 15
17 1 U 16
18 1 U 17
19 1 U 18
20 0 U -1
21 1 U 20
22 0 U 21
23 0 U 22
24 0 U 23
25 1 L 20
26 0 L 21
27 0 L 22
28 0 L 23
29 1 L 24
30 0 U -1
31 1 U 30
32 0 U 31
# score :131 1204398
# W : 538544 , H : 563214
