72
0 0 U -1
1 0 U 0
2 0 U 1
3 0 U 2
4 0 U 3
5 0 U 4
6 0 U 5
7 0 U 6
8 0 U -1
9 0 U 8
10 0 U 9
11 0 U 10
12 0 U 11
13 0 U 12
14 0 U 13
15 0 U 14
16 0 U -1
17 0 U 16
18 0 U 17
19 0 U 18
20 0 U 19
21 0 U 20
22 0 U 21
23 0 U 22
24 0 U -1
25 0 U 24
26 0 U 25
27 0 U 26
28 0 U 27
29 0 U 28
30 0 U 29
31 0 U 30
32 0 U -1
33 0 U 32
34 0 U 33
35 0 U 34
36 0 U 35
37 0 U 36
38 0 U 37
39 0 U 38
40 0 U -1
41 0 U 40
42 0 U 41
43 0 U 42
44 0 U 43
45 0 U 44
46 0 U 45
47 0 U 46
48 0 U -1
49 0 U 48
50 0 U 49
51 0 U 50
52 0 U 51
53 0 U 52
54 0 U 53
55 0 U 54
56 0 U -1
57 0 U 56
58 0 U 57
59 0 U 58
60 0 U 59
61 0 U 60
62 0 U 61
63 0 U 62
64 0 U -1
65 0 U 64
66 0 U 65
67 0 U 66
68 0 U 67
69 0 U 68
70 0 U 69
71 0 U 70
# score :0 1498688
# W : 637495 , H : 774804
72
0 1 U -1
1 0 U 0
2 1 U 1
3 0 U 2
4 0 U 3
5 0 U 4
6 1 U 5
7 1 U 6
8 1 U -1
9 1 U 8
10 1 U 9
11 0 U 10
12 0 U 11
13 0 U 12
14 1 U 13
15 0 U 14
16 0 U -1
17 0 U 16
18 1 U 17
19 0 U 18
20 0 U 19
21 1 U 20
22 1 U 21
23 1 U 22
24 1 U -1
25 1 U 24
26 1 U 25
27 1 U 26
28 1 U 27
29 1 U 28
30 1 U 29
31 0 U 30
32 0 U -1
33 0 U 32
34 1 U 33
35 1 U 34
36 0 U 35
37 1 U 36
38 0 U 37
39 0 U 38
40 1 U -1
41 0 U 40
42 1 U 41
43 1 U 42
44 1 U 43
45 0 U 44
46 1 U 45
47 0 U 46
48 1 U -1
49 0 U 48
50 1 U 49
51 1 U 50
52 0 U 51
53 0 U 52
54 0 U 53
55 1 U 54
56 0 U -1
57 1 U 56
58 1 U 57
59 0 U 58
60 0 U 59
61 1 U 60
62 0 U 61
63 1 U 62
64 0 U -1
65 0 U 64
66 1 U 65
67 1 U 66
68 0 U 67
69 1 U 68
70 0 U 69
71 1 U 70
# score :1 1427654
# W : 716599 , H : 660821
72
0 0 U -1
1 0 U 0
2 0 U 1
3 0 U 2
4 0 U 3
5 0 U 4
6 0 U 5
7 0 U 6
8 0 U -1
9 0 U 8
10 0 U 9
11 0 U 10
12 0 U 11
13 0 U 12
14 0 U 13
15 0 U 14
16 0 U -1
17 0 U 16
18 0 U 17
19 0 U 18
20 0 U 19
21 0 U 20
22 0 U 21
23 0 U 22
24 0 U -1
25 0 U 24
26 0 U 25
27 0 U 26
28 0 U 27
29 0 U 28
30 0 U 29
31 0 U 30
32 0 U -1
33 0 U 32
34 0 U 33
35 0 U 34
36 0 U 35
37 0 U 36
38 0 U 37
39 0 U 38
40 0 U -1
41 0 U 40
42 0 U 41
43 0 U 42
44 0 U 43
45 0 U 44
46 0 U 45
47 0 U 46
48 0 U -1
49 0 U 48
50 0 U 49
51 0 U 50
52 0 U 51
53 0 U 52
54 0 U 53
55 0 U 54
56 0 U -1
57 0 U 56
58 0 U 57
59 0 U 58
60 0 U 59
61 0 U 60
62 0 U 61
63 0 U 62
64 0 L 56
65 0 L 57
66 0 L 58
67 0 L 59
68 0 L 60
69 0 L 61
70 0 L 62
71 0 L 63
# score :2 1544889
# W : 974678 , H : 783382
72
0 1 U -1
1 0 U 0
2 1 U 1
3 0 U 2
4 0 U 3
5 0 U 4
6 1 U 5
7 1 U 6
8 1 U -1
9 1 U 8
10 1 U 9
11 0 U 10
12 0 U 11
13 0 U 12
14 1 U 13
15 0 U 14
16 0 U -1
17 0 U 16
18 1 U 17
19 0 U 18
20 0 U 19
21 1 U 20
22 1 U 21
23 1 U 22
24 1 U -1
25 1 U 24
26 1 U 25
27 1 U 26
28 1 U 27
29 1 U 28
30 1 U 29
31 0 U 30
32 0 U -1
33 0 U 32
34 1 U 33
35 1 U 34
36 0 U 35
37 1 U 36
38 0 U 37
39 0 U 38
40 1 U -1
41 0 U 40
42 1 U 41
43 1 U 42
44 1 U 43
45 0 U 44
46 1 U 45
47 0 U 46
48 1 U -1
49 0 U 48
50 1 U 49
51 1 U 50
52 0 U 51
53 0 U 52
54 0 U 53
55 1 U 54
56 0 U -1
57 1 U 56
58 1 U 57
59 0 U 58
60 0 U 59
61 1 U 60
62 0 U 61
63 1 U 62
64 0 L 56
65 0 L 57
66 1 L 58
67 1 L 59
68 0 L 60
69 1 L 61
70 0 L 62
71 1 L 63
# score :3 1447918
# W : 922117 , H : 647593
72
0 0 U -1
1 0 U 0
2 0 U 1
3 0 U 2
4 0 U 3
5 0 U 4
6 0 U 5
7 0 U 6
8 0 U -1
9 0 U 8
10 0 U 9
11 0 U 10
12 0 U 11
13 0 U 12
14 0 U 13
15 0 U 14
16 0 U -1
17 0 U 16
18 0 U 17
19 0 U 18
20 0 U 19
21 0 U 20
22 0 U 21
23 0 U 22
24 0 U -1
25 0 U 24
26 0 U 25
27 0 U 26
28 0 U 27
29 0 U 28
30 0 U 29
31 0 U 30
32 0 U -1
33 0 U 32
34 0 U 33
35 0 U 34
36 0 U 35
37 0 U 36
38 0 U 37
39 0 U 38
40 0 U -1
41 0 U 40
42 0 U 41
43 0 U 42
44 0 U 43
45 0 U 44
46 0 U 45
47 0 U 46
48 0 U -1
49 0 U 48
50 0 U 49
51 0 U 50
52 0 U 51
53 0 U 52
54 0 U 53
55 0 U 54
56 0 U -1
57 0 U 56
58 0 U 57
59 0 U 58
60 0 U 59
61 0 U 60
62 0 U 61
63 0 U 62
64 0 L 48
65 0 L 49
66 0 L 50
67 0 L 51
68 0 L 52
69 0 L 53
70 0 L 54
71 0 L 55
# score :4 1695596
# W : 1010730 , H : 692431
72
0 1 U -1
1 0 U 0
2 1 U 1
3 0 U 2
4 0 U 3
5 0 U 4
6 1 U 5
7 1 U 6
8 1 U -1
9 1 U 8
10 1 U 9
11 0 U 10
12 0 U 11
13 0 U 12
14 1 U 13
15 0 U 14
16 0 U -1
17 0 U 16
18 1 U 17
19 0 U 18
20 0 U 19
21 1 U 20
22 1 U 21
23 1 U 22
24 1 U -1
25 1 U 24
26 1 U 25
27 1 U 26
28 1 U 27
29 1 U 28
30 1 U 29
31 0 U 30
32 0 U -1
33 0 U 32
34 1 U 33
35 1 U 34
36 0 U 35
37 1 U 36
38 0 U 37
39 0 U 38
40 1 U -1
41 0 U 40
42 1 U 41
43 1 U 42
44 1 U 43
45 0 U 44
46 1 U 45
47 0 U 46
48 1 U -1
49 0 U 48
50 1 U 49
51 1 U 50
52 0 U 51
53 0 U 52
54 0 U 53
55 1 U 54
56 0 U -1
57 1 U 56
58 1 U 57
59 0 U 58
60 0 U 59
61 1 U 60
62 0 U 61
63 1 U 62
64 0 L 48
65 0 L 49
66 1 L 50
67 1 L 51
68 0 L 52
69 1 L 53
70 0 L 54
71 1 L 55
# score :5 1588488
# W : 1109102 , H : 588786
72
0 0 U -1
1 0 U 0
2 0 U 1
3 0 U 2
4 0 U 3
5 0 U 4
6 0 U 5
7 0 U 6
8 0 U -1
9 0 U 8
10 0 U 9
11 0 U 10
12 0 U 11
13 0 U 12
14 0 U 13
15 0 U 14
16 0 U -1
17 0 U 16
18 0 U 17
19 0 U 18
20 0 U 19
21 0 U 20
22 0 U 21
23 0 U 22
24 0 U -1
25 0 U 24
26 0 U 25
27 0 U 26
28 0 U 27
29 0 U 28
30 0 U 29
31 0 U 30
32 0 U -1
33 0 U 32
34 0 U 33
35 0 U 34
36 0 U 35
37 0 U 36
38 0 U 37
39 0 U 38
40 0 U -1
41 0 U 40
42 0 U 41
43 0 U 42
44 0 U 43
45 0 U 44
46 0 U 45
47 0 U 46
48 0 U -1
49 0 U 48
50 0 U 49
51 0 U 50
52 0 U 51
53 0 U 52
54 0 U 53
55 0 U 54
56 0 U -1
57 0 U 56
58 0 U 57
59 0 U 58
60 0 U 59
61 0 U 60
62 0 U 61
63 0 U 62
64 0 L 48
65 0 L 49
66 0 L 50
67 0 L 51
68 0 L 52
69 0 L 53
70 0 L 54
71 0 L 55
# score :6 1695596
# W : 1008911 , H : 681229
72
0 1 U -1
1 0 U 0
2 1 U 1
3 0 U 2
4 0 U 3
5 0 U 4
6 1 U 5
7 1 U 6
8 1 U -1
9 1 U 8
10 1 U 9
11 0 U 10
12 0 U 11
13 0 U 12
14 1 U 13
15 0 U 14
16 0 U -1
17 0 U 16
18 1 U 17
19 0 U 18
20 0 U 19
21 1 U 20
22 1 U 21
23 1 U 22
24 1 U -1
25 1 U 24
26 1 U 25
27 1 U 26
28 1 U 27
29 1 U 28
30 1 U 29
31 0 U 30
32 0 U -1
33 0 U 32
34 1 U 33
35 1 U 34
36 0 U 35
37 1 U 36
38 0 U 37
39 0 U 38
40 1 U -1
41 0 U 40
42 1 U 41
43 1 U 42
44 1 U 43
45 0 U 44
46 1 U 45
47 0 U 46
48 1 U -1
49 0 U 48
50 1 U 49
51 1 U 50
52 0 U 51
53 0 U 52
54 0 U 53
55 1 U 54
56 0 U -1
57 1 U 56
58 1 U 57
59 0 U 58
60 0 U 59
61 1 U 60
62 0 U 61
63 1 U 62
64 0 L 48
65 0 L 49
66 1 L 50
67 1 L 51
68 0 L 52
69 1 L 53
70 0 L 54
71 1 L 55
# score :7 1588488
# W : 1099336 , H : 589335
72
0 1 U -1
1 0 U 0
2 1 U 1
3 0 U 2
4 1 U 3
5 1 U 4
6 0 U 5
7 0 U 6
8 0 U -1
9 1 U 8
10 1 U 9
11 0 U 10
12 1 U 11
13 0 U 12
14 1 U 13
15 0 U 14
16 0 U -1
17 1 U 16
18 1 U 17
19 0 U 18
20 1 U 19
21 1 U 20
22 0 U 21
23 0 U 22
24 1 U -1
25 1 U 24
26 1 U 25
27 1 U 26
28 0 U 27
29 0 U 28
30 1 U 29
31 0 U 30
32 1 U -1
33 0 U 32
34 0 U 33
35 0 U 34
36 1 U 35
37 0 U 36
38 0 U 37
39 0 U 38
40 1 U -1
41 1 U 40
42 1 U 41
43 1 U 42
44 0 U 43
45 0 U 44
46 0 U 45
47 0 U 46
48 0 U -1
49 1 U 48
50 0 U 49
51 0 U 50
52 1 U 51
53 0 U 52
54 1 U 53
55 1 U 54
56 1 U -1
57 1 U 56
58 1 U 57
59 0 U 58
60 0 U 59
61 1 U 60
62 1 U 61
63 1 U 62
64 1 U -1
65 0 U 64
66 1 U 65
67 1 U 66
68 1 U 67
69 0 U 68
70 0 U 69
71 0 U 70
# score :8 1437305
# W : 604221 , H : 711579
72
0 1 U -1
1 0 U 0
2 0 U 1
3 1 U 2
4 1 U 3
5 0 U 4
6 1 U 5
7 1 U 6
8 0 U -1
9 0 U 8
10 0 U 9
11 0 U 10
12 0 U 11
13 1 U 12
14 1 U 13
15 0 U 14
16 1 U -1
17 0 U 16
18 1 U 17
19 1 U 18
20 0 U 19
21 0 U 20
22 1 U 21
23 1 U 22
24 1 U -1
25 1 U 24
26 1 U 25
27 0 U 26
28 1 U 27
29 0 U 28
30 0 U 29
31 0 U 30
32 1 U -1
33 1 U 32
34 0 U 33
35 0 U 34
36 1 U 35
37 0 U 36
38 0 U 37
39 0 U 38
40 1 U -1
41 0 U 40
42 0 U 41
43 0 U 42
44 0 U 43
45 0 U 44
46 1 U 45
47 0 U 46
48 0 U -1
49 0 U 48
50 0 U 49
51 1 U 50
52 0 U 51
53 1 U 52
54 1 U 53
55 0 U 54
56 1 U -1
57 1 U 56
58 1 U 57
59 0 U 58
60 0 U 59
61 1 U 60
62 0 U 61
63 1 U 62
64 1 U -1
65 0 U 64
66 0 U 65
67 0 U 66
68 1 U 67
69 0 U 68
70 0 U 69
71 0 U 70
# score :9 1472921
# W : 593642 , H : 780545
72
0 0 U -1
1 1 U 0
2 1 U 1
3 1 U 2
4 0 U 3
5 1 U 4
6 0 U 5
7 0 U 6
8 0 U -1
9 0 U 8
10 0 U 9
11 0 U 10
12 1 U 11
13 1 U 12
14 1 U 13
15 1 U 14
16 1 U -1
17 1 U 16
18 0 U 17
19 1 U 18
20 1 U 19
21 0 U 20
22 0 U 21
23 1 U 22
24 0 U -1
25 1 U 24
26 0 U 25
27 0 U 26
28 1 U 27
29 0 U 28
30 0 U 29
31 0 U 30
32 0 U -1
33 1 U 32
34 1 U 33
35 1 U 34
36 1 U 35
37 0 U 36
38 1 U 37
39 0 U 38
40 1 U -1
41 0 U 40
42 0 U 41
43 1 U 42
44 0 U 43
45 0 U 44
46 0 U 45
47 1 U 46
48 1 U -1
49 0 U 48
50 0 U 49
51 1 U 50
52 1 U 51
53 0 U 52
54 1 U 53
55 1 U 54
56 0 U -1
57 0 U 56
58 1 U 57
59 1 U 58
60 0 U 59
61 1 U 60
62 1 U 61
63 1 U 62
64 0 L 56
65 0 L 57
66 0 L 58
67 1 L 59
68 1 L 60
69 0 L 61
70 0 L 62
71 1 L 63
# score :10 1529278
# W : 932591 , H : 706988
72
0 0 U -1
1 0 U 0
2 1 U 1
3 0 U 2
4 1 U 3
5 1 U 4
6 0 U 5
7 0 U 6
8 1 U -1
9 0 U 8
10 0 U 9
11 1 U 10
12 0 U 11
13 1 U 12
14 1 U 13
15 0 U 14
16 1 U -1
17 1 U 16
18 1 U 17
19 0 U 18
20 1 U 19
21 0 U 20
22 1 U 21
23 1 U 22
24 0 U -1
25 0 U 24
26 0 U 25
27 1 U 26
28 1 U 27
29 0 U 28
30 0 U 29
31 0 U 30
32 1 U -1
33 0 U 32
34 1 U 33
35 1 U 34
36 1 U 35
37 0 U 36
38 1 U 37
39 1 U 38
40 1 U -1
41 1 U 40
42 0 U 41
43 1 U 42
44 1 U 43
45 0 U 44
46 0 U 45
47 1 U 46
48 0 U -1
49 0 U 48
50 1 U 49
51 1 U 50
52 0 U 51
53 0 U 52
54 1 U 53
55 0 U 54
56 1 U -1
57 0 U 56
58 0 U 57
59 1 U 58
60 1 U 59
61 0 U 60
62 1 U 61
63 0 U 62
64 0 L 56
65 0 L 57
66 0 L 58
67 0 L 59
68 1 L 60
69 0 L 61
70 0 L 62
71 0 L 63
# score :11 1496893
# W : 920062 , H : 711915
72
0 0 U -1
1 1 U 0
2 0 U 1
3 0 U 2
4 1 U 3
5 1 U 4
6 0 U 5
7 1 U 6
8 0 U -1
9 0 U 8
10 1 U 9
11 1 U 10
12 0 U 11
13 0 U 12
14 0 U 13
15 1 U 14
16 1 U -1
17 1 U 16
18 0 U 17
19 0 U 18
20 1 U 19
21 0 U 20
22 1 U 21
23 0 U 22
24 1 U -1
25 0 U 24
26 0 U 25
27 0 U 26
28 0 U 27
29 1 U 28
30 0 U 29
31 1 U 30
32 1 U -1
33 0 U 32
34 0 U 33
35 1 U 34
36 0 U 35
37 0 U 36
38 1 U 37
39 1 U 38
40 0 U -1
41 0 U 40
42 0 U 41
43 1 U 42
44 0 U 43
45 1 U 44
46 0 U 45
47 1 U 46
48 0 U -1
49 1 U 48
50 0 U 49
51 0 U 50
52 1 U 51
53 0 U 52
54 0 U 53
55 1 U 54
56 1 U -1
57 0 U 56
58 1 U 57
59 0 U 58
60 1 U 59
61 1 U 60
62 1 U 61
63 0 U 62
64 1 L 48
65 1 L 49
66 0 L 50
67 1 L 51
68 1 L 52
69 1 L 53
70 1 L 54
71 0 L 55
# score :12 1651092
# W : 927135 , H : 684163
72
0 0 U -1
1 1 U 0
2 1 U 1
3 1 U 2
4 1 U 3
5 1 U 4
6 0 U 5
7 1 U 6
8 0 U -1
9 1 U 8
10 0 U 9
11 1 U 10
12 1 U 11
13 1 U 12
14 0 U 13
15 0 U 14
16 1 U -1
17 1 U 16
18 1 U 17
19 0 U 18
20 1 U 19
21 0 U 20
22 0 U 21
23 0 U 22
24 1 U -1
25 1 U 24
26 1 U 25
27 1 U 26
28 1 U 27
29 1 U 28
30 1 U 29
31 0 U 30
32 1 U -1
33 0 U 32
34 1 U 33
35 1 U 34
36 1 U 35
37 0 U 36
38 1 U 37
39 0 U 38
40 1 U -1
41 1 U 40
42 1 U 41
43 0 U 42
44 0 U 43
45 1 U 44
46 1 U 45
47 0 U 46
48 1 U -1
49 1 U 48
50 1 U 49
51 0 U 50
52 0 U 51
53 0 U 52
54 0 U 53
55 1 U 54
56 0 U -1
57 0 U 56
58 1 U 57
59 0 U 58
60 1 U 59
61 1 U 60
62 0 U 61
63 1 U 62
64 1 L 48
65 1 L 49
66 0 L 50
67 1 L 51
68 1 L 52
69 0 L 53
70 1 L 54
71 1 L 55
# score :13 1710438
# W : 1024039 , H : 670230
72
0 0 U -1
1 1 U 0
2 0 U 1
3 0 U 2
4 0 U 3
5 1 U 4
6 1 U 5
7 1 U 6
8 0 U -1
9 1 U 8
10 0 U 9
11 1 U 10
12 0 U 11
13 0 U 12
14 0 U 13
15 1 U 14
16 1 U -1
17 0 U 16
18 0 U 17
19 0 U 18
20 1 U 19
21 1 U 20
22 0 U 21
23 1 U 22
24 1 U -1
25 0 U 24
26 0 U 25
27 0 U 26
28 1 U 27
29 0 U 28
30 1 U 29
31 1 U 30
32 0 U -1
33 1 U 32
34 1 U 33
35 0 U 34
36 0 U 35
37 0 U 36
38 1 U 37
39 1 U 38
40 0 U -1
41 0 U 40
42 1 U 41
43 0 U 42
44 0 U 43
45 1 U 44
46 0 U 45
47 0 U 46
48 0 U -1
49 1 U 48
50 0 U 49
51 1 U 50
52 0 U 51
53 0 U 52
54 1 U 53
55 1 U 54
56 1 U -1
57 1 U 56
58 1 U 57
59 1 U 58
60 1 U 59
61 0 U 60
62 1 U 61
63 0 U 62
64 1 L 48
65 1 L 49
66 1 L 50
67 1 L 51
68 1 L 52
69 1 L 53
70 0 L 54
71 0 L 55
# score :14 1620956
# W : 830383 , H : 652455
72
0 0 U -1
1 0 U 0
2 1 U 1
3 1 U 2
4 0 U 3
5 1 U 4
6 1 U 5
7 1 U 6
8 0 U -1
9 1 U 8
10 0 U 9
11 1 U 10
12 1 U 11
13 1 U 12
14 0 U 13
15 0 U 14
16 1 U -1
17 0 U 16
18 1 U 17
19 1 U 18
20 1 U 19
21 0 U 20
22 0 U 21
23 0 U 22
24 1 U -1
25 1 U 24
26 1 U 25
27 0 U 26
28 0 U 27
29 0 U 28
30 0 U 29
31 0 U 30
32 1 U -1
33 0 U 32
34 0 U 33
35 1 U 34
36 1 U 35
37 0 U 36
38 0 U 37
39 1 U 38
40 1 U -1
41 0 U 40
42 1 U 41
43 0 U 42
44 0 U 43
45 1 U 44
46 1 U 45
47 0 U 46
48 0 U -1
49 1 U 48
50 1 U 49
51 1 U 50
52 0 U 51
53 0 U 52
54 0 U 53
55 0 U 54
56 1 U -1
57 0 U 56
58 1 U 57
59 0 U 58
60 1 U 59
61 1 U 60
62 0 U 61
63 0 U 62
64 0 L 48
65 0 L 49
66 1 L 50
67 1 L 51
68 0 L 52
69 1 L 53
70 1 L 54
71 0 L 55
# score :15 1671179
# W : 919157 , H : 672440
72
0 0 U -1
1 0 U 0
2 0 U 1
3 1 U 2
4 0 U 3
5 1 U 4
6 1 U 5
7 1 U 6
8 1 U -1
9 1 U 8
10 0 U 9
11 1 U 10
12 0 U 11
13 1 U 12
14 0 U 13
15 0 U 14
16 0 U -1
17 1 U 16
18 1 U 17
19 0 U 18
20 0 U 19
21 1 U 20
22 0 U 21
23 1 U 22
24 1 U -1
25 0 U 24
26 1 U 25
27 0 U 26
28 1 U 27
29 0 U 28
30 0 U 29
31 1 U 30
32 0 U -1
33 0 U 32
34 1 U 33
35 1 U 34
36 1 U 35
37 0 U 36
38 0 U 37
39 0 U 38
40 0 U -1
41 1 U 40
42 0 U 41
43 1 U 42
44 1 U 43
45 1 U 44
46 0 U 45
47 1 U 46
48 0 U -1
49 1 U 48
50 0 U 49
51 1 U 50
52 0 U 51
53 1 U 52
54 1 U 53
55 1 U 54
56 0 U -1
57 1 U 56
58 1 U 57
59 1 U 58
60 1 U 59
61 0 U 60
62 0 U 61
63 0 U 62
64 1 U -1
65 1 U 64
66 0 U 65
67 1 U 66
68 0 U 67
69 0 U 68
70 0 U 69
71 0 U 70
# score :16 1505685
# W : 697306 , H : 702934
72
0 0 U -1
1 0 U 0
2 1 U 1
3 1 U 2
4 0 U 3
5 0 U 4
6 0 U 5
7 0 U 6
8 1 U -1
9 1 U 8
10 0 U 9
11 1 U 10
12 1 U 11
13 1 U 12
14 0 U 13
15 1 U 14
16 0 U -1
17 1 U 16
18 1 U 17
19 0 U 18
20 0 U 19
21 0 U 20
22 1 U 21
23 0 U 22
24 1 U -1
25 1 U 24
26 0 U 25
27 0 U 26
28 1 U 27
29 1 U 28
30 0 U 29
31 1 U 30
32 1 U -1
33 1 U 32
34 1 U 33
35 0 U 34
36 1 U 35
37 1 U 36
38 0 U 37
39 0 U 38
40 1 U -1
41 1 U 40
42 0 U 41
43 0 U 42
44 0 U 43
45 1 U 44
46 1 U 45
47 0 U 46
48 0 U -1
49 0 U 48
50 1 U 49
51 0 U 50
52 0 U 51
53 0 U 52
54 1 U 53
55 0 U 54
56 1 U -1
57 1 U 56
58 0 U 57
59 1 U 58
60 1 U 59
61 1 U 60
62 1 U 61
63 1 U 62
64 0 U -1
65 1 U 64
66 1 U 65
67 0 U 66
68 1 U 67
69 0 U 68
70 1 U 69
71 1 U 70
# score :17 1538570
# W : 649155 , H : 752372
72
0 1 U -1
1 0 U 0
2 1 U 1
3 1 U 2
4 0 U 3
5 1 U 4
6 0 U 5
7 1 U 6
8 1 U -1
9 0 U 8
10 1 U 9
11 0 U 10
12 0 U 11
13 1 U 12
14 1 U 13
15 0 U 14
16 0 U -1
17 0 U 16
18 1 U 17
19 1 U 18
20 0 U 19
21 0 U 20
22 0 U 21
23 0 U 22
24 0 U -1
25 1 U 24
26 0 U 25
27 1 U 26
28 0 U 27
29 1 U 28
30 0 U 29
31 1 U 30
32 0 U -1
33 1 U 32
34 0 U 33
35 1 U 34
36 1 U 35
37 1 U 36
38 1 U 37
39 0 U 38
40 1 U -1
41 1 U 40
42 0 U 41
43 1 U 42
44 1 U 43
45 0 U 44
46 0 U 45
47 0 U 46
48 0 U -1
49 0 U 48
50 1 U 49
51 0 U 50
52 0 U 51
53 1 U 52
54 1 U 53
55 1 U 54
56 1 U -1
57 0 U 56
58 0 U 57
59 1 U 58
60 0 U 59
61 1 U 60
62 0 U 61
63 1 U 62
64 0 L 56
65 1 L 57
66 0 L 58
67 1 L 59
68 0 L 60
69 0 L 61
70 1 L 62
71 0 L 63
# score :18 1504960
# W : 968750 , H : 720490
72
0 1 U -1
1 1 U 0
2 1 U 1
3 1 U 2
4 0 U 3
5 0 U 4
6 0 U 5
7 1 U 6
8 0 U -1
9 0 U 8
10 1 U 9
11 1 U 10
12 0 U 11
13 1 U 12
14 0 U 13
15 1 U 14
16 0 U -1
17 1 U 16
18 0 U 17
19 1 U 18
20 0 U 19
21 0 U 20
22 1 U 21
23 1 U 22
24 1 U -1
25 0 U 24
26 1 U 25
27 0 U 26
28 0 U 27
29 1 U 28
30 0 U 29
31 0 U 30
32 0 U -1
33 1 U 32
34 1 U 33
35 1 U 34
36 0 U 35
37 0 U 36
38 1 U 37
39 0 U 38
40 1 U -1
41 1 U 40
42 1 U 41
43 1 U 42
44 1 U 43
45 0 U 44
46 1 U 45
47 0 U 46
48 0 U -1
49 0 U 48
50 0 U 49
51 1 U 50
52 0 U 51
53 0 U 52
54 0 U 53
55 0 U 54
56 0 U -1
57 0 U 56
58 0 U 57
59 1 U 58
60 1 U 59
61 0 U 60
62 1 U 61
63 0 U 62
64 1 L 56
65 1 L 57
66 0 L 58
67 0 L 59
68 0 L 60
69 1 L 61
70 1 L 62
71 1 L 63
# score :19 1580351
# W : 799339 , H : 764636
72
0 0 U -1
1 0 U 0
2 1 U 1
3 1 U 2
4 0 U 3
5 0 U 4
6 1 U 5
7 1 U 6
8 0 U -1
9 1 U 8
10 0 U 9
11 1 U 10
12 0 U 11
13 0 U 12
14 0 U 13
15 1 U 14
16 1 U -1
17 0 U 16
18 1 U 17
19 1 U 18
20 1 U 19
21 0 U 20
22 0 U 21
23 1 U 22
24 0 U -1
25 1 U 24
26 1 U 25
27 1 U 26
28 1 U 27
29 0 U 28
30 0 U 29
31 0 U 30
32 0 U -1
33 0 U 32
34 1 U 33
35 0 U 34
36 0 U 35
37 1 U 36
38 0 U 37
39 0 U 38
40 0 U -1
41 1 U 40
42 1 U 41
43 0 U 42
44 1 U 43
45 1 U 44
46 0 U 45
47 0 U 46
48 0 U -1
49 0 U 48
50 1 U 49
51 0 U 50
52 0 U 51
53 1 U 52
54 0 U 53
55 1 U 54
56 1 U -1
57 0 U 56
58 0 U 57
59 1 U 58
60 1 U 59
61 0 U 60
62 1 U 61
63 0 U 62
64 0 L 48
65 1 L 49
66 0 L 50
67 0 L 51
68 0 L 52
69 0 L 53
70 1 L 54
71 1 L 55
# score :20 1624724
# W : 777401 , H : 638487
72
0 1 U -1
1 0 U 0
2 0 U 1
3 1 U 2
4 0 U 3
5 0 U 4
6 0 U 5
7 1 U 6
8 0 U -1
9 1 U 8
10 0 U 9
11 0 U 10
12 1 U 11
13 0 U 12
14 1 U 13
15 0 U 14
16 1 U -1
17 1 U 16
18 0 U 17
19 1 U 18
20 1 U 19
21 0 U 20
22 0 U 21
23 0 U 22
24 1 U -1
25 1 U 24
26 0 U 25
27 1 U 26
28 1 U 27
29 0 U 28
30 1 U 29
31 0 U 30
32 0 U -1
33 1 U 32
34 0 U 33
35 1 U 34
36 1 U 35
37 1 U 36
38 0 U 37
39 1 U 38
40 0 U -1
41 1 U 40
42 0 U 41
43 1 U 42
44 0 U 43
45 1 U 44
46 0 U 45
47 1 U 46
48 0 U -1
49 0 U 48
50 0 U 49
51 1 U 50
52 1 U 51
53 1 U 52
54 1 U 53
55 0 U 54
56 0 U -1
57 1 U 56
58 0 U 57
59 1 U 58
60 0 U 59
61 1 U 60
62 0 U 61
63 1 U 62
64 0 L 48
65 1 L 49
66 0 L 50
67 1 L 51
68 1 L 52
69 0 L 53
70 0 L 54
71 1 L 55
# score :21 1781322
# W : 1013709 , H : 668114
72
0 0 U -1
1 1 U 0
2 0 U 1
3 0 U 2
4 1 U 3
5 1 U 4
6 1 U 5
7 1 U 6
8 1 U -1
9 1 U 8
10 0 U 9
11 1 U 10
12 0 U 11
13 1 U 12
14 1 U 13
15 0 U 14
16 0 U -1
17 1 U 16
18 1 U 17
19 1 U 18
20 1 U 19
21 1 U 20
22 1 U 21
23 1 U 22
24 0 U -1
25 1 U 24
26 1 U 25
27 1 U 26
28 1 U 27
29 0 U 28
30 0 U 29
31 0 U 30
32 0 U -1
33 0 U 32
34 1 U 33
35 1 U 34
36 0 U 35
37 1 U 36
38 1 U 37
39 0 U 38
40 1 U -1
41 0 U 40
42 0 U 41
43 1 U 42
44 0 U 43
45 1 U 44
46 0 U 45
47 1 U 46
48 0 U -1
49 0 U 48
50 1 U 49
51 0 U 50
52 0 U 51
53 0 U 52
54 1 U 53
55 1 U 54
56 0 U -1
57 1 U 56
58 1 U 57
59 1 U 58
60 0 U 59
61 0 U 60
62 1 U 61
63 0 U 62
64 1 L 48
65 0 L 49
66 1 L 50
67 0 L 51
68 1 L 52
69 0 L 53
70 0 L 54
71 0 L 55
# score :22 1609191
# W : 989141 , H : 625441
72
0 1 U -1
1 1 U 0
2 1 U 1
3 1 U 2
4 1 U 3
5 0 U 4
6 1 U 5
7 0 U 6
8 1 U -1
9 0 U 8
10 0 U 9
11 1 U 10
12 1 U 11
13 1 U 12
14 0 U 13
15 0 U 14
16 1 U -1
17 0 U 16
18 1 U 17
19 1 U 18
20 0 U 19
21 1 U 20
22 0 U 21
23 0 U 22
24 0 U -1
25 1 U 24
26 0 U 25
27 0 U 26
28 1 U 27
29 1 U 28
30 1 U 29
31 0 U 30
32 0 U -1
33 1 U 32
34 1 U 33
35 0 U 34
36 0 U 35
37 1 U 36
38 0 U 37
39 1 U 38
40 0 U -1
41 1 U 40
42 0 U 41
43 0 U 42
44 1 U 43
45 0 U 44
46 1 U 45
47 1 U 46
48 1 U -1
49 1 U 48
50 0 U 49
51 1 U 50
52 1 U 51
53 0 U 52
54 0 U 53
55 0 U 54
56 1 U -1
57 1 U 56
58 0 U 57
59 1 U 58
60 0 U 59
61 0 U 60
62 0 U 61
63 0 U 62
64 0 L 48
65 1 L 49
66 0 L 50
67 0 L 51
68 0 L 52
69 0 L 53
70 1 L 54
71 0 L 55
# score :23 1605054
# W : 973701 , H : 648745
72
0 0 U -1
1 1 U 0
2 0 U 1
3 0 U 2
4 0 U 3
5 0 U 4
6 1 U 5
7 0 U 6
8 1 U -1
9 1 U 8
10 1 U 9
11 1 U 10
12 1 U 11
13 0 U 12
14 1 U 13
15 1 U 14
16 1 U -1
17 1 U 16
18 0 U 17
19 0 U 18
20 0 U 19
21 1 U 20
22 1 U 21
23 0 U 22
24 0 U -1
25 1 U 24
26 1 U 25
27 0 U 26
28 0 U 27
29 0 U 28
30 0 U 29
31 1 U 30
32 0 U -1
33 1 U 32
34 0 U 33
35 0 U 34
36 0 U 35
37 1 U 36
38 1 U 37
39 0 U 38
40 1 U -1
41 0 U 40
42 1 U 41
43 1 U 42
44 1 U 43
45 0 U 44
46 1 U 45
47 1 U 46
48 1 U -1
49 1 U 48
50 1 U 49
51 0 U 50
52 0 U 51
53 0 U 52
54 0 U 53
55 0 U 54
56 1 U -1
57 0 U 56
58 0 U 57
59 1 U 58
60 0 U 59
61 1 U 60
62 0 U 61
63 1 U 62
64 1 U -1
65 0 U 64
66 0 U 65
67 1 U 66
68 1 U 67
69 0 U 68
70 1 U 69
71 1 U 70
# score :24 1441629
# W : 629464 , H : 735132
72
0 0 U -1
1 0 U 0
2 1 U 1
3 0 U 2
4 0 U 3
5 0 U 4
6 0 U 5
7 0 U 6
8 0 U -1
9 1 U 8
10 0 U 9
11 0 U 10
12 1 U 11
13 1 U 12
14 0 U 13
15 1 U 14
16 0 U -1
17 1 U 16
18 1 U 17
19 1 U 18
20 1 U 19
21 0 U 20
22 1 U 21
23 0 U 22
24 1 U -1
25 1 U 24
26 0 U 25
27 0 U 26
28 1 U 27
29 1 U 28
30 0 U 29
31 1 U 30
32 1 U -1
33 0 U 32
34 0 U 33
35 0 U 34
36 0 U 35
37 0 U 36
38 0 U 37
39 0 U 38
40 1 U -1
41 0 U 40
42 0 U 41
43 1 U 42
44 1 U 43
45 0 U 44
46 1 U 45
47 1 U 46
48 0 U -1
49 1 U 48
50 1 U 49
51 0 U 50
52 1 U 51
53 1 U 52
54 0 U 53
55 0 U 54
56 1 U -1
57 1 U 56
58 0 U 57
59 0 U 58
60 0 U 59
61 1 U 60
62 1 U 61
63 1 U 62
64 1 U -1
65 0 U 64
66 1 U 65
67 1 U 66
68 0 U 67
69 0 U 68
70 1 U 69
71 1 U 70
# score :25 1491532
# W : 588418 , H : 730803
72
0 1 U -1
1 0 U 0
2 1 U 1
3 0 U 2
4 1 U 3
5 0 U 4
6 1 U 5
7 0 U 6
8 0 U -1
9 1 U 8
10 0 U 9
11 1 U 10
12 1 U 11
13 1 U 12
14 0 U 13
15 0 U 14
16 1 U -1
17 1 U 16
18 1 U 17
19 0 U 18
20 1 U 19
21 1 U 20
22 1 U 21
23 1 U 22
24 0 U -1
25 1 U 24
26 1 U 25
27 0 U 26
28 0 U 27
29 0 U 28
30 1 U 29
31 0 U 30
32 1 U -1
33 1 U 32
34 0 U 33
35 0 U 34
36 1 U 35
37 0 U 36
38 1 U 37
39 0 U 38
40 1 U -1
41 0 U 40
42 0 U 41
43 0 U 42
44 0 U 43
45 0 U 44
46 1 U 45
47 1 U 46
48 0 U -1
49 1 U 48
50 1 U 49
51 1 U 50
52 1 U 51
53 0 U 52
54 0 U 53
55 1 U 54
56 0 U -1
57 1 U 56
58 0 U 57
59 1 U 58
60 0 U 59
61 0 U 60
62 0 U 61
63 0 U 62
64 1 L 56
65 0 L 57
66 1 L 58
67 1 L 59
68 1 L 60
69 1 L 61
70 1 L 62
71 1 L 63
# score :26 1615729
# W : 833560 , H : 737937
72
0 0 U -1
1 1 U 0
2 0 U 1
3 0 U 2
4 1 U 3
5 1 U 4
6 0 U 5
7 0 U 6
8 1 U -1
9 0 U 8
10 0 U 9
11 1 U 10
12 1 U 11
13 0 U 12
14 1 U 13
15 1 U 14
16 0 U -1
17 1 U 16
18 1 U 17
19 0 U 18
20 1 U 19
21 0 U 20
22 1 U 21
23 1 U 22
24 1 U -1
25 0 U 24
26 1 U 25
27 1 U 26
28 0 U 27
29 1 U 28
30 0 U 29
31 1 U 30
32 0 U -1
33 1 U 32
34 1 U 33
35 0 U 34
36 0 U 35
37 0 U 36
38 0 U 37
39 0 U 38
40 0 U -1
41 0 U 40
42 0 U 41
43 1 U 42
44 1 U 43
45 1 U 44
46 0 U 45
47 0 U 46
48 1 U -1
49 1 U 48
50 0 U 49
51 1 U 50
52 0 U 51
53 0 U 52
54 1 U 53
55 1 U 54
56 1 U -1
57 1 U 56
58 0 U 57
59 1 U 58
60 0 U 59
61 1 U 60
62 1 U 61
63 1 U 62
64 0 L 56
65 0 L 57
66 1 L 58
67 1 L 59
68 1 L 60
69 0 L 61
70 0 L 62
71 1 L 63
# score :27 1731418
# W : 943534 , H : 746154
72
0 1 U -1
1 1 U 0
2 0 U 1
3 0 U 2
4 1 U 3
5 0 U 4
6 1 U 5
7 1 U 6
8 0 U -1
9 1 U 8
10 1 U 9
11 1 U 10
12 0 U 11
13 1 U 12
14 0 U 13
15 0 U 14
16 1 U -1
17 1 U 16
18 0 U 17
19 0 U 18
20 0 U 19
21 0 U 20
22 1 U 21
23 1 U 22
24 1 U -1
25 1 U 24
26 0 U 25
27 0 U 26
28 0 U 27
29 0 U 28
30 1 U 29
31 1 U 30
32 1 U -1
33 0 U 32
34 0 U 33
35 1 U 34
36 0 U 35
37 0 U 36
38 0 U 37
39 0 U 38
40 0 U -1
41 1 U 40
42 0 U 41
43 0 U 42
44 1 U 43
45 1 U 44
46 0 U 45
47 1 U 46
48 1 U -1
49 1 U 48
50 0 U 49
51 1 U 50
52 0 U 51
53 0 U 52
54 0 U 53
55 0 U 54
56 0 U -1
57 1 U 56
58 0 U 57
59 1 U 58
60 1 U 59
61 0 U 60
62 1 U 61
63 1 U 62
64 1 L 48
65 0 L 49
66 1 L 50
67 0 L 51
68 0 L 52
69 0 L 53
70 0 L 54
71 1 L 55
# score :28 1642659
# W : 909698 , H : 643172
72
0 1 U -1
1 0 U 0
2 0 U 1
3 1 U 2
4 0 U 3
5 1 U 4
6 1 U 5
7 0 U 6
8 1 U -1
9 0 U 8
10 0 U 9
11 1 U 10
12 1 U 11
13 0 U 12
14 0 U 13
15 0 U 14
16 1 U -1
17 0 U 16
18 0 U 17
19 0 U 18
20 1 U 19
21 0 U 20
22 0 U 21
23 1 U 22
24 0 U -1
25 1 U 24
26 0 U 25
27 1 U 26
28 1 U 27
29 1 U 28
30 0 U 29
31 0 U 30
32 0 U -1
33 1 U 32
34 1 U 33
35 1 U 34
36 1 U 35
37 1 U 36
38 0 U 37
39 1 U 38
40 1 U -1
41 1 U 40
42 1 U 41
43 1 U 42
44 1 U 43
45 0 U 44
46 0 U 45
47 0 U 46
48 1 U -1
49 1 U 48
50 1 U 49
51 1 U 50
52 0 U 51
53 0 U 52
54 0 U 53
55 0 U 54
56 0 U -1
57 1 U 56
58 1 U 57
59 1 U 58
60 1 U 59
61 1 U 60
62 1 U 61
63 1 U 62
64 1 L 48
65 0 L 49
66 0 L 50
67 1 L 51
68 0 L 52
69 0 L 53
70 1 L 54
71 1 L 55
# score :29 1655392
# W : 968842 , H : 655544
72
0 0 U -1
1 0 U 0
2 1 U 1
3 0 U 2
4 0 U 3
5 0 U 4
6 0 U 5
7 1 U 6
8 1 U -1
9 1 U 8
10 1 U 9
11 0 U 10
12 1 U 11
13 1 U 12
14 0 U 13
15 0 U 14
16 0 U -1
17 0 U 16
18 0 U 17
19 0 U 18
20 0 U 19
21 0 U 20
22 1 U 21
23 1 U 22
24 0 U -1
25 1 U 24
26 1 U 25
27 1 U 26
28 0 U 27
29 1 U 28
30 0 U 29
31 0 U 30
32 0 U -1
33 0 U 32
34 1 U 33
35 0 U 34
36 1 U 35
37 1 U 36
38 0 U 37
39 1 U 38
40 0 U -1
41 1 U 40
42 1 U 41
43 0 U 42
44 1 U 43
45 1 U 44
46 0 U 45
47 0 U 46
48 0 U -1
49 1 U 48
50 0 U 49
51 1 U 50
52 1 U 51
53 1 U 52
54 1 U 53
55 0 U 54
56 1 U -1
57 1 U 56
58 0 U 57
59 0 U 58
60 1 U 59
61 0 U 60
62 0 U 61
63 1 U 62
64 1 L 48
65 0 L 49
66 1 L 50
67 1 L 51
68 0 L 52
69 1 L 53
70 1 L 54
71 0 L 55
# score :30 1654868
# W : 869443 , H : 635461
72
0 0 U -1
1 1 U 0
2 1 U 1
3 0 U 2
4 1 U 3
5 0 U 4
6 1 U 5
7 0 U 6
8 1 U -1
9 1 U 8
10 0 U 9
11 0 U 10
12 1 U 11
13 0 U 12
14 1 U 13
15 1 U 14
16 1 U -1
17 0 U 16
18 0 U 17
19 0 U 18
20 0 U 19
21 0 U 20
22 1 U 21
23 1 U 22
24 1 U -1
25 0 U 24
26 1 U 25
27 0 U 26
28 1 U 27
29 0 U 28
30 1 U 29
31 1 U 30
32 0 U -1
33 0 U 32
34 0 U 33
35 0 U 34
36 0 U 35
37 1 U 36
38 0 U 37
39 0 U 38
40 0 U -1
41 0 U 40
42 1 U 41
43 0 U 42
44 1 U 43
45 0 U 44
46 0 U 45
47 1 U 46
48 0 U -1
49 1 U 48
50 1 U 49
51 0 U 50
52 1 U 51
53 0 U 52
54 0 U 53
55 0 U 54
56 1 U -1
57 0 U 56
58 1 U 57
59 1 U 58
60 0 U 59
61 0 U 60
62 1 U 61
63 1 U 62
64 1 L 48
65 0 L 49
66 0 L 50
67 1 L 51
68 0 L 52
69 0 L 53
70 0 L 54
71 0 L 55
# score :31 1630536
# W : 842733 , H : 632539
72
0 0 U -1
1 0 U 0
2 0 U 1
3 1 U 2
4 1 U 3
5 1 U 4
6 1 U 5
7 0 U 6
8 1 U -1
9 0 U 8
10 0 U 9
11 1 U 10
12 1 U 11
13 0 U 12
14 1 U 13
15 1 U 14
16 1 U -1
17 1 U 16
18 0 U 17
19 1 U 18
20 0 U 19
21 0 U 20
22 1 U 21
23 1 U 22
24 1 U -1
25 1 U 24
26 1 U 25
27 0 U 26
28 0 U 27
29 1 U 28
30 1 U 29
31 0 U 30
32 0 U -1
33 0 U 32
34 1 U 33
35 1 U 34
36 0 U 35
37 1 U 36
38 1 U 37
39 0 U 38
40 1 U -1
41 1 U 40
42 0 U 41
43 1 U 42
44 1 U 43
45 1 U 44
46 1 U 45
47 0 U 46
48 1 U -1
49 0 U 48
50 0 U 49
51 0 U 50
52 0 U 51
53 0 U 52
54 1 U 53
55 0 U 54
56 0 U -1
57 0 U 56
58 0 U 57
59 0 U 58
60 0 U 59
61 0 U 60
62 1 U 61
63 1 U 62
64 0 U -1
65 0 U 64
66 0 U 65
67 0 U 66
68 1 U 67
69 1 U 68
70 1 U 69
71 0 U 70
# score :32 1537105
# W : 692866 , H : 736463
72
0 0 U -1
1 0 U 0
2 0 U 1
3 1 U 2
4 0 U 3
5 1 U 4
6 0 U 5
7 1 U 6
8 0 U -1
9 0 U 8
10 1 U 9
11 1 U 10
12 1 U 11
13 0 U 12
14 0 U 13
15 1 U 14
16 0 U -1
17 0 U 16
18 0 U 17
19 1 U 18
20 0 U 19
21 0 U 20
22 1 U 21
23 1 U 22
24 0 U -1
25 1 U 24
26 1 U 25
27 1 U 26
28 1 U 27
29 0 U 28
30 1 U 29
31 1 U 30
32 0 U -1
33 0 U 32
34 0 U 33
35 0 U 34
36 0 U 35
37 1 U 36
38 0 U 37
39 0 U 38
40 1 U -1
41 0 U 40
42 1 U 41
43 0 U 42
44 1 U 43
45 0 U 44
46 0 U 45
47 0 U 46
48 1 U -1
49 1 U 48
50 0 U 49
51 1 U 50
52 0 U 51
53 1 U 52
54 0 U 53
55 1 U 54
56 1 U -1
57 0 U 56
58 1 U 57
59 0 U 58
60 1 U 59
61 1 U 60
62 1 U 61
63 1 U 62
64 0 U -1
65 0 U 64
66 0 U 65
67 1 U 66
68 0 U 67
69 1 U 68
70 0 U 69
71 0 U 70
# score :33 1488444
# W : 640121 , H : 766893
72
0 1 U -1
1 1 U 0
2 1 U 1
3 0 U 2
4 1 U 3
5 1 U 4
6 1 U 5
7 1 U 6
8 0 U -1
9 0 U 8
10 1 U 9
11 0 U 10
12 0 U 11
13 1 U 12
14 1 U 13
15 1 U 14
16 1 U -1
17 1 U 16
18 0 U 17
19 0 U 18
20 1 U 19
21 1 U 20
22 1 U 21
23 0 U 22
24 0 U -1
25 0 U 24
26 1 U 25
27 0 U 26
28 1 U 27
29 1 U 28
30 0 U 29
31 0 U 30
32 0 U -1
33 0 U 32
34 1 U 33
35 0 U 34
36 0 U 35
37 0 U 36
38 1 U 37
39 1 U 38
40 0 U -1
41 1 U 40
42 1 U 41
43 0 U 42
44 0 U 43
45 1 U 44
46 0 U 45
47 1 U 46
48 0 U -1
49 1 U 48
50 0 U 49
51 1 U 50
52 1 U 51
53 0 U 52
54 0 U 53
55 0 U 54
56 1 U -1
57 0 U 56
58 0 U 57
59 1 U 58
60 1 U 59
61 0 U 60
62 1 U 61
63 1 U 62
64 1 L 56
65 0 L 57
66 1 L 58
67 1 L 59
68 0 L 60
69 1 L 61
70 0 L 62
71 1 L 63
# score :34 1470168
# W : 774455 , H : 744609
72
0 0 U -1
1 0 U 0
2 0 U 1
3 0 U 2
4 1 U 3
5 0 U 4
6 0 U 5
7 1 U 6
8 0 U -1
9 1 U 8
10 1 U 9
11 0 U 10
12 1 U 11
13 0 U 12
14 1 U 13
15 1 U 14
16 0 U -1
17 0 U 16
18 1 U 17
19 0 U 18
20 0 U 19
21 0 U 20
22 0 U 21
23 1 U 22
24 0 U -1
25 1 U 24
26 0 U 25
27 0 U 26
28 1 U 27
29 1 U 28
30 0 U 29
31 1 U 30
32 1 U -1
33 0 U 32
34 1 U 33
35 0 U 34
36 1 U 35
37 1 U 36
38 1 U 37
39 0 U 38
40 1 U -1
41 1 U 40
42 0 U 41
43 1 U 42
44 0 U 43
45 1 U 44
46 1 U 45
47 0 U 46
48 1 U -1
49 1 U 48
50 0 U 49
51 1 U 50
52 1 U 51
53 1 U 52
54 1 U 53
55 0 U 54
56 1 U -1
57 0 U 56
58 1 U 57
59 0 U 58
60 1 U 59
61 1 U 60
62 0 U 61
63 1 U 62
64 0 L 56
65 1 L 57
66 1 L 58
67 0 L 59
68 1 L 60
69 1 L 61
70 0 L 62
71 0 L 63
# score :35 1480228
# W : 983378 , H : 710479
72
0 1 U -1
1 1 U 0
2 1 U 1
3 1 U 2
4 1 U 3
5 0 U 4
6 0 U 5
7 0 U 6
8 0 U -1
9 0 U 8
10 0 U 9
11 1 U 10
12 0 U 11
13 0 U 12
14 0 U 13
15 0 U 14
16 1 U -1
17 1 U 16
18 0 U 17
19 1 U 18
20 1 U 19
21 1 U 20
22 0 U 21
23 1 U 22
24 0 U -1
25 0 U 24
26 0 U 25
27 1 U 26
28 0 U 27
29 1 U 28
30 1 U 29
31 1 U 30
32 0 U -1
33 1 U 32
34 1 U 33
35 1 U 34
36 0 U 35
37 1 U 36
38 0 U 37
39 1 U 38
40 0 U -1
41 1 U 40
42 1 U 41
43 0 U 42
44 1 U 43
45 1 U 44
46 1 U 45
47 0 U 46
48 1 U -1
49 1 U 48
50 0 U 49
51 1 U 50
52 1 U 51
53 0 U 52
54 0 U 53
55 1 U 54
56 1 U -1
57 1 U 56
58 0 U 57
59 1 U 58
60 0 U 59
61 0 U 60
62 1 U 61
63 1 U 62
64 1 L 48
65 0 L 49
66 1 L 50
67 1 L 51
68 0 L 52
69 1 L 53
70 0 L 54
71 1 L 55
# score :36 1653376
# W : 881545 , H : 672458
72
0 0 U -1
1 1 U 0
2 0 U 1
3 0 U 2
4 0 U 3
5 0 U 4
6 1 U 5
7 0 U 6
8 0 U -1
9 1 U 8
10 0 U 9
11 1 U 10
12 0 U 11
13 1 U 12
14 0 U 13
15 1 U 14
16 0 U -1
17 0 U 16
18 1 U 17
19 1 U 18
20 1 U 19
21 0 U 20
22 1 U 21
23 0 U 22
24 0 U -1
25 0 U 24
26 1 U 25
27 0 U 26
28 0 U 27
29 0 U 28
30 1 U 29
31 0 U 30
32 0 U -1
33 1 U 32
34 1 U 33
35 1 U 34
36 0 U 35
37 0 U 36
38 1 U 37
39 0 U 38
40 1 U -1
41 0 U 40
42 1 U 41
43 0 U 42
44 1 U 43
45 0 U 44
46 1 U 45
47 0 U 46
48 1 U -1
49 0 U 48
50 0 U 49
51 1 U 50
52 0 U 51
53 0 U 52
54 1 U 53
55 1 U 54
56 1 U -1
57 0 U 56
58 1 U 57
59 0 U 58
60 1 U 59
61 1 U 60
62 0 U 61
63 1 U 62
64 1 L 48
65 0 L 49
66 1 L 50
67 0 L 51
68 0 L 52
69 0 L 53
70 0 L 54
71 1 L 55
# score :37 1667451
# W : 1050046 , H : 638641
72
0 0 U -1
1 0 U 0
2 1 U 1
3 1 U 2
4 0 U 3
5 1 U 4
6 0 U 5
7 1 U 6
8 0 U -1
9 0 U 8
10 1 U 9
11 0 U 10
12 1 U 11
13 0 U 12
14 1 U 13
15 0 U 14
16 1 U -1
17 1 U 16
18 1 U 17
19 0 U 18
20 1 U 19
21 1 U 20
22 1 U 21
23 0 U 22
24 0 U -1
25 0 U 24
26 0 U 25
27 0 U 26
28 1 U 27
29 0 U 28
30 0 U 29
31 1 U 30
32 0 U -1
33 0 U 32
34 1 U 33
35 0 U 34
36 1 U 35
37 1 U 36
38 1 U 37
39 0 U 38
40 1 U -1
41 1 U 40
42 1 U 41
43 0 U 42
44 1 U 43
45 0 U 44
46 1 U 45
47 1 U 46
48 1 U -1
49 0 U 48
50 0 U 49
51 0 U 50
52 1 U 51
53 0 U 52
54 0 U 53
55 1 U 54
56 1 U -1
57 1 U 56
58 0 U 57
59 0 U 58
60 1 U 59
61 0 U 60
62 1 U 61
63 0 U 62
64 0 L 48
65 1 L 49
66 0 L 50
67 0 L 51
68 1 L 52
69 0 L 53
70 1 L 54
71 0 L 55
# score :38 1600431
# W : 1078256 , H : 645694
72
0 0 U -1
1 0 U 0
2 0 U 1
3 0 U 2
4 1 U 3
5 0 U 4
6 1 U 5
7 0 U 6
8 0 U -1
9 0 U 8
10 0 U 9
11 1 U 10
12 1 U 11
13 0 U 12
14 0 U 13
15 0 U 14
16 1 U -1
17 1 U 16
18 1 U 17
19 1 U 18
20 0 U 19
21 0 U 20
22 0 U 21
23 1 U 22
24 1 U -1
25 1 U 24
26 1 U 25
27 0 U 26
28 1 U 27
29 1 U 28
30 1 U 29
31 1 U 30
32 1 U -1
33 0 U 32
34 1 U 33
35 1 U 34
36 1 U 35
37 0 U 36
38 1 U 37
39 1 U 38
40 1 U -1
41 0 U 40
42 1 U 41
43 1 U 42
44 1 U 43
45 0 U 44
46 1 U 45
47 1 U 46
48 0 U -1
49 1 U 48
50 0 U 49
51 1 U 50
52 1 U 51
53 0 U 52
54 0 U 53
55 0 U 54
56 1 U -1
57 0 U 56
58 1 U 57
59 1 U 58
60 1 U 59
61 1 U 60
62 0 U 61
63 0 U 62
64 0 L 48
65 0 L 49
66 0 L 50
67 0 L 51
68 0 L 52
69 1 L 53
70 0 L 54
71 0 L 55
# score :39 1706808
# W : 1014814 , H : 633806
72
0 0 U -1
1 1 U 0
2 1 U 1
3 1 U 2
4 1 U 3
5 0 U 4
6 0 U 5
7 1 U 6
8 1 U -1
9 1 U 8
10 0 U 9
11 0 U 10
12 1 U 11
13 1 U 12
14 1 U 13
15 1 U 14
16 0 U -1
17 0 U 16
18 0 U 17
19 1 U 18
20 0 U 19
21 0 U 20
22 1 U 21
23 1 U 22
24 1 U -1
25 1 U 24
26 0 U 25
27 0 U 26
28 0 U 27
29 1 U 28
30 1 U 29
31 0 U 30
32 1 U -1
33 1 U 32
34 0 U 33
35 0 U 34
36 1 U 35
37 1 U 36
38 1 U 37
39 0 U 38
40 1 U -1
41 1 U 40
42 1 U 41
43 1 U 42
44 1 U 43
45 1 U 44
46 0 U 45
47 1 U 46
48 1 U -1
49 1 U 48
50 1 U 49
51 0 U 50
52 0 U 51
53 0 U 52
54 1 U 53
55 0 U 54
56 1 U -1
57 1 U 56
58 1 U 57
59 0 U 58
60 1 U 59
61 0 U 60
62 1 U 61
63 0 U 62
64 1 U -1
65 1 U 64
66 0 U 65
67 0 U 66
68 0 U 67
69 1 U 68
70 1 U 69
71 1 U 70
# score :40 1441789
# W : 604242 , H : 727436
72
0 0 U -1
1 0 U 0
2 1 U 1
3 1 U 2
4 1 U 3
5 1 U 4
6 1 U 5
7 1 U 6
8 1 U -1
9 1 U 8
10 1 U 9
11 1 U 10
12 1 U 11
13 1 U 12
14 0 U 13
15 1 U 14
16 1 U -1
17 1 U 16
18 1 U 17
19 1 U 18
20 0 U 19
21 0 U 20
22 0 U 21
23 0 U 22
24 0 U -1
25 1 U 24
26 1 U 25
27 0 U 26
28 1 U 27
29 1 U 28
30 0 U 29
31 0 U 30
32 1 U -1
33 1 U 32
34 0 U 33
35 1 U 34
36 1 U 35
37 0 U 36
38 0 U 37
39 0 U 38
40 0 U -1
41 1 U 40
42 1 U 41
43 1 U 42
44 1 U 43
45 1 U 44
46 1 U 45
47 0 U 46
48 0 U -1
49 0 U 48
50 0 U 49
51 0 U 50
52 0 U 51
53 0 U 52
54 0 U 53
55 0 U 54
56 0 U -1
57 0 U 56
58 0 U 57
59 1 U 58
60 0 U 59
61 0 U 60
62 1 U 61
63 1 U 62
64 0 U -1
65 1 U 64
66 1 U 65
67 0 U 66
68 1 U 67
69 0 U 68
70 0 U 69
71 1 U 70
# score :41 1451081
# W : 597700 , H : 742334
72
0 1 U -1
1 1 U 0
2 1 U 1
3 1 U 2
4 0 U 3
5 1 U 4
6 0 U 5
7 1 U 6
8 1 U -1
9 1 U 8
10 0 U 9
11 1 U 10
12 0 U 11
13 0 U 12
14 1 U 13
15 0 U 14
16 1 U -1
17 0 U 16
18 1 U 17
19 1 U 18
20 1 U 19
21 0 U 20
22 1 U 21
23 1 U 22
24 1 U -1
25 1 U 24
26 0 U 25
27 0 U 26
28 0 U 27
29 1 U 28
30 0 U 29
31 0 U 30
32 1 U -1
33 1 U 32
34 1 U 33
35 1 U 34
36 1 U 35
37 0 U 36
38 1 U 37
39 0 U 38
40 1 U -1
41 1 U 40
42 0 U 41
43 1 U 42
44 0 U 43
45 1 U 44
46 1 U 45
47 1 U 46
48 1 U -1
49 1 U 48
50 0 U 49
51 0 U 50
52 0 U 51
53 0 U 52
54 1 U 53
55 0 U 54
56 1 U -1
57 0 U 56
58 1 U 57
59 0 U 58
60 0 U 59
61 1 U 60
62 1 U 61
63 1 U 62
64 1 L 56
65 1 L 57
66 0 L 58
67 0 L 59
68 1 L 60
69 0 L 61
70 1 L 62
71 0 L 63
# score :42 1496934
# W : 911357 , H : 751580
72
0 1 U -1
1 0 U 0
2 0 U 1
3 0 U 2
4 0 U 3
5 1 U 4
6 1 U 5
7 1 U 6
8 1 U -1
9 1 U 8
10 0 U 9
11 0 U 10
12 1 U 11
13 1 U 12
14 1 U 13
15 1 U 14
16 1 U -1
17 1 U 16
18 1 U 17
19 0 U 18
20 0 U 19
21 0 U 20
22 0 U 21
23 1 U 22
24 0 U -1
25 1 U 24
26 1 U 25
27 1 U 26
28 1 U 27
29 1 U 28
30 1 U 29
31 0 U 30
32 1 U -1
33 1 U 32
34 1 U 33
35 1 U 34
36 0 U 35
37 0 U 36
38 1 U 37
39 0 U 38
40 0 U -1
41 1 U 40
42 1 U 41
43 0 U 42
44 0 U 43
45 1 U 44
46 1 U 45
47 0 U 46
48 1 U -1
49 0 U 48
50 1 U 49
51 0 U 50
52 1 U 51
53 0 U 52
54 1 U 53
55 1 U 54
56 0 U -1
57 0 U 56
58 1 U 57
59 0 U 58
60 1 U 59
61 0 U 60
62 0 U 61
63 1 U 62
64 1 L 56
65 1 L 57
66 1 L 58
67 1 L 59
68 1 L 60
69 0 L 61
70 0 L 62
71 0 L 63
# score :43 1605054
# W : 937080 , H : 741640
72
0 1 U -1
1 1 U 0
2 1 U 1
3 0 U 2
4 0 U 3
5 1 U 4
6 0 U 5
7 0 U 6
8 1 U -1
9 0 U 8
10 1 U 9
11 1 U 10
12 0 U 11
13 1 U 12
14 1 U 13
15 0 U 14
16 1 U -1
17 1 U 16
18 0 U 17
19 1 U 18
20 1 U 19
21 1 U 20
22 1 U 21
23 1 U 22
24 1 U -1
25 1 U 24
26 0 U 25
27 1 U 26
28 0 U 27
29 1 U 28
30 0 U 29
31 0 U 30
32 1 U -1
33 1 U 32
34 1 U 33
35 0 U 34
36 0 U 35
37 0 U 36
38 1 U 37
39 0 U 38
40 1 U -1
41 0 U 40
42 1 U 41
43 0 U 42
44 0 U 43
45 0 U 44
46 1 U 45
47 0 U 46
48 1 U -1
49 1 U 48
50 1 U 49
51 0 U 50
52 1 U 51
53 0 U 52
54 0 U 53
55 0 U 54
56 1 U -1
57 1 U 56
58 1 U 57
59 0 U 58
60 0 U 59
61 0 U 60
62 0 U 61
63 1 U 62
64 1 L 48
65 0 L 49
66 0 L 50
67 0 L 51
68 1 L 52
69 1 L 53
70 0 L 54
71 0 L 55
# score :44 1661907
# W : 903929 , H : 633149
72
0 1 U -1
1 1 U 0
2 1 U 1
3 0 U 2
4 1 U 3
5 0 U 4
6 0 U 5
7 1 U 6
8 0 U -1
9 1 U 8
10 1 U 9
11 0 U 10
12 1 U 11
13 1 U 12
14 1 U 13
15 1 U 14
16 0 U -1
17 0 U 16
18 0 U 17
19 0 U 18
20 1 U 19
21 1 U 20
22 0 U 21
23 0 U 22
24 1 U -1
25 1 U 24
26 0 U 25
27 0 U 26
28 0 U 27
29 1 U 28
30 0 U 29
31 0 U 30
32 0 U -1
33 1 U 32
34 0 U 33
35 0 U 34
36 0 U 35
37 0 U 36
38 0 U 37
39 0 U 38
40 1 U -1
41 1 U 40
42 1 U 41
43 0 U 42
44 0 U 43
45 0 U 44
46 0 U 45
47 0 U 46
48 0 U -1
49 0 U 48
50 1 U 49
51 0 U 50
52 0 U 51
53 0 U 52
54 1 U 53
55 1 U 54
56 1 U -1
57 1 U 56
58 0 U 57
59 1 U 58
60 0 U 59
61 1 U 60
62 1 U 61
63 1 U 62
64 0 L 48
65 1 L 49
66 0 L 50
67 0 L 51
68 1 L 52
69 1 L 53
70 1 L 54
71 0 L 55
# score :45 1670633
# W : 1026077 , H : 667356
72
0 0 U -1
1 0 U 0
2 0 U 1
3 0 U 2
4 1 U 3
5 1 U 4
6 0 U 5
7 0 U 6
8 1 U -1
9 1 U 8
10 1 U 9
11 0 U 10
12 0 U 11
13 0 U 12
14 1 U 13
15 1 U 14
16 1 U -1
17 1 U 16
18 0 U 17
19 0 U 18
20 1 U 19
21 1 U 20
22 0 U 21
23 1 U 22
24 0 U -1
25 1 U 24
26 1 U 25
27 1 U 26
28 1 U 27
29 0 U 28
30 0 U 29
31 1 U 30
32 0 U -1
33 1 U 32
34 1 U 33
35 0 U 34
36 1 U 35
37 1 U 36
38 0 U 37
39 1 U 38
40 0 U -1
41 1 U 40
42 1 U 41
43 1 U 42
44 1 U 43
45 1 U 44
46 0 U 45
47 0 U 46
48 1 U -1
49 1 U 48
50 1 U 49
51 0 U 50
52 0 U 51
53 1 U 52
54 0 U 53
55 0 U 54
56 0 U -1
57 0 U 56
58 1 U 57
59 1 U 58
60 1 U 59
61 0 U 60
62 1 U 61
63 0 U 62
64 0 L 48
65 0 L 49
66 0 L 50
67 1 L 51
68 1 L 52
69 0 L 53
70 0 L 54
71 1 L 55
# score :46 1628321
# W : 954531 , H : 649970
72
0 1 U -1
1 1 U 0
2 0 U 1
3 1 U 2
4 1 U 3
5 1 U 4
6 0 U 5
7 1 U 6
8 0 U -1
9 1 U 8
10 0 U 9
11 1 U 10
12 0 U 11
13 1 U 12
14 0 U 13
15 1 U 14
16 1 U -1
17 1 U 16
18 0 U 17
19 0 U 18
20 0 U 19
21 1 U 20
22 0 U 21
23 1 U 22
24 0 U -1
25 1 U 24
26 1 U 25
27 1 U 26
28 1 U 27
29 0 U 28
30 1 U 29
31 1 U 30
32 1 U -1
33 1 U 32
34 1 U 33
35 1 U 34
36 1 U 35
37 0 U 36
38 0 U 37
39 1 U 38
40 0 U -1
41 0 U 40
42 0 U 41
43 0 U 42
44 1 U 43
45 1 U 44
46 0 U 45
47 1 U 46
48 1 U -1
49 1 U 48
50 1 U 49
51 0 U 50
52 1 U 51
53 0 U 52
54 1 U 53
55 1 U 54
56 1 U -1
57 0 U 56
58 0 U 57
59 0 U 58
60 0 U 59
61 1 U 60
62 0 U 61
63 1 U 62
64 1 L 48
65 1 L 49
66 1 L 50
67 0 L 51
68 1 L 52
69 1 L 53
70 1 L 54
71 0 L 55
# score :47 1626140
# W : 918226 , H : 642665
72
0 0 U -1
1 0 U 0
2 1 U 1
3 1 U 2
4 1 U 3
5 1 U 4
6 1 U 5
7 0 U 6
8 1 U -1
9 1 U 8
10 1 U 9
11 0 U 10
12 0 U 11
13 1 U 12
14 1 U 13
15 1 U 14
16 0 U -1
17 1 U 16
18 1 U 17
19 0 U 18
20 0 U 19
21 0 U 20
22 1 U 21
23 0 U 22
24 1 U -1
25 0 U 24
26 1 U 25
27 1 U 26
28 1 U 27
29 0 U 28
30 0 U 29
31 0 U 30
32 0 U -1
33 1 U 32
34 1 U 33
35 1 U 34
36 0 U 35
37 1 U 36
38 0 U 37
39 0 U 38
40 1 U -1
41 0 U 40
42 0 U 41
43 1 U 42
44 0 U 43
45 1 U 44
46 1 U 45
47 0 U 46
48 1 U -1
49 0 U 48
50 1 U 49
51 1 U 50
52 1 U 51
53 0 U 52
54 0 U 53
55 1 U 54
56 0 U -1
57 0 U 56
58 0 U 57
59 1 U 58
60 1 U 59
61 0 U 60
62 1 U 61
63 1 U 62
64 0 U -1
65 0 U 64
66 0 U 65
67 0 U 66
68 0 U 67
69 0 U 68
70 1 U 69
71 0 U 70
# score :48 1574117
# W : 692835 , H : 710147
72
0 1 U -1
1 0 U 0
2 1 U 1
3 1 U 2
4 1 U 3
5 1 U 4
6 1 U 5
7 0 U 6
8 0 U -1
9 0 U 8
10 1 U 9
11 0 U 10
12 0 U 11
13 1 U 12
14 1 U 13
15 0 U 14
16 1 U -1
17 0 U 16
18 0 U 17
19 1 U 18
20 0 U 19
21 1 U 20
22 1 U 21
23 1 U 22
24 0 U -1
25 1 U 24
26 0 U 25
27 0 U 26
28 1 U 27
29 0 U 28
30 1 U 29
31 1 U 30
32 0 U -1
33 0 U 32
34 1 U 33
35 0 U 34
36 0 U 35
37 0 U 36
38 0 U 37
39 0 U 38
40 0 U -1
41 0 U 40
42 1 U 41
43 1 U 42
44 1 U 43
45 1 U 44
46 1 U 45
47 0 U 46
48 1 U -1
49 0 U 48
50 1 U 49
51 0 U 50
52 0 U 51
53 0 U 52
54 0 U 53
55 0 U 54
56 0 U -1
57 1 U 56
58 1 U 57
59 1 U 58
60 0 U 59
61 1 U 60
62 0 U 61
63 0 U 62
64 1 U -1
65 1 U 64
66 1 U 65
67 0 U 66
68 1 U 67
69 0 U 68
70 1 U 69
71 1 U 70
# score :49 1483838
# W : 684029 , H : 687550
72
0 0 U -1
1 1 U 0
2 0 U 1
3 0 U 2
4 0 U 3
5 0 U 4
6 0 U 5
7 0 U 6
8 1 U -1
9 0 U 8
10 1 U 9
11 0 U 10
12 0 U 11
13 0 U 12
14 0 U 13
15 1 U 14
16 0 U -1
17 0 U 16
18 1 U 17
19 1 U 18
20 1 U 19
21 0 U 20
22 0 U 21
23 0 U 22
24 0 U -1
25 0 U 24
26 0 U 25
27 0 U 26
28 1 U 27
29 0 U 28
30 0 U 29
31 0 U 30
32 0 U -1
33 1 U 32
34 0 U 33
35 0 U 34
36 1 U 35
37 0 U 36
38 0 U 37
39 0 U 38
40 1 U -1
41 0 U 40
42 0 U 41
43 1 U 42
44 1 U 43
45 1 U 44
46 1 U 45
47 1 U 46
48 1 U -1
49 0 U 48
50 0 U 49
51 1 U 50
52 0 U 51
53 0 U 52
54 1 U 53
55 1 U 54
56 0 U -1
57 0 U 56
58 1 U 57
59 0 U 58
60 1 U 59
61 1 U 60
62 1 U 61
63 0 U 62
64 0 L 56
65 1 L 57
66 1 L 58
67 1 L 59
68 0 L 60
69 0 L 61
70 0 L 62
71 1 L 63
# score :50 1697658
# W : 995641 , H : 698347
72
0 0 U -1
1 1 U 0
2 1 U 1
3 0 U 2
4 1 U 3
5 1 U 4
6 1 U 5
7 1 U 6
8 1 U -1
9 1 U 8
10 1 U 9
11 1 U 10
12 1 U 11
13 1 U 12
14 1 U 13
15 0 U 14
16 1 U -1
17 1 U 16
18 1 U 17
19 1 U 18
20 1 U 19
21 0 U 20
22 0 U 21
23 0 U 22
24 1 U -1
25 1 U 24
26 1 U 25
27 0 U 26
28 1 U 27
29 0 U 28
30 1 U 29
31 1 U 30
32 0 U -1
33 1 U 32
34 1 U 33
35 1 U 34
36 0 U 35
37 1 U 36
38 1 U 37
39 0 U 38
40 0 U -1
41 1 U 40
42 1 U 41
43 0 U 42
44 1 U 43
45 1 U 44
46 1 U 45
47 1 U 46
48 1 U -1
49 1 U 48
50 0 U 49
51 1 U 50
52 1 U 51
53 0 U 52
54 0 U 53
55 1 U 54
56 0 U -1
57 0 U 56
58 0 U 57
59 1 U 58
60 0 U 59
61 1 U 60
62 1 U 61
63 1 U 62
64 1 L 56
65 1 L 57
66 1 L 58
67 0 L 59
68 1 L 60
69 0 L 61
70 1 L 62
71 1 L 63
# score :51 1525891
# W : 893590 , H : 708857
72
0 1 U -1
1 0 U 0
2 0 U 1
3 1 U 2
4 0 U 3
5 1 U 4
6 1 U 5
7 1 U 6
8 0 U -1
9 1 U 8
10 1 U 9
11 1 U 10
12 0 U 11
13 1 U 12
14 1 U 13
15 0 U 14
16 1 U -1
17 0 U 16
18 1 U 17
19 1 U 18
20 1 U 19
21 0 U 20
22 1 U 21
23 1 U 22
24 1 U -1
25 1 U 24
26 0 U 25
27 0 U 26
28 1 U 27
29 0 U 28
30 1 U 29
31 0 U 30
32 0 U -1
33 1 U 32
34 0 U 33
35 0 U 34
36 0 U 35
37 0 U 36
38 0 U 37
39 1 U 38
40 1 U -1
41 0 U 40
42 1 U 41
43 0 U 42
44 1 U 43
45 0 U 44
46 0 U 45
47 0 U 46
48 1 U -1
49 1 U 48
50 1 U 49
51 1 U 50
52 0 U 51
53 0 U 52
54 0 U 53
55 1 U 54
56 1 U -1
57 0 U 56
58 0 U 57
59 1 U 58
60 1 U 59
61 0 U 60
62 1 U 61
63 1 U 62
64 0 L 48
65 0 L 49
66 1 L 50
67 0 L 51
68 1 L 52
69 1 L 53
70 1 L 54
71 0 L 55
# score :52 1650098
# W : 805174 , H : 674081
72
0 0 U -1
1 1 U 0
2 1 U 1
3 0 U 2
4 0 U 3
5 1 U 4
6 0 U 5
7 1 U 6
8 0 U -1
9 1 U 8
10 1 U 9
11 0 U 10
12 1 U 11
13 0 U 12
14 0 U 13
15 1 U 14
16 0 U -1
17 1 U 16
18 1 U 17
19 0 U 18
20 1 U 19
21 0 U 20
22 0 U 21
23 0 U 22
24 0 U -1
25 0 U 24
26 1 U 25
27 0 U 26
28 1 U 27
29 1 U 28
30 1 U 29
31 0 U 30
32 1 U -1
33 1 U 32
34 1 U 33
35 0 U 34
36 1 U 35
37 1 U 36
38 1 U 37
39 0 U 38
40 1 U -1
41 1 U 40
42 0 U 41
43 1 U 42
44 1 U 43
45 0 U 44
46 1 U 45
47 1 U 46
48 1 U -1
49 0 U 48
50 1 U 49
51 1 U 50
52 0 U 51
53 1 U 52
54 0 U 53
55 1 U 54
56 0 U -1
57 0 U 56
58 0 U 57
59 1 U 58
60 1 U 59
61 0 U 60
62 0 U 61
63 0 U 62
64 1 L 48
65 1 L 49
66 0 L 50
67 0 L 51
68 0 L 52
69 1 L 53
70 1 L 54
71 1 L 55
# score :53 1644631
# W : 1044033 , H : 640908
72
0 0 U -1
1 1 U 0
2 1 U 1
3 0 U 2
4 0 U 3
5 0 U 4
6 0 U 5
7 1 U 6
8 0 U -1
9 1 U 8
10 1 U 9
11 0 U 10
12 1 U 11
13 0 U 12
14 0 U 13
15 1 U 14
16 1 U -1
17 1 U 16
18 1 U 17
19 1 U 18
20 1 U 19
21 1 U 20
22 1 U 21
23 0 U 22
24 0 U -1
25 1 U 24
26 1 U 25
27 0 U 26
28 0 U 27
29 1 U 28
30 1 U 29
31 1 U 30
32 0 U -1
33 1 U 32
34 0 U 33
35 0 U 34
36 0 U 35
37 0 U 36
38 1 U 37
39 1 U 38
40 0 U -1
41 1 U 40
42 0 U 41
43 0 U 42
44 0 U 43
45 0 U 44
46 1 U 45
47 1 U 46
48 0 U -1
49 0 U 48
50 1 U 49
51 1 U 50
52 1 U 51
53 1 U 52
54 1 U 53
55 0 U 54
56 1 U -1
57 0 U 56
58 0 U 57
59 1 U 58
60 1 U 59
61 1 U 60
62 0 U 61
63 1 U 62
64 1 L 48
65 0 L 49
66 1 L 50
67 0 L 51
68 0 L 52
69 1 L 53
70 0 L 54
71 1 L 55
# score :54 1672253
# W : 987942 , H : 640078
72
0 0 U -1
1 0 U 0
2 0 U 1
3 0 U 2
4 0 U 3
5 0 U 4
6 1 U 5
7 1 U 6
8 1 U -1
9 1 U 8
10 0 U 9
11 0 U 10
12 0 U 11
13 1 U 12
14 1 U 13
15 0 U 14
16 0 U -1
17 0 U 16
18 0 U 17
19 0 U 18
20 0 U 19
21 0 U 20
22 1 U 21
23 0 U 22
24 1 U -1
25 0 U 24
26 0 U 25
27 1 U 26
28 0 U 27
29 1 U 28
30 1 U 29
31 0 U 30
32 1 U -1
33 0 U 32
34 0 U 33
35 1 U 34
36 1 U 35
37 0 U 36
38 0 U 37
39 1 U 38
40 1 U -1
41 0 U 40
42 1 U 41
43 0 U 42
44 0 U 43
45 1 U 44
46 1 U 45
47 1 U 46
48 0 U -1
49 1 U 48
50 1 U 49
51 0 U 50
52 1 U 51
53 0 U 52
54 0 U 53
55 1 U 54
56 0 U -1
57 0 U 56
58 0 U 57
59 1 U 58
60 1 U 59
61 0 U 60
62 1 U 61
63 1 U 62
64 1 L 48
65 0 L 49
66 0 L 50
67 1 L 51
68 1 L 52
69 1 L 53
70 1 L 54
71 0 L 55
# score :55 1551866
# W : 904305 , H : 652190
72
0 1 U -1
1 1 U 0
2 0 U 1
3 1 U 2
4 1 U 3
5 1 U 4
6 1 U 5
7 1 U 6
8 1 U -1
9 0 U 8
10 0 U 9
11 0 U 10
12 0 U 11
13 1 U 12
14 0 U 13
15 1 U 14
16 1 U -1
17 1 U 16
18 0 U 17
19 0 U 18
20 1 U 19
21 1 U 20
22 1 U 21
23 1 U 22
24 1 U -1
25 1 U 24
26 0 U 25
27 1 U 26
28 1 U 27
29 0 U 28
30 1 U 29
31 0 U 30
32 0 U -1
33 0 U 32
34 0 U 33
35 1 U 34
36 0 U 35
37 0 U 36
38 1 U 37
39 0 U 38
40 1 U -1
41 0 U 40
42 1 U 41
43 1 U 42
44 0 U 43
45 1 U 44
46 0 U 45
47 0 U 46
48 1 U -1
49 0 U 48
50 0 U 49
51 1 U 50
52 0 U 51
53 1 U 52
54 1 U 53
55 0 U 54
56 0 U -1
57 0 U 56
58 0 U 57
59 0 U 58
60 1 U 59
61 1 U 60
62 0 U 61
63 1 U 62
64 1 U -1
65 1 U 64
66 0 U 65
67 0 U 66
68 0 U 67
69 1 U 68
70 0 U 69
71 0 U 70
# score :56 1436567
# W : 611307 , H : 742076
72
0 0 U -1
1 1 U 0
2 1 U 1
3 1 U 2
4 1 U 3
5 0 U 4
6 1 U 5
7 0 U 6
8 1 U -1
9 1 U 8
10 0 U 9
11 1 U 10
12 1 U 11
13 1 U 12
14 0 U 13
15 1 U 14
16 1 U -1
17 1 U 16
18 0 U 17
19 1 U 18
20 0 U 19
21 1 U 20
22 0 U 21
23 1 U 22
24 0 U -1
25 0 U 24
26 1 U 25
27 0 U 26
28 0 U 27
29 0 U 28
30 0 U 29
31 1 U 30
32 1 U -1
33 0 U 32
34 1 U 33
35 1 U 34
36 0 U 35
37 0 U 36
38 1 U 37
39 0 U 38
40 0 U -1
41 0 U 40
42 1 U 41
43 1 U 42
44 1 U 43
45 0 U 44
46 0 U 45
47 1 U 46
48 0 U -1
49 0 U 48
50 1 U 49
51 0 U 50
52 1 U 51
53 1 U 52
54 1 U 53
55 1 U 54
56 1 U -1
57 0 U 56
58 1 U 57
59 0 U 58
60 1 U 59
61 1 U 60
62 0 U 61
63 1 U 62
64 1 U -1
65 0 U 64
66 1 U 65
67 1 U 66
68 0 U 67
69 0 U 68
70 0 U 69
71 1 U 70
# score :57 1436343
# W : 637673 , H : 721002
72
0 1 U -1
1 0 U 0
2 0 U 1
3 1 U 2
4 0 U 3
5 1 U 4
6 1 U 5
7 0 U 6
8 0 U -1
9 0 U 8
10 0 U 9
11 0 U 10
12 1 U 11
13 1 U 12
14 1 U 13
15 0 U 14
16 1 U -1
17 0 U 16
18 0 U 17
19 0 U 18
20 0 U 19
21 1 U 20
22 0 U 21
23 0 U 22
24 1 U -1
25 0 U 24
26 0 U 25
27 0 U 26
28 0 U 27
29 0 U 28
30 1 U 29
31 1 U 30
32 0 U -1
33 0 U 32
34 0 U 33
35 1 U 34
36 0 U 35
37 1 U 36
38 1 U 37
39 0 U 38
40 0 U -1
41 1 U 40
42 0 U 41
43 1 U 42
44 0 U 43
45 0 U 44
46 1 U 45
47 1 U 46
48 1 U -1
49 0 U 48
50 1 U 49
51 1 U 50
52 0 U 51
53 1 U 52
54 0 U 53
55 1 U 54
56 1 U -1
57 0 U 56
58 0 U 57
59 0 U 58
60 0 U 59
61 1 U 60
62 1 U 61
63 0 U 62
64 1 L 56
65 0 L 57
66 0 L 58
67 1 L 59
68 1 L 60
69 1 L 61
70 1 L 62
71 0 L 63
# score :58 1475045
# W : 686296 , H : 740140
72
0 0 U -1
1 0 U 0
2 0 U 1
3 0 U 2
4 1 U 3
5 1 U 4
6 0 U 5
7 0 U 6
8 1 U -1
9 0 U 8
10 0 U 9
11 0 U 10
12 1 U 11
13 0 U 12
14 1 U 13
15 0 U 14
16 1 U -1
17 1 U 16
18 1 U 17
19 0 U 18
20 1 U 19
21 0 U 20
22 0 U 21
23 1 U 22
24 1 U -1
25 0 U 24
26 1 U 25
27 0 U 26
28 0 U 27
29 0 U 28
30 0 U 29
31 1 U 30
32 1 U -1
33 1 U 32
34 1 U 33
35 1 U 34
36 1 U 35
37 0 U 36
38 0 U 37
39 0 U 38
40 0 U -1
41 0 U 40
42 1 U 41
43 0 U 42
44 1 U 43
45 0 U 44
46 1 U 45
47 1 U 46
48 1 U -1
49 1 U 48
50 0 U 49
51 0 U 50
52 0 U 51
53 1 U 52
54 0 U 53
55 1 U 54
56 0 U -1
57 0 U 56
58 0 U 57
59 0 U 58
60 0 U 59
61 0 U 60
62 0 U 61
63 0 U 62
64 0 L 56
65 1 L 57
66 0 L 58
67 0 L 59
68 0 L 60
69 1 L 61
70 1 L 62
71 0 L 63
# score :59 1662937
# W : 954244 , H : 762851
72
0 1 U -1
1 0 U 0
2 0 U 1
3 0 U 2
4 1 U 3
5 0 U 4
6 0 U 5
7 1 U 6
8 1 U -1
9 1 U 8
10 1 U 9
11 0 U 10
12 1 U 11
13 1 U 12
14 0 U 13
15 1 U 14
16 0 U -1
17 1 U 16
18 1 U 17
19 1 U 18
20 0 U 19
21 1 U 20
22 1 U 21
23 1 U 22
24 0 U -1
25 1 U 24
26 1 U 25
27 1 U 26
28 0 U 27
29 0 U 28
30 0 U 29
31 0 U 30
32 1 U -1
33 1 U 32
34 0 U 33
35 0 U 34
36 0 U 35
37 0 U 36
38 0 U 37
39 0 U 38
40 0 U -1
41 0 U 40
42 0 U 41
43 0 U 42
44 1 U 43
45 1 U 44
46 0 U 45
47 0 U 46
48 0 U -1
49 1 U 48
50 0 U 49
51 1 U 50
52 1 U 51
53 1 U 52
54 1 U 53
55 0 U 54
56 0 U -1
57 0 U 56
58 0 U 57
59 0 U 58
60 0 U 59
61 0 U 60
62 0 U 61
63 0 U 62
64 0 L 48
65 0 L 49
66 1 L 50
67 1 L 51
68 1 L 52
69 0 L 53
70 1 L 54
71 1 L 55
# score :60 1669321
# W : 1009465 , H : 650974
72
0 0 U -1
1 1 U 0
2 0 U 1
3 0 U 2
4 0 U 3
5 1 U 4
6 1 U 5
7 0 U 6
8 1 U -1
9 1 U 8
10 0 U 9
11 1 U 10
12 0 U 11
13 0 U 12
14 0 U 13
15 1 U 14
16 1 U -1
17 0 U 16
18 0 U 17
19 1 U 18
20 0 U 19
21 0 U 20
22 1 U 21
23 0 U 22
24 1 U -1
25 1 U 24
26 1 U 25
27 1 U 26
28 1 U 27
29 1 U 28
30 0 U 29
31 0 U 30
32 1 U -1
33 0 U 32
34 0 U 33
35 1 U 34
36 0 U 35
37 0 U 36
38 1 U 37
39 0 U 38
40 0 U -1
41 1 U 40
42 1 U 41
43 0 U 42
44 0 U 43
45 0 U 44
46 0 U 45
47 1 U 46
48 1 U -1
49 0 U 48
50 1 U 49
51 0 U 50
52 0 U 51
53 1 U 52
54 0 U 53
55 1 U 54
56 1 U -1
57 1 U 56
58 1 U 57
59 0 U 58
60 1 U 59
61 1 U 60
62 0 U 61
63 1 U 62
64 0 L 48
65 1 L 49
66 1 L 50
67 0 L 51
68 0 L 52
69 0 L 53
70 1 L 54
71 1 L 55
# score :61 1698881
# W : 938178 , H : 655029
72
0 1 U -1
1 0 U 0
2 0 U 1
3 1 U 2
4 1 U 3
5 0 U 4
6 1 U 5
7 0 U 6
8 1 U -1
9 1 U 8
10 0 U 9
11 1 U 10
12 0 U 11
13 0 U 12
14 1 U 13
15 1 U 14
16 0 U -1
17 1 U 16
18 1 U 17
19 1 U 18
20 0 U 19
21 0 U 20
22 0 U 21
23 1 U 22
24 0 U -1
25 0 U 24
26 0 U 25
27 0 U 26
28 1 U 27
29 1 U 28
30 0 U 29
31 1 U 30
32 1 U -1
33 0 U 32
34 1 U 33
35 1 U 34
36 0 U 35
37 0 U 36
38 1 U 37
39 0 U 38
40 0 U -1
41 1 U 40
42 0 U 41
43 1 U 42
44 1 U 43
45 1 U 44
46 0 U 45
47 0 U 46
48 1 U -1
49 1 U 48
50 1 U 49
51 1 U 50
52 1 U 51
53 0 U 52
54 1 U 53
55 0 U 54
56 1 U -1
57 0 U 56
58 1 U 57
59 1 U 58
60 0 U 59
61 1 U 60
62 1 U 61
63 1 U 62
64 1 L 48
65 1 L 49
66 0 L 50
67 1 L 51
68 1 L 52
69 0 L 53
70 0 L 54
71 0 L 55
# score :62 1599913
# W : 946887 , H : 637877
72
0 1 U -1
1 1 U 0
2 1 U 1
3 0 U 2
4 1 U 3
5 0 U 4
6 0 U 5
7 0 U 6
8 0 U -1
9 1 U 8
10 1 U 9
11 0 U 10
12 1 U 11
13 1 U 12
14 1 U 13
15 0 U 14
16 0 U -1
17 0 U 16
18 1 U 17
19 0 U 18
20 1 U 19
21 1 U 20
22 1 U 21
23 1 U 22
24 1 U -1
25 0 U 24
26 0 U 25
27 0 U 26
28 0 U 27
29 0 U 28
30 1 U 29
31 0 U 30
32 1 U -1
33 1 U 32
34 0 U 33
35 0 U 34
36 0 U 35
37 1 U 36
38 1 U 37
39 1 U 38
40 1 U -1
41 1 U 40
42 1 U 41
43 0 U 42
44 1 U 43
45 1 U 44
46 0 U 45
47 1 U 46
48 0 U -1
49 0 U 48
50 0 U 49
51 1 U 50
52 1 U 51
53 1 U 52
54 0 U 53
55 1 U 54
56 0 U -1
57 0 U 56
58 0 U 57
59 1 U 58
60 0 U 59
61 1 U 60
62 0 U 61
63 0 U 62
64 0 L 48
65 1 L 49
66 1 L 50
67 0 L 51
68 1 L 52
69 0 L 53
70 1 L 54
71 1 L 55
# score :63 1635325
# W : 892785 , H : 642909
72
0 1 U -1
1 1 U 0
2 0 U 1
3 1 U 2
4 0 U 3
5 0 U 4
6 0 U 5
7 1 U 6
8 1 U -1
9 1 U 8
10 0 U 9
11 1 U 10
12 0 U 11
13 0 U 12
14 0 U 13
15 1 U 14
16 0 U -1
17 1 U 16
18 0 U 17
19 0 U 18
20 0 U 19
21 1 U 20
22 0 U 21
23 1 U 22
24 1 U -1
25 1 U 24
26 1 U 25
27 0 U 26
28 1 U 27
29 1 U 28
30 1 U 29
31 0 U 30
32 1 U -1
33 1 U 32
34 0 U 33
35 1 U 34
36 1 U 35
37 1 U 36
38 1 U 37
39 0 U 38
40 1 U -1
41 1 U 40
42 1 U 41
43 1 U 42
44 1 U 43
45 1 U 44
46 1 U 45
47 0 U 46
48 1 U -1
49 1 U 48
50 0 U 49
51 1 U 50
52 1 U 51
53 0 U 52
54 0 U 53
55 1 U 54
56 0 U -1
57 0 U 56
58 0 U 57
59 1 U 58
60 0 U 59
61 0 U 60
62 0 U 61
63 1 U 62
64 1 U -1
65 1 U 64
66 0 U 65
67 0 U 66
68 0 U 67
69 0 U 68
70 0 U 69
71 1 U 70
# score :64 1420001
# W : 582738 , H : 756175
72
0 0 U -1
1 0 U 0
2 1 U 1
3 1 U 2
4 1 U 3
5 0 U 4
6 1 U 5
7 0 U 6
8 1 U -1
9 1 U 8
10 0 U 9
11 1 U 10
12 0 U 11
13 0 U 12
14 0 U 13
15 1 U 14
16 0 U -1
17 0 U 16
18 0 U 17
19 1 U 18
20 0 U 19
21 0 U 20
22 1 U 21
23 1 U 22
24 0 U -1
25 0 U 24
26 1 U 25
27 1 U 26
28 0 U 27
29 0 U 28
30 1 U 29
31 0 U 30
32 1 U -1
33 0 U 32
34 0 U 33
35 0 U 34
36 1 U 35
37 1 U 36
38 0 U 37
39 1 U 38
40 0 U -1
41 1 U 40
42 1 U 41
43 1 U 42
44 0 U 43
45 0 U 44
46 0 U 45
47 1 U 46
48 1 U -1
49 1 U 48
50 1 U 49
51 1 U 50
52 1 U 51
53 1 U 52
54 1 U 53
55 1 U 54
56 0 U -1
57 1 U 56
58 1 U 57
59 1 U 58
60 1 U 59
61 1 U 60
62 0 U 61
63 1 U 62
64 0 U -1
65 1 U 64
66 1 U 65
67 0 U 66
68 0 U 67
69 0 U 68
70 0 U 69
71 0 U 70
# score :65 1365680
# W : 582267 , H : 725083
72
0 1 U -1
1 1 U 0
2 0 U 1
3 1 U 2
4 1 U 3
5 1 U 4
6 1 U 5
7 0 U 6
8 0 U -1
9 0 U 8
10 1 U 9
11 0 U 10
12 0 U 11
13 0 U 12
14 0 U 13
15 0 U 14
16 0 U -1
17 1 U 16
18 1 U 17
19 1 U 18
20 1 U 19
21 1 U 20
22 0 U 21
23 0 U 22
24 1 U -1
25 1 U 24
26 1 U 25
27 0 U 26
28 0 U 27
29 1 U 28
30 0 U 29
31 0 U 30
32 1 U -1
33 1 U 32
34 1 U 33
35 0 U 34
36 0 U 35
37 0 U 36
38 1 U 37
39 1 U 38
40 1 U -1
41 0 U 40
42 1 U 41
43 0 U 42
44 0 U 43
45 1 U 44
46 0 U 45
47 1 U 46
48 1 U -1
49 0 U 48
50 0 U 49
51 0 U 50
52 1 U 51
53 1 U 52
54 1 U 53
55 1 U 54
56 0 U -1
57 1 U 56
58 0 U 57
59 0 U 58
60 1 U 59
61 1 U 60
62 1 U 61
63 0 U 62
64 0 L 56
65 0 L 57
66 0 L 58
67 1 L 59
68 1 L 60
69 0 L 61
70 1 L 62
71 0 L 63
# score :66 1641992
# W : 941290 , H : 742439
72
0 0 U -1
1 1 U 0
2 0 U 1
3 1 U 2
4 0 U 3
5 0 U 4
6 1 U 5
7 1 U 6
8 1 U -1
9 1 U 8
10 1 U 9
11 1 U 10
12 0 U 11
13 0 U 12
14 1 U 13
15 0 U 14
16 1 U -1
17 1 U 16
18 1 U 17
19 1 U 18
20 1 U 19
21 0 U 20
22 0 U 21
23 0 U 22
24 1 U -1
25 0 U 24
26 0 U 25
27 0 U 26
28 0 U 27
29 0 U 28
30 1 U 29
31 1 U 30
32 0 U -1
33 0 U 32
34 1 U 33
35 0 U 34
36 1 U 35
37 0 U 36
38 0 U 37
39 1 U 38
40 0 U -1
41 0 U 40
42 1 U 41
43 1 U 42
44 1 U 43
45 1 U 44
46 0 U 45
47 0 U 46
48 0 U -1
49 1 U 48
50 0 U 49
51 0 U 50
52 0 U 51
53 0 U 52
54 1 U 53
55 1 U 54
56 1 U -1
57 1 U 56
58 1 U 57
59 1 U 58
60 0 U 59
61 0 U 60
62 0 U 61
63 0 U 62
64 0 L 56
65 1 L 57
66 0 L 58
67 0 L 59
68 0 L 60
69 0 L 61
70 0 L 62
71 0 L 63
# score :67 1483260
# W : 805792 , H : 684552
72
0 1 U -1
1 1 U 0
2 1 U 1
3 1 U 2
4 0 U 3
5 0 U 4
6 1 U 5
7 1 U 6
8 0 U -1
9 0 U 8
10 1 U 9
11 0 U 10
12 1 U 11
13 1 U 12
14 1 U 13
15 1 U 14
16 0 U -1
17 1 U 16
18 1 U 17
19 0 U 18
20 0 U 19
21 1 U 20
22 1 U 21
23 0 U 22
24 0 U -1
25 0 U 24
26 1 U 25
27 1 U 26
28 1 U 27
29 1 U 28
30 1 U 29
31 0 U 30
32 1 U -1
33 0 U 32
34 1 U 33
35 0 U 34
36 0 U 35
37 0 U 36
38 1 U 37
39 1 U 38
40 0 U -1
41 0 U 40
42 1 U 41
43 1 U 42
44 0 U 43
45 1 U 44
46 1 U 45
47 1 U 46
48 0 U -1
49 1 U 48
50 1 U 49
51 1 U 50
52 1 U 51
53 1 U 52
54 0 U 53
55 0 U 54
56 1 U -1
57 0 U 56
58 0 U 57
59 1 U 58
60 1 U 59
61 0 U 60
62 0 U 61
63 1 U 62
64 1 L 48
65 0 L 49
66 0 L 50
67 0 L 51
68 0 L 52
69 1 L 53
70 1 L 54
71 0 L 55
# score :68 1538395
# W : 831931 , H : 645079
72
0 0 U -1
1 1 U 0
2 1 U 1
3 0 U 2
4 1 U 3
5 0 U 4
6 1 U 5
7 1 U 6
8 1 U -1
9 0 U 8
10 1 U 9
11 1 U 10
12 1 U 11
13 0 U 12
14 1 U 13
15 1 U 14
16 0 U -1
17 1 U 16
18 1 U 17
19 1 U 18
20 0 U 19
21 0 U 20
22 1 U 21
23 1 U 22
24 0 U -1
25 1 U 24
26 1 U 25
27 1 U 26
28 1 U 27
29 0 U 28
30 1 U 29
31 0 U 30
32 0 U -1
33 0 U 32
34 1 U 33
35 0 U 34
36 0 U 35
37 1 U 36
38 1 U 37
39 1 U 38
40 0 U -1
41 0 U 40
42 1 U 41
43 1 U 42
44 0 U 43
45 1 U 44
46 0 U 45
47 0 U 46
48 0 U -1
49 0 U 48
50 1 U 49
51 1 U 50
52 0 U 51
53 0 U 52
54 1 U 53
55 0 U 54
56 1 U -1
57 1 U 56
58 1 U 57
59 0 U 58
60 0 U 59
61 0 U 60
62 0 U 61
63 0 U 62
64 0 L 48
65 0 L 49
66 0 L 50
67 1 L 51
68 1 L 52
69 0 L 53
70 0 L 54
71 1 L 55
# score :69 1650453
# W : 948090 , H : 615065
72
0 1 U -1
1 1 U 0
2 1 U 1
3 1 U 2
4 0 U 3
5 0 U 4
6 0 U 5
7 1 U 6
8 0 U -1
9 1 U 8
10 1 U 9
11 0 U 10
12 0 U 11
13 0 U 12
14 1 U 13
15 1 U 14
16 1 U -1
17 0 U 16
18 0 U 17
19 0 U 18
20 0 U 19
21 0 U 20
22 0 U 21
23 1 U 22
24 1 U -1
25 1 U 24
26 0 U 25
27 1 U 26
28 1 U 27
29 1 U 28
30 1 U 29
31 1 U 30
32 0 U -1
33 0 U 32
34 1 U 33
35 1 U 34
36 1 U 35
37 0 U 36
38 0 U 37
39 0 U 38
40 1 U -1
41 1 U 40
42 0 U 41
43 1 U 42
44 1 U 43
45 1 U 44
46 1 U 45
47 1 U 46
48 0 U -1
49 1 U 48
50 1 U 49
51 0 U 50
52 1 U 51
53 1 U 52
54 0 U 53
55 1 U 54
56 0 U -1
57 0 U 56
58 1 U 57
59 1 U 58
60 1 U 59
61 1 U 60
62 0 U 61
63 0 U 62
64 1 L 48
65 0 L 49
66 0 L 50
67 0 L 51
68 0 L 52
69 0 L 53
70 0 L 54
71 1 L 55
# score :70 1622313
# W : 968020 , H : 613202
72
0 1 U -1
1 0 U 0
2 1 U 1
3 0 U 2
4 1 U 3
5 1 U 4
6 0 U 5
7 0 U 6
8 0 U -1
9 1 U 8
10 1 U 9
11 1 U 10
12 1 U 11
13 0 U 12
14 1 U 13
15 0 U 14
16 0 U -1
17 1 U 16
18 1 U 17
19 0 U 18
20 0 U 19
21 0 U 20
22 1 U 21
23 1 U 22
24 1 U -1
25 1 U 24
26 1 U 25
27 0 U 26
28 0 U 27
29 1 U 28
30 1 U 29
31 0 U 30
32 0 U -1
33 0 U 32
34 0 U 33
35 0 U 34
36 0 U 35
37 0 U 36
38 1 U 37
39 0 U 38
40 1 U -1
41 1 U 40
42 0 U 41
43 1 U 42
44 0 U 43
45 1 U 44
46 0 U 45
47 1 U 46
48 1 U -1
49 1 U 48
50 1 U 49
51 1 U 50
52 1 U 51
53 1 U 52
54 0 U 53
55 1 U 54
56 0 U -1
57 0 U 56
58 1 U 57
59 1 U 58
60 0 U 59
61 0 U 60
62 1 U 61
63 0 U 62
64 1 L 48
65 0 L 49
66 0 L 50
67 1 L 51
68 1 L 52
69 0 L 53
70 1 L 54
71 0 L 55
# score :71 1641832
# W : 1007447 , H : 655169
72
0 0 U -1
1 0 U 0
2 0 U 1
3 0 U 2
4 1 U 3
5 0 U 4
6 1 U 5
7 1 U 6
8 0 U -1
9 0 U 8
10 1 U 9
11 1 U 10
12 1 U 11
13 0 U 12
14 1 U 13
15 0 U 14
16 0 U -1
17 1 U 16
18 1 U 17
19 1 U 18
20 1 U 19
21 1 U 20
22 0 U 21
23 1 U 22
24 0 U -1
25 0 U 24
26 0 U 25
27 1 U 26
28 0 U 27
29 1 U 28
30 0 U 29
31 1 U 30
32 0 U -1
33 1 U 32
34 0 U 33
35 1 U 34
36 1 U 35
37 0 U 36
38 1 U 37
39 0 U 38
40 0 U -1
41 0 U 40
42 1 U 41
43 0 U 42
44 1 U 43
45 1 U 44
46 1 U 45
47 0 U 46
48 1 U -1
49 1 U 48
50 0 U 49
51 1 U 50
52 0 U 51
53 1 U 52
54 0 U 53
55 0 U 54
56 1 U -1
57 1 U 56
58 0 U 57
59 1 U 58
60 1 U 59
61 1 U 60
62 1 U 61
63 0 U 62
64 0 U -1
65 0 U 64
66 1 U 65
67 0 U 66
68 0 U 67
69 0 U 68
70 1 U 69
71 1 U 70
# score :72 1423955
# W : 615656 , H : 728329
72
0 1 U -1
1 0 U 0
2 0 U 1
3 0 U 2
4 1 U 3
5 0 U 4
6 0 U 5
7 0 U 6
8 1 U -1
9 0 U 8
10 1 U 9
11 1 U 10
12 0 U 11
13 1 U 12
14 0 U 13
15 0 U 14
16 0 U -1
17 1 U 16
18 1 U 17
19 0 U 18
20 0 U 19
21 0 U 20
22 0 U 21
23 1 U 22
24 1 U -1
25 0 U 24
26 0 U 25
27 0 U 26
28 0 U 27
29 1 U 28
30 0 U 29
31 1 U 30
32 0 U -1
33 1 U 32
34 0 U 33
35 0 U 34
36 1 U 35
37 1 U 36
38 0 U 37
39 0 U 38
40 0 U -1
41 0 U 40
42 0 U 41
43 0 U 42
44 0 U 43
45 0 U 44
46 1 U 45
47 1 U 46
48 1 U -1
49 0 U 48
50 1 U 49
51 0 U 50
52 1 U 51
53 1 U 52
54 0 U 53
55 0 U 54
56 1 U -1
57 0 U 56
58 1 U 57
59 1 U 58
60 0 U 59
61 1 U 60
62 1 U 61
63 1 U 62
64 1 U -1
65 0 U 64
66 0 U 65
67 0 U 66
68 1 U 67
69 0 U 68
70 1 U 69
71 0 U 70
# score :73 1499646
# W : 648762 , H : 751822
72
0 0 U -1
1 0 U 0
2 0 U 1
3 1 U 2
4 0 U 3
5 1 U 4
6 1 U 5
7 0 U 6
8 0 U -1
9 1 U 8
10 0 U 9
11 0 U 10
12 1 U 11
13 1 U 12
14 0 U 13
15 0 U 14
16 1 U -1
17 0 U 16
18 1 U 17
19 0 U 18
20 0 U 19
21 0 U 20
22 1 U 21
23 1 U 22
24 0 U -1
25 1 U 24
26 1 U 25
27 1 U 26
28 1 U 27
29 1 U 28
30 1 U 29
31 0 U 30
32 1 U -1
33 0 U 32
34 0 U 33
35 0 U 34
36 0 U 35
37 0 U 36
38 1 U 37
39 1 U 38
40 0 U -1
41 0 U 40
42 1 U 41
43 1 U 42
44 0 U 43
45 0 U 44
46 0 U 45
47 1 U 46
48 1 U -1
49 1 U 48
50 0 U 49
51 1 U 50
52 1 U 51
53 1 U 52
54 1 U 53
55 1 U 54
56 0 U -1
57 0 U 56
58 0 U 57
59 1 U 58
60 0 U 59
61 1 U 60
62 1 U 61
63 1 U 62
64 0 L 56
65 0 L 57
66 1 L 58
67 0 L 59
68 1 L 60
69 0 L 61
70 1 L 62
71 1 L 63
# score :74 1744201
# W : 990711 , H : 734396
72
0 1 U -1
1 0 U 0
2 1 U 1
3 1 U 2
4 0 U 3
5 1 U 4
6 0 U 5
7 0 U 6
8 1 U -1
9 0 U 8
10 0 U 9
11 0 U 10
12 1 U 11
13 0 U 12
14 0 U 13
15 0 U 14
16 0 U -1
17 0 U 16
18 1 U 17
19 1 U 18
20 0 U 19
21 1 U 20
22 1 U 21
23 1 U 22
24 1 U -1
25 1 U 24
26 1 U 25
27 1 U 26
28 0 U 27
29 0 U 28
30 0 U 29
31 1 U 30
32 1 U -1
33 0 U 32
34 1 U 33
35 1 U 34
36 1 U 35
37 0 U 36
38 1 U 37
39 0 U 38
40 1 U -1
41 1 U 40
42 1 U 41
43 1 U 42
44 1 U 43
45 0 U 44
46 0 U 45
47 1 U 46
48 1 U -1
49 0 U 48
50 0 U 49
51 1 U 50
52 1 U 51
53 0 U 52
54 1 U 53
55 1 U 54
56 0 U -1
57 1 U 56
58 0 U 57
59 0 U 58
60 0 U 59
61 0 U 60
62 1 U 61
63 1 U 62
64 1 L 56
65 1 L 57
66 1 L 58
67 0 L 59
68 1 L 60
69 1 L 61
70 1 L 62
71 0 L 63
# score :75 1646579
# W : 918795 , H : 701330
72
0 1 U -1
1 0 U 0
2 0 U 1
3 0 U 2
4 1 U 3
5 0 U 4
6 0 U 5
7 0 U 6
8 1 U -1
9 1 U 8
10 0 U 9
11 0 U 10
12 0 U 11
13 1 U 12
14 1 U 13
15 0 U 14
16 0 U -1
17 0 U 16
18 1 U 17
19 1 U 18
20 1 U 19
21 0 U 20
22 1 U 21
23 1 U 22
24 1 U -1
25 1 U 24
26 1 U 25
27 1 U 26
28 0 U 27
29 1 U 28
30 0 U 29
31 0 U 30
32 0 U -1
33 1 U 32
34 1 U 33
35 0 U 34
36 1 U 35
37 1 U 36
38 1 U 37
39 1 U 38
40 1 U -1
41 1 U 40
42 1 U 41
43 0 U 42
44 0 U 43
45 0 U 44
46 1 U 45
47 1 U 46
48 0 U -1
49 0 U 48
50 0 U 49
51 1 U 50
52 1 U 51
53 1 U 52
54 1 U 53
55 0 U 54
56 1 U -1
57 0 U 56
58 0 U 57
59 1 U 58
60 0 U 59
61 0 U 60
62 0 U 61
63 0 U 62
64 1 L 48
65 0 L 49
66 1 L 50
67 0 L 51
68 0 L 52
69 1 L 53
70 1 L 54
71 1 L 55
# score :76 1645442
# W : 975424 , H : 636650
72
0 0 U -1
1 1 U 0
2 1 U 1
3 0 U 2
4 0 U 3
5 1 U 4
6 1 U 5
7 0 U 6
8 1 U -1
9 1 U 8
10 0 U 9
11 0 U 10
12 1 U 11
13 0 U 12
14 1 U 13
15 0 U 14
16 1 U -1
17 1 U 16
18 1 U 17
19 0 U 18
20 1 U 19
21 1 U 20
22 1 U 21
23 0 U 22
24 0 U -1
25 0 U 24
26 0 U 25
27 0 U 26
28 1 U 27
29 0 U 28
30 0 U 29
31 1 U 30
32 1 U -1
33 0 U 32
34 1 U 33
35 0 U 34
36 1 U 35
37 1 U 36
38 1 U 37
39 1 U 38
40 0 U -1
41 1 U 40
42 0 U 41
43 1 U 42
44 0 U 43
45 0 U 44
46 0 U 45
47 1 U 46
48 0 U -1
49 1 U 48
50 0 U 49
51 1 U 50
52 0 U 51
53 0 U 52
54 1 U 53
55 0 U 54
56 0 U -1
57 0 U 56
58 0 U 57
59 1 U 58
60 0 U 59
61 0 U 60
62 1 U 61
63 1 U 62
64 0 L 48
65 0 L 49
66 1 L 50
67 0 L 51
68 1 L 52
69 0 L 53
70 1 L 54
71 1 L 55
# score :77 1657775
# W : 971847 , H : 647646
