40
0 0 U -1
1 0 U 0
2 0 U 1
3 0 U 2
4 0 U 3
5 0 U 4
6 0 U -1
7 0 U 6
8 0 U 7
9 0 U 8
10 0 U 9
11 0 U 10
12 0 U -1
13 0 U 12
14 0 U 13
15 0 U 14
16 0 U 15
17 0 U 16
18 0 U -1
19 0 U 18
20 0 U 19
21 0 U 20
22 0 U 21
23 0 U 22
24 0 U -1
25 0 U 24
26 0 U 25
27 0 U 26
28 0 U 27
29 0 U 28
30 0 U -1
31 0 U 30
32 0 U 31
33 0 U 32
34 0 U 33
35 0 U 34
36 0 U -1
37 0 U 36
38 0 U 37
39 0 U 38
# score :0 878736
# W : 352294 , H : 515679
40
0 1 U -1
1 1 U 0
2 0 U 1
3 1 U 2
4 1 U 3
5 0 U 4
6 1 U -1
7 1 U 6
8 1 U 7
9 0 U 8
10 0 U 9
11 0 U 10
12 0 U -1
13 0 U 12
14 1 U 13
15 1 U 14
16 1 U 15
17 1 U 16
18 1 U -1
19 0 U 18
20 1 U 19
21 1 U 20
22 0 U 21
23 0 U 22
24 1 U -1
25 1 U 24
26 0 U 25
27 1 U 26
28 1 U 27
29 1 U 28
30 1 U -1
31 0 U 30
32 1 U 31
33 1 U 32
34 1 U 33
35 1 U 34
36 0 U -1
37 1 U 36
38 1 U 37
39 1 U 38
# score :1 886618
# W : 462716 , H : 378516
40
0 0 U -1
1 0 U 0
2 0 U 1
3 0 U 2
4 0 U 3
5 0 U 4
6 0 U -1
7 0 U 6
8 0 U 7
9 0 U 8
10 0 U 9
11 0 U 10
12 0 U -1
13 0 U 12
14 0 U 13
15 0 U 14
16 0 U 15
17 0 U 16
18 0 U -1
19 0 U 18
20 0 U 19
21 0 U 20
22 0 U 21
23 0 U 22
24 0 U -1
25 0 U 24
26 0 U 25
27 0 U 26
28 0 U 27
29 0 U 28
30 0 U -1
31 0 U 30
32 0 U 31
33 0 U 32
34 0 U 33
35 0 U 34
36 0 L 30
37 0 L 31
38 0 L 32
39 0 L 33
# score :2 933479
# W : 404424 , H : 523549
40
0 1 U -1
1 1 U 0
2 0 U 1
3 1 U 2
4 1 U 3
5 0 U 4
6 1 U -1
7 1 U 6
8 1 U 7
9 0 U 8
10 0 U 9
11 0 U 10
12 0 U -1
13 0 U 12
14 1 U 13
15 1 U 14
16 1 U 15
17 1 U 16
18 1 U -1
19 0 U 18
20 1 U 19
21 1 U 20
22 0 U 21
23 0 U 22
24 1 U -1
25 1 U 24
26 0 U 25
27 1 U 26
28 1 U 27
29 1 U 28
30 1 U -1
31 0 U 30
32 1 U 31
33 1 U 32
34 1 U 33
35 1 U 34
36 0 L 30
37 1 L 31
38 1 L 32
39 1 L 33
# score :3 1065441
# W : 662769 , H : 377477
40
0 0 U -1
1 0 U 0
2 0 U 1
3 0 U 2
4 0 U 3
5 0 U 4
6 0 U -1
7 0 U 6
8 0 U 7
9 0 U 8
10 0 U 9
11 0 U 10
12 0 U -1
13 0 U 12
14 0 U 13
15 0 U 14
16 0 U 15
17 0 U 16
18 0 U -1
19 0 U 18
20 0 U 19
21 0 U 20
22 0 U 21
23 0 U 22
24 0 U -1
25 0 U 24
26 0 U 25
27 0 U 26
28 0 U 27
29 0 U 28
30 0 U -1
31 0 U 30
32 0 U 31
33 0 U 32
34 0 U 33
35 0 U 34
36 0 L 24
37 0 L 25
38 0 L 26
39 0 L 27
# score :4 966849
# W : 496968 , H : 451182
40
0 1 U -1
1 1 U 0
2 0 U 1
3 1 U 2
4 1 U 3
5 0 U 4
6 1 U -1
7 1 U 6
8 1 U 7
9 0 U 8
10 0 U 9
11 0 U 10
12 0 U -1
13 0 U 12
14 1 U 13
15 1 U 14
16 1 U 15
17 1 U 16
18 1 U -1
19 0 U 18
20 1 U 19
21 1 U 20
22 0 U 21
23 0 U 22
24 1 U -1
25 1 U 24
26 0 U 25
27 1 U 26
28 1 U 27
29 1 U 28
30 1 U -1
31 0 U 30
32 1 U 31
33 1 U 32
34 1 U 33
35 1 U 34
36 0 L 24
37 1 L 25
38 1 L 26
39 1 L 27
# score :5 1097158
# W : 653146 , H : 329646
40
0 0 U -1
1 0 U 0
2 0 U 1
3 0 U 2
4 0 U 3
5 0 U 4
6 0 U -1
7 0 U 6
8 0 U 7
9 0 U 8
10 0 U 9
11 0 U 10
12 0 U -1
13 0 U 12
14 0 U 13
15 0 U 14
16 0 U 15
17 0 U 16
18 0 U -1
19 0 U 18
20 0 U 19
21 0 U 20
22 0 U 21
23 0 U 22
24 0 U -1
25 0 U 24
26 0 U 25
27 0 U 26
28 0 U 27
29 0 U 28
30 0 U -1
31 0 U 30
32 0 U 31
33 0 U 32
34 0 U 33
35 0 U 34
36 0 L 24
37 0 L 25
38 0 L 26
39 0 L 27
# score :6 966849
# W : 498749 , H : 451468
40
0 1 U -1
1 1 U 0
2 0 U 1
3 1 U 2
4 1 U 3
5 0 U 4
6 1 U -1
7 1 U 6
8 1 U 7
9 0 U 8
10 0 U 9
11 0 U 10
12 0 U -1
13 0 U 12
14 1 U 13
15 1 U 14
16 1 U 15
17 1 U 16
18 1 U -1
19 0 U 18
20 1 U 19
21 1 U 20
22 0 U 21
23 0 U 22
24 1 U -1
25 1 U 24
26 0 U 25
27 1 U 26
28 1 U 27
29 1 U 28
30 1 U -1
31 0 U 30
32 1 U 31
33 1 U 32
34 1 U 33
35 1 U 34
36 0 L 24
37 1 L 25
38 1 L 26
39 1 L 27
# score :7 1097158
# W : 650943 , H : 330800
40
0 1 U -1
1 1 U 0
2 1 U 1
3 1 U 2
4 1 U 3
5 1 U 4
6 0 U -1
7 1 U 6
8 0 U 7
9 1 U 8
10 1 U 9
11 0 U 10
12 0 U -1
13 0 U 12
14 0 U 13
15 0 U 14
16 0 U 15
17 1 U 16
18 0 U -1
19 1 U 18
20 0 U 19
21 0 U 20
22 1 U 21
23 0 U 22
24 0 U -1
25 0 U 24
26 0 U 25
27 1 U 26
28 1 U 27
29 0 U 28
30 1 U -1
31 1 U 30
32 0 U 31
33 0 U 32
34 1 U 33
35 1 U 34
36 0 U -1
37 1 U 36
38 1 U 37
39 1 U 38
# score :8 892571
# W : 351086 , H : 464186
40
0 1 U -1
1 1 U 0
2 1 U 1
3 1 U 2
4 0 U 3
5 1 U 4
6 1 U -1
7 1 U 6
8 1 U 7
9 1 U 8
10 1 U 9
11 0 U 10
12 1 U -1
13 1 U 12
14 1 U 13
15 1 U 14
16 0 U 15
17 0 U 16
18 1 U -1
19 1 U 18
20 0 U 19
21 1 U 20
22 1 U 21
23 1 U 22
24 0 U -1
25 1 U 24
26 1 U 25
27 0 U 26
28 0 U 27
29 1 U 28
30 0 U -1
31 1 U 30
32 0 U 31
33 1 U 32
34 1 U 33
35 0 U 34
36 0 U -1
37 1 U 36
38 0 U 37
39 0 U 38
# score :9 971763
# W : 397026 , H : 500241
40
0 1 U -1
1 1 U 0
2 0 U 1
3 0 U 2
4 0 U 3
5 0 U 4
6 1 U -1
7 0 U 6
8 1 U 7
9 1 U 8
10 1 U 9
11 1 U 10
12 0 U -1
13 1 U 12
14 1 U 13
15 1 U 14
16 0 U 15
17 1 U 16
18 1 U -1
19 0 U 18
20 1 U 19
21 0 U 20
22 0 U 21
23 1 U 22
24 0 U -1
25 0 U 24
26 0 U 25
27 0 U 26
28 0 U 27
29 1 U 28
30 0 U -1
31 0 U 30
32 1 U 31
33 1 U 32
34 0 U 33
35 1 U 34
36 0 L 30
37 0 L 31
38 1 L 32
39 0 L 33
# score :10 1002541
# W : 378931 , H : 513988
40
0 1 U -1
1 1 U 0
2 0 U 1
3 0 U 2
4 0 U 3
5 1 U 4
6 1 U -1
7 1 U 6
8 0 U 7
9 0 U 8
10 1 U 9
11 1 U 10
12 1 U -1
13 1 U 12
14 0 U 13
15 1 U 14
16 1 U 15
17 1 U 16
18 1 U -1
19 0 U 18
20 0 U 19
21 1 U 20
22 0 U 21
23 1 U 22
24 0 U -1
25 1 U 24
26 1 U 25
27 0 U 26
28 0 U 27
29 0 U 28
30 1 U -1
31 0 U 30
32 0 U 31
33 1 U 32
34 1 U 33
35 0 U 34
36 0 L 30
37 1 L 31
38 0 L 32
39 0 L 33
# score :11 1047841
# W : 566531 , H : 491053
40
0 0 U -1
1 0 U 0
2 1 U 1
3 0 U 2
4 1 U 3
5 1 U 4
6 1 U -1
7 1 U 6
8 0 U 7
9 0 U 8
10 1 U 9
11 1 U 10
12 0 U -1
13 1 U 12
14 0 U 13
15 0 U 14
16 1 U 15
17 0 U 16
18 1 U -1
19 0 U 18
20 1 U 19
21 1 U 20
22 1 U 21
23 0 U 22
24 1 U -1
25 1 U 24
26 0 U 25
27 1 U 26
28 1 U 27
29 1 U 28
30 1 U -1
31 1 U 30
32 1 U 31
33 0 U 32
34 0 U 33
35 0 U 34
36 0 L 24
37 1 L 25
38 0 L 26
39 1 L 27
# score :12 1105725
# W : 559561 , H : 449061
40
0 0 U -1
1 1 U 0
2 1 U 1
3 0 U 2
4 0 U 3
5 1 U 4
6 1 U -1
7 1 U 6
8 1 U 7
9 1 U 8
10 0 U 9
11 1 U 10
12 0 U -1
13 0 U 12
14 0 U 13
15 1 U 14
16 0 U 15
17 0 U 16
18 0 U -1
19 1 U 18
20 1 U 19
21 1 U 20
22 0 U 21
23 1 U 22
24 1 U -1
25 1 U 24
26 1 U 25
27 0 U 26
28 1 U 27
29 0 U 28
30 0 U -1
31 0 U 30
32 0 U 31
33 0 U 32
34 0 U 33
35 0 U 34
36 0 L 24
37 1 L 25
38 0 L 26
39 1 L 27
# score :13 1071400
# W : 642041 , H : 395139
40
0 1 U -1
1 0 U 0
2 1 U 1
3 1 U 2
4 1 U 3
5 1 U 4
6 0 U -1
7 0 U 6
8 1 U 7
9 0 U 8
10 0 U 9
11 0 U 10
12 1 U -1
13 0 U 12
14 1 U 13
15 1 U 14
16 0 U 15
17 1 U 16
18 0 U -1
19 1 U 18
20 1 U 19
21 0 U 20
22 0 U 21
23 0 U 22
24 1 U -1
25 1 U 24
26 1 U 25
27 1 U 26
28 0 U 27
29 0 U 28
30 0 U -1
31 0 U 30
32 1 U 31
33 1 U 32
34 1 U 33
35 0 U 34
36 1 L 24
37 0 L 25
38 1 L 26
39 0 L 27
# score :14 971446
# W : 548784 , H : 401844
40
0 0 U -1
1 0 U 0
2 0 U 1
3 1 U 2
4 1 U 3
5 1 U 4
6 0 U -1
7 0 U 6
8 0 U 7
9 0 U 8
10 0 U 9
11 0 U 10
12 0 U -1
13 1 U 12
14 0 U 13
15 0 U 14
16 0 U 15
17 0 U 16
18 0 U -1
19 1 U 18
20 0 U 19
21 0 U 20
22 0 U 21
23 0 U 22
24 0 U -1
25 1 U 24
26 1 U 25
27 1 U 26
28 0 U 27
29 1 U 28
30 0 U -1
31 0 U 30
32 0 U 31
33 1 U 32
34 1 U 33
35 1 U 34
36 1 L 24
37 0 L 25
38 1 L 26
39 1 L 27
# score :15 1060799
# W : 492687 , H : 465746
40
0 1 U -1
1 1 U 0
2 0 U 1
3 0 U 2
4 0 U 3
5 1 U 4
6 0 U -1
7 0 U 6
8 0 U 7
9 1 U 8
10 1 U 9
11 0 U 10
12 1 U -1
13 0 U 12
14 1 U 13
15 0 U 14
16 0 U 15
17 1 U 16
18 1 U -1
19 0 U 18
20 1 U 19
21 1 U 20
22 0 U 21
23 1 U 22
24 0 U -1
25 1 U 24
26 1 U 25
27 1 U 26
28 1 U 27
29 0 U 28
30 0 U -1
31 1 U 30
32 0 U 31
33 0 U 32
34 0 U 33
35 0 U 34
36 1 U -1
37 1 U 36
38 0 U 37
39 1 U 38
# score :16 896156
# W : 321756 , H : 548298
40
0 1 U -1
1 0 U 0
2 1 U 1
3 1 U 2
4 1 U 3
5 1 U 4
6 0 U -1
7 0 U 6
8 0 U 7
9 0 U 8
10 0 U 9
11 1 U 10
12 0 U -1
13 1 U 12
14 1 U 13
15 0 U 14
16 0 U 15
17 1 U 16
18 0 U -1
19 1 U 18
20 1 U 19
21 0 U 20
22 1 U 21
23 1 U 22
24 0 U -1
25 0 U 24
26 1 U 25
27 1 U 26
28 0 U 27
29 1 U 28
30 0 U -1
31 1 U 30
32 1 U 31
33 1 U 32
34 1 U 33
35 1 U 34
36 1 U -1
37 0 U 36
38 0 U 37
39 0 U 38
# score :17 936211
# W : 361691 , H : 552813
40
0 0 U -1
1 1 U 0
2 1 U 1
3 1 U 2
4 1 U 3
5 0 U 4
6 0 U -1
7 0 U 6
8 1 U 7
9 1 U 8
10 0 U 9
11 0 U 10
12 0 U -1
13 0 U 12
14 1 U 13
15 0 U 14
16 0 U 15
17 1 U 16
18 0 U -1
19 0 U 18
20 1 U 19
21 1 U 20
22 0 U 21
23 1 U 22
24 1 U -1
25 0 U 24
26 0 U 25
27 0 U 26
28 1 U 27
29 0 U 28
30 0 U -1
31 1 U 30
32 1 U 31
33 0 U 32
34 1 U 33
35 0 U 34
36 0 L 30
37 0 L 31
38 1 L 32
39 0 L 33
# score :18 888960
# W : 509674 , H : 506019
40
0 1 U -1
1 1 U 0
2 0 U 1
3 1 U 2
4 0 U 3
5 0 U 4
6 1 U -1
7 0 U 6
8 1 U 7
9 0 U 8
10 0 U 9
11 1 U 10
12 1 U -1
13 0 U 12
14 0 U 13
15 1 U 14
16 0 U 15
17 0 U 16
18 0 U -1
19 1 U 18
20 0 U 19
21 0 U 20
22 0 U 21
23 0 U 22
24 1 U -1
25 0 U 24
26 0 U 25
27 1 U 26
28 0 U 27
29 1 U 28
30 0 U -1
31 0 U 30
32 1 U 31
33 0 U 32
34 1 U 33
35 0 U 34
36 1 L 30
37 0 L 31
38 1 L 32
39 1 L 33
# score :19 1019449
# W : 484812 , H : 471865
40
0 0 U -1
1 1 U 0
2 0 U 1
3 0 U 2
4 0 U 3
5 0 U 4
6 1 U -1
7 0 U 6
8 0 U 7
9 0 U 8
10 0 U 9
11 1 U 10
12 1 U -1
13 1 U 12
14 1 U 13
15 0 U 14
16 1 U 15
17 0 U 16
18 0 U -1
19 0 U 18
20 1 U 19
21 1 U 20
22 1 U 21
23 1 U 22
24 0 U -1
25 1 U 24
26 1 U 25
27 0 U 26
28 1 U 27
29 1 U 28
30 0 U -1
31 1 U 30
32 1 U 31
33 0 U 32
34 0 U 33
35 1 U 34
36 0 L 24
37 0 L 25
38 0 L 26
39 0 L 27
# score :20 1041174
# W : 531369 , H : 475880
40
0 1 U -1
1 1 U 0
2 0 U 1
3 0 U 2
4 0 U 3
5 0 U 4
6 1 U -1
7 1 U 6
8 1 U 7
9 1 U 8
10 1 U 9
11 0 U 10
12 0 U -1
13 0 U 12
14 1 U 13
15 0 U 14
16 1 U 15
17 1 U 16
18 1 U -1
19 1 U 18
20 1 U 19
21 0 U 20
22 0 U 21
23 1 U 22
24 0 U -1
25 1 U 24
26 1 U 25
27 1 U 26
28 0 U 27
29 0 U 28
30 0 U -1
31 1 U 30
32 0 U 31
33 1 U 32
34 1 U 33
35 1 U 34
36 0 L 24
37 0 L 25
38 1 L 26
39 0 L 27
# score :21 977020
# W : 597861 , H : 409894
40
0 0 U -1
1 0 U 0
2 1 U 1
3 1 U 2
4 0 U 3
5 1 U 4
6 0 U -1
7 1 U 6
8 0 U 7
9 1 U 8
10 0 U 9
11 0 U 10
12 1 U -1
13 0 U 12
14 0 U 13
15 0 U 14
16 0 U 15
17 0 U 16
18 1 U -1
19 0 U 18
20 0 U 19
21 0 U 20
22 0 U 21
23 0 U 22
24 0 U -1
25 1 U 24
26 0 U 25
27 0 U 26
28 0 U 27
29 0 U 28
30 0 U -1
31 1 U 30
32 1 U 31
33 1 U 32
34 0 U 33
35 1 U 34
36 1 L 24
37 0 L 25
38 0 L 26
39 0 L 27
# score :22 978672
# W : 583764 , H : 460462
40
0 1 U -1
1 0 U 0
2 1 U 1
3 0 U 2
4 1 U 3
5 1 U 4
6 0 U -1
7 1 U 6
8 1 U 7
9 0 U 8
10 0 U 9
11 1 U 10
12 0 U -1
13 1 U 12
14 1 U 13
15 0 U 14
16 1 U 15
17 1 U 16
18 1 U -1
19 1 U 18
20 0 U 19
21 0 U 20
22 1 U 21
23 1 U 22
24 1 U -1
25 0 U 24
26 0 U 25
27 1 U 26
28 1 U 27
29 0 U 28
30 1 U -1
31 0 U 30
32 0 U 31
33 1 U 32
34 0 U 33
35 1 U 34
36 0 L 24
37 0 L 25
38 1 L 26
39 1 L 27
# score :23 999425
# W : 483172 , H : 435960
40
0 1 U -1
1 1 U 0
2 1 U 1
3 0 U 2
4 1 U 3
5 0 U 4
6 0 U -1
7 1 U 6
8 0 U 7
9 0 U 8
10 1 U 9
11 0 U 10
12 1 U -1
13 1 U 12
14 1 U 13
15 0 U 14
16 0 U 15
17 1 U 16
18 0 U -1
19 0 U 18
20 1 U 19
21 1 U 20
22 0 U 21
23 1 U 22
24 1 U -1
25 1 U 24
26 0 U 25
27 1 U 26
28 0 U 27
29 1 U 28
30 0 U -1
31 0 U 30
32 0 U 31
33 1 U 32
34 1 U 33
35 1 U 34
36 0 U -1
37 0 U 36
38 0 U 37
39 1 U 38
# score :24 873614
# W : 373310 , H : 473386
40
0 0 U -1
1 0 U 0
2 1 U 1
3 0 U 2
4 1 U 3
5 0 U 4
6 1 U -1
7 0 U 6
8 0 U 7
9 0 U 8
10 1 U 9
11 0 U 10
12 0 U -1
13 0 U 12
14 0 U 13
15 1 U 14
16 1 U 15
17 1 U 16
18 1 U -1
19 1 U 18
20 1 U 19
21 1 U 20
22 1 U 21
23 0 U 22
24 1 U -1
25 1 U 24
26 1 U 25
27 1 U 26
28 1 U 27
29 0 U 28
30 1 U -1
31 0 U 30
32 1 U 31
33 0 U 32
34 0 U 33
35 0 U 34
36 0 U -1
37 0 U 36
38 1 U 37
39 1 U 38
# score :25 911297
# W : 392010 , H : 488264
