30
0 0 U -1
1 0 U 0
2 0 U 1
3 0 U 2
4 0 U 3
5 0 U -1
6 0 U 5
7 0 U 6
8 0 U 7
9 0 U 8
10 0 U -1
11 0 U 10
12 0 U 11
13 0 U 12
14 0 U 13
15 0 U -1
16 0 U 15
17 0 U 16
18 0 U 17
19 0 U 18
20 0 U -1
21 0 U 20
22 0 U 21
23 0 U 22
24 0 U 23
25 0 U -1
26 0 U 25
27 0 U 26
28 0 U 27
29 0 U 28
# score :0 945654
# W : 439616 , H : 498706
30
0 1 U -1
1 0 U 0
2 1 U 1
3 1 U 2
4 0 U 3
5 1 U -1
6 1 U 5
7 1 U 6
8 1 U 7
9 1 U 8
10 1 U -1
11 0 U 10
12 0 U 11
13 0 U 12
14 1 U 13
15 0 U -1
16 0 U 15
17 1 U 16
18 1 U 17
19 0 U 18
20 0 U -1
21 1 U 20
22 1 U 21
23 0 U 22
24 0 U 23
25 0 U -1
26 1 U 25
27 1 U 26
28 0 U 27
29 0 U 28
# score :1 909997
# W : 447087 , H : 420994
30
0 0 U -1
1 0 U 0
2 0 U 1
3 0 U 2
4 0 U 3
5 0 U -1
6 0 U 5
7 0 U 6
8 0 U 7
9 0 U 8
10 0 U -1
11 0 U 10
12 0 U 11
13 0 U 12
14 0 U 13
15 0 U -1
16 0 U 15
17 0 U 16
18 0 U 17
19 0 U 18
20 0 U -1
21 0 U 20
22 0 U 21
23 0 U 22
24 0 U 23
25 0 L 20
26 0 L 21
27 0 L 22
28 0 L 23
29 0 L 24
# score :2 1120125
# W : 636189 , H : 473161
30
0 1 U -1
1 0 U 0
2 1 U 1
3 1 U 2
4 0 U 3
5 1 U -1
6 1 U 5
7 1 U 6
8 1 U 7
9 1 U 8
10 1 U -1
11 0 U 10
12 0 U 11
13 0 U 12
14 1 U 13
15 0 U -1
16 0 U 15
17 1 U 16
18 1 U 17
19 0 U 18
20 0 U -1
21 1 U 20
22 1 U 21
23 0 U 22
24 0 U 23
25 0 L 20
26 1 L 21
27 1 L 22
28 0 L 23
29 0 L 24
# score :3 1012568
# W : 644275 , H : 411692
30
0 0 U -1
1 0 U 0
2 0 U 1
3 0 U 2
4 0 U 3
5 0 U -1
6 0 U 5
7 0 U 6
8 0 U 7
9 0 U 8
10 0 U -1
11 0 U 10
12 0 U 11
13 0 U 12
14 0 U 13
15 0 U -1
16 0 U 15
17 0 U 16
18 0 U 17
19 0 U 18
20 0 U -1
21 0 U 20
22 0 U 21
23 0 U 22
24 0 U 23
25 0 L 15
26 0 L 16
27 0 L 17
28 0 L 18
29 0 L 19
# score :4 1217684
# W : 702181 , H : 424204
30
0 1 U -1
1 0 U 0
2 1 U 1
3 1 U 2
4 0 U 3
5 1 U -1
6 1 U 5
7 1 U 6
8 1 U 7
9 1 U 8
10 1 U -1
11 0 U 10
12 0 U 11
13 0 U 12
14 1 U 13
15 0 U -1
16 0 U 15
17 1 U 16
18 1 U 17
19 0 U 18
20 0 U -1
21 1 U 20
22 1 U 21
23 0 U 22
24 0 U 23
25 0 L 15
26 1 L 16
27 1 L 17
28 0 L 18
29 0 L 19
# score :5 1117724
# W : 808752 , H : 340502
30
0 0 U -1
1 0 U 0
2 0 U 1
3 0 U 2
4 0 U 3
5 0 U -1
6 0 U 5
7 0 U 6
8 0 U 7
9 0 U 8
10 0 U -1
11 0 U 10
12 0 U 11
13 0 U 12
14 0 U 13
15 0 U -1
16 0 U 15
17 0 U 16
18 0 U 17
19 0 U 18
20 0 U -1
21 0 U 20
22 0 U 21
23 0 U 22
24 0 U 23
25 0 L 15
26 0 L 16
27 0 L 17
28 0 L 18
29 0 L 19
# score :6 1217684
# W : 702655 , H : 423890
30
0 1 U -1
1 0 U 0
2 1 U 1
3 1 U 2
4 0 U 3
5 1 U -1
6 1 U 5
7 1 U 6
8 1 U 7
9 1 U 8
10 1 U -1
11 0 U 10
12 0 U 11
13 0 U 12
14 1 U 13
15 0 U -1
16 0 U 15
17 1 U 16
18 1 U 17
19 0 U 18
20 0 U -1
21 1 U 20
22 1 U 21
23 0 U 22
24 0 U 23
25 0 L 15
26 1 L 16
27 1 L 17
28 0 L 18
29 0 L 19
# score :7 1117724
# W : 806992 , H : 340150
30
0 0 U -1
1 1 U 0
2 1 U 1
3 0 U 2
4 1 U 3
5 1 U -1
6 1 U 5
7 1 U 6
8 1 U 7
9 1 U 8
10 0 U -1
11 1 U 10
12 1 U 11
13 0 U 12
14 0 U 13
15 1 U -1
16 1 U 15
17 1 U 16
18 1 U 17
19 1 U 18
20 1 U -1
21 1 U 20
22 1 U 21
23 1 U 22
24 1 U 23
25 1 U -1
26 1 U 25
27 0 U 26
28 0 U 27
29 0 U 28
# score :8 999025
# W : 447591 , H : 499365
30
0 0 U -1
1 0 U 0
2 1 U 1
3 1 U 2
4 0 U 3
5 0 U -1
6 1 U 5
7 1 U 6
8 1 U 7
9 0 U 8
10 1 U -1
11 0 U 10
12 1 U 11
13 1 U 12
14 1 U 13
15 1 U -1
16 1 U 15
17 1 U 16
18 0 U 17
19 0 U 18
20 0 U -1
21 1 U 20
22 0 U 21
23 1 U 22
24 1 U 23
25 1 U -1
26 0 U 25
27 1 U 26
28 0 U 27
29 0 U 28
# score :9 929149
# W : 423908 , H : 446693
30
0 0 U -1
1 1 U 0
2 0 U 1
3 0 U 2
4 0 U 3
5 0 U -1
6 0 U 5
7 1 U 6
8 0 U 7
9 1 U 8
10 0 U -1
11 0 U 10
12 1 U 11
13 0 U 12
14 0 U 13
15 1 U -1
16 1 U 15
17 1 U 16
18 0 U 17
19 1 U 18
20 0 U -1
21 0 U 20
22 0 U 21
23 0 U 22
24 0 U 23
25 1 L 20
26 0 L 21
27 1 L 22
28 0 L 23
29 1 L 24
# score :10 1023190
# W : 454866 , H : 497088
30
0 0 U -1
1 0 U 0
2 1 U 1
3 1 U 2
4 0 U 3
5 0 U -1
6 1 U 5
7 0 U 6
8 1 U 7
9 0 U 8
10 0 U -1
11 0 U 10
12 0 U 11
13 1 U 12
14 0 U 13
15 0 U -1
16 1 U 15
17 0 U 16
18 0 U 17
19 1 U 18
20 1 U -1
21 0 U 20
22 1 U 21
23 0 U 22
24 1 U 23
25 1 L 20
26 1 L 21
27 0 L 22
28 1 L 23
29 1 L 24
# score :11 1074054
# W : 654606 , H : 457978
30
0 0 U -1
1 1 U 0
2 1 U 1
3 1 U 2
4 0 U 3
5 1 U -1
6 0 U 5
7 1 U 6
8 0 U 7
9 0 U 8
10 1 U -1
11 0 U 10
12 0 U 11
13 0 U 12
14 1 U 13
15 1 U -1
16 1 U 15
17 0 U 16
18 1 U 17
19 1 U 18
20 0 U -1
21 0 U 20
22 0 U 21
23 0 U 22
24 0 U 23
25 0 L 15
26 1 L 16
27 1 L 17
28 0 L 18
29 0 L 19
# score :12 1201321
# W : 790654 , H : 401515
30
0 1 U -1
1 1 U 0
2 1 U 1
3 1 U 2
4 1 U 3
5 0 U -1
6 1 U 5
7 1 U 6
8 1 U 7
9 1 U 8
10 0 U -1
11 1 U 10
12 0 U 11
13 0 U 12
14 0 U 13
15 0 U -1
16 0 U 15
17 0 U 16
18 1 U 17
19 1 U 18
20 0 U -1
21 1 U 20
22 0 U 21
23 1 U 22
24 0 U 23
25 1 L 15
26 1 L 16
27 0 L 17
28 1 L 18
29 1 L 19
# score :13 1105224
# W : 637644 , H : 408505
30
0 1 U -1
1 0 U 0
2 1 U 1
3 1 U 2
4 0 U 3
5 0 U -1
6 0 U 5
7 1 U 6
8 0 U 7
9 0 U 8
10 1 U -1
11 0 U 10
12 1 U 11
13 1 U 12
14 0 U 13
15 1 U -1
16 1 U 15
17 0 U 16
18 0 U 17
19 1 U 18
20 0 U -1
21 0 U 20
22 0 U 21
23 1 U 22
24 0 U 23
25 0 L 15
26 0 L 16
27 1 L 17
28 1 L 18
29 0 L 19
# score :14 1111549
# W : 693759 , H : 399630
30
0 0 U -1
1 1 U 0
2 0 U 1
3 0 U 2
4 0 U 3
5 0 U -1
6 0 U 5
7 1 U 6
8 0 U 7
9 1 U 8
10 0 U -1
11 0 U 10
12 0 U 11
13 0 U 12
14 1 U 13
15 0 U -1
16 0 U 15
17 1 U 16
18 1 U 17
19 0 U 18
20 1 U -1
21 1 U 20
22 0 U 21
23 0 U 22
24 0 U 23
25 0 L 15
26 0 L 16
27 1 L 17
28 1 L 18
29 0 L 19
# score :15 1125285
# W : 623867 , H : 403711
30
0 1 U -1
1 0 U 0
2 1 U 1
3 0 U 2
4 0 U 3
5 1 U -1
6 1 U 5
7 0 U 6
8 0 U 7
9 0 U 8
10 1 U -1
11 0 U 10
12 0 U 11
13 1 U 12
14 1 U 13
15 1 U -1
16 1 U 15
17 1 U 16
18 0 U 17
19 0 U 18
20 0 U -1
21 0 U 20
22 0 U 21
23 0 U 22
24 1 U 23
25 1 U -1
26 1 U 25
27 0 U 26
28 1 U 27
29 1 U 28
# score :16 894321
# W : 378964 , H : 454363
30
0 1 U -1
1 1 U 0
2 1 U 1
3 1 U 2
4 0 U 3
5 1 U -1
6 0 U 5
7 1 U 6
8 1 U 7
9 1 U 8
10 1 U -1
11 0 U 10
12 1 U 11
13 0 U 12
14 1 U 13
15 1 U -1
16 1 U 15
17 0 U 16
18 0 U 17
19 0 U 18
20 1 U -1
21 0 U 20
22 1 U 21
23 0 U 22
24 0 U 23
25 1 U -1
26 0 U 25
27 0 U 26
28 1 U 27
29 0 U 28
# score :17 926936
# W : 406978 , H : 511196
30
0 0 U -1
1 1 U 0
2 1 U 1
3 1 U 2
4 0 U 3
5 0 U -1
6 0 U 5
7 1 U 6
8 0 U 7
9 0 U 8
10 1 U -1
11 0 U 10
12 1 U 11
13 0 U 12
14 1 U 13
15 0 U -1
16 1 U 15
17 1 U 16
18 1 U 17
19 0 U 18
20 0 U -1
21 1 U 20
22 1 U 21
23 1 U 22
24 0 U 23
25 1 L 20
26 0 L 21
27 1 L 22
28 0 L 23
29 0 L 24
# score :18 1038248
# W : 614488 , H : 484566
30
0 1 U -1
1 0 U 0
2 0 U 1
3 0 U 2
4 1 U 3
5 0 U -1
6 1 U 5
7 0 U 6
8 0 U 7
9 0 U 8
10 1 U -1
11 0 U 10
12 1 U 11
13 0 U 12
14 0 U 13
15 1 U -1
16 0 U 15
17 1 U 16
18 1 U 17
19 1 U 18
20 1 U -1
21 0 U 20
22 1 U 21
23 0 U 22
24 0 U 23
25 1 L 20
26 1 L 21
27 1 L 22
28 1 L 23
29 1 L 24
# score :19 1020452
# W : 657665 , H : 463600
30
0 0 U -1
1 1 U 0
2 1 U 1
3 1 U 2
4 0 U 3
5 1 U -1
6 1 U 5
7 1 U 6
8 1 U 7
9 0 U 8
10 1 U -1
11 1 U 10
12 1 U 11
13 0 U 12
14 0 U 13
15 1 U -1
16 1 U 15
17 0 U 16
18 0 U 17
19 0 U 18
20 1 U -1
21 0 U 20
22 1 U 21
23 1 U 22
24 0 U 23
25 1 L 15
26 0 L 16
27 1 L 17
28 0 L 18
29 1 L 19
# score :20 1105613
# W : 658802 , H : 404769
30
0 1 U -1
1 0 U 0
2 1 U 1
3 1 U 2
4 0 U 3
5 1 U -1
6 0 U 5
7 0 U 6
8 1 U 7
9 1 U 8
10 1 U -1
11 1 U 10
12 1 U 11
13 1 U 12
14 1 U 13
15 1 U -1
16 1 U 15
17 1 U 16
18 0 U 17
19 0 U 18
20 0 U -1
21 1 U 20
22 1 U 21
23 1 U 22
24 0 U 23
25 1 L 15
26 1 L 16
27 1 L 17
28 1 L 18
29 1 L 19
# score :21 1127445
# W : 602714 , H : 451313
30
0 0 U -1
1 1 U 0
2 1 U 1
3 0 U 2
4 1 U 3
5 0 U -1
6 1 U 5
7 1 U 6
8 0 U 7
9 1 U 8
10 0 U -1
11 1 U 10
12 0 U 11
13 0 U 12
14 0 U 13
15 0 U -1
16 0 U 15
17 1 U 16
18 1 U 17
19 1 U 18
20 0 U -1
21 0 U 20
22 1 U 21
23 1 U 22
24 0 U 23
25 1 L 15
26 1 L 16
27 0 L 17
28 1 L 18
29 1 L 19
# score :22 1104487
# W : 598385 , H : 396915
30
0 0 U -1
1 0 U 0
2 0 U 1
3 0 U 2
4 1 U 3
5 1 U -1
6 0 U 5
7 1 U 6
8 0 U 7
9 1 U 8
10 1 U -1
11 0 U 10
12 0 U 11
13 0 U 12
14 0 U 13
15 0 U -1
16 0 U 15
17 0 U 16
18 0 U 17
19 0 U 18
20 0 U -1
21 1 U 20
22 0 U 21
23 1 U 22
24 1 U 23
25 1 L 15
26 0 L 16
27 1 L 17
28 1 L 18
29 1 L 19
# score :23 1136135
# W : 713857 , H : 412009
30
0 0 U -1
1 1 U 0
2 0 U 1
3 1 U 2
4 0 U 3
5 0 U -1
6 0 U 5
7 0 U 6
8 0 U 7
9 0 U 8
10 1 U -1
11 0 U 10
12 0 U 11
13 1 U 12
14 0 U 13
15 0 U -1
16 1 U 15
17 0 U 16
18 1 U 17
19 0 U 18
20 1 U -1
21 0 U 20
22 0 U 21
23 1 U 22
24 0 U 23
25 0 U -1
26 1 U 25
27 0 U 26
28 1 U 27
29 1 U 28
# score :24 892427
# W : 397946 , H : 491922
30
0 0 U -1
1 0 U 0
2 1 U 1
3 0 U 2
4 0 U 3
5 0 U -1
6 0 U 5
7 0 U 6
8 0 U 7
9 0 U 8
10 1 U -1
11 0 U 10
12 0 U 11
13 0 U 12
14 1 U 13
15 1 U -1
16 0 U 15
17 1 U 16
18 0 U 17
19 0 U 18
20 0 U -1
21 1 U 20
22 0 U 21
23 1 U 22
24 1 U 23
25 1 U -1
26 0 U 25
27 1 U 26
28 1 U 27
29 1 U 28
# score :25 885912
# W : 388986 , H : 492480
30
0 0 U -1
1 0 U 0
2 0 U 1
3 0 U 2
4 0 U 3
5 1 U -1
6 1 U 5
7 0 U 6
8 1 U 7
9 0 U 8
10 0 U -1
11 0 U 10
12 1 U 11
13 1 U 12
14 0 U 13
15 1 U -1
16 1 U 15
17 0 U 16
18 0 U 17
19 1 U 18
20 1 U -1
21 1 U 20
22 0 U 21
23 0 U 22
24 0 U 23
25 0 L 20
26 0 L 21
27 0 L 22
28 0 L 23
29 0 L 24
# score :26 1115459
# W : 631844 , H : 450845
30
0 1 U -1
1 1 U 0
2 1 U 1
3 0 U 2
4 0 U 3
5 1 U -1
6 1 U 5
7 0 U 6
8 0 U 7
9 0 U 8
10 0 U -1
11 1 U 10
12 0 U 11
13 0 U 12
14 1 U 13
15 0 U -1
16 0 U 15
17 1 U 16
18 0 U 17
19 1 U 18
20 1 U -1
21 0 U 20
22 1 U 21
23 1 U 22
24 1 U 23
25 1 L 20
26 1 L 21
27 0 L 22
28 0 L 23
29 1 L 24
# score :27 1077609
# W : 538799 , H : 486399
