60
0 0 U -1
1 0 U 0
2 0 U 1
3 0 U 2
4 0 U 3
5 0 U 4
6 0 U 5
7 0 U -1
8 0 U 7
9 0 U 8
10 0 U 9
11 0 U 10
12 0 U 11
13 0 U 12
14 0 U -1
15 0 U 14
16 0 U 15
17 0 U 16
18 0 U 17
19 0 U 18
20 0 U 19
21 0 U -1
22 0 U 21
23 0 U 22
24 0 U 23
25 0 U 24
26 0 U 25
27 0 U 26
28 0 U -1
29 0 U 28
30 0 U 29
31 0 U 30
32 0 U 31
33 0 U 32
34 0 U 33
35 0 U -1
36 0 U 35
37 0 U 36
38 0 U 37
39 0 U 38
40 0 U 39
41 0 U 40
42 0 U -1
43 0 U 42
44 0 U 43
45 0 U 44
46 0 U 45
47 0 U 46
48 0 U 47
49 0 U -1
50 0 U 49
51 0 U 50
52 0 U 51
53 0 U 52
54 0 U 53
55 0 U 54
56 0 U -1
57 0 U 56
58 0 U 57
59 0 U 58
# score :0 1158477
# W : 464571 , H : 648949
60
0 0 U -1
1 1 U 0
2 0 U 1
3 1 U 2
4 1 U 3
5 0 U 4
6 1 U 5
7 1 U -1
8 1 U 7
9 1 U 8
10 1 U 9
11 1 U 10
12 1 U 11
13 0 U 12
14 1 U -1
15 1 U 14
16 1 U 15
17 1 U 16
18 0 U 17
19 0 U 18
20 1 U 19
21 1 U -1
22 0 U 21
23 0 U 22
24 1 U 23
25 0 U 24
26 0 U 25
27 0 U 26
28 1 U -1
29 0 U 28
30 1 U 29
31 0 U 30
32 1 U 31
33 1 U 32
34 0 U 33
35 0 U -1
36 0 U 35
37 1 U 36
38 0 U 37
39 1 U 38
40 0 U 39
41 1 U 40
42 1 U -1
43 1 U 42
44 1 U 43
45 0 U 44
46 1 U 45
47 1 U 46
48 0 U 47
49 0 U -1
50 0 U 49
51 0 U 50
52 1 U 51
53 1 U 52
54 0 U 53
55 1 U 54
56 0 U -1
57 0 U 56
58 0 U 57
59 1 U 58
# score :1 1181277
# W : 608047 , H : 511946
60
0 0 U -1
1 0 U 0
2 0 U 1
3 0 U 2
4 0 U 3
5 0 U 4
6 0 U 5
7 0 U -1
8 0 U 7
9 0 U 8
10 0 U 9
11 0 U 10
12 0 U 11
13 0 U 12
14 0 U -1
15 0 U 14
16 0 U 15
17 0 U 16
18 0 U 17
19 0 U 18
20 0 U 19
21 0 U -1
22 0 U 21
23 0 U 22
24 0 U 23
25 0 U 24
26 0 U 25
27 0 U 26
28 0 U -1
29 0 U 28
30 0 U 29
31 0 U 30
32 0 U 31
33 0 U 32
34 0 U 33
35 0 U -1
36 0 U 35
37 0 U 36
38 0 U 37
39 0 U 38
40 0 U 39
41 0 U 40
42 0 U -1
43 0 U 42
44 0 U 43
45 0 U 44
46 0 U 45
47 0 U 46
48 0 U 47
49 0 L 42
50 0 L 43
51 0 L 44
52 0 L 45
53 0 L 46
54 0 L 47
55 0 L 48
56 0 U -1
57 0 U 56
58 0 U 57
59 0 U 58
# score :2 1241439
# W : 861352 , H : 606105
60
0 0 U -1
1 1 U 0
2 0 U 1
3 1 U 2
4 1 U 3
5 0 U 4
6 1 U 5
7 1 U -1
8 1 U 7
9 1 U 8
10 1 U 9
11 1 U 10
12 1 U 11
13 0 U 12
14 1 U -1
15 1 U 14
16 1 U 15
17 1 U 16
18 0 U 17
19 0 U 18
20 1 U 19
21 1 U -1
22 0 U 21
23 0 U 22
24 1 U 23
25 0 U 24
26 0 U 25
27 0 U 26
28 1 U -1
29 0 U 28
30 1 U 29
31 0 U 30
32 1 U 31
33 1 U 32
34 0 U 33
35 0 U -1
36 0 U 35
37 1 U 36
38 0 U 37
39 1 U 38
40 0 U 39
41 1 U 40
42 1 U -1
43 1 U 42
44 1 U 43
45 0 U 44
46 1 U 45
47 1 U 46
48 0 U 47
49 0 L 42
50 0 L 43
51 0 L 44
52 1 L 45
53 1 L 46
54 0 L 47
55 1 L 48
56 0 U -1
57 0 U 56
58 0 U 57
59 1 U 58
# score :3 1307637
# W : 959993 , H : 459431
60
0 0 U -1
1 0 U 0
2 0 U 1
3 0 U 2
4 0 U 3
5 0 U 4
6 0 U 5
7 0 U -1
8 0 U 7
9 0 U 8
10 0 U 9
11 0 U 10
12 0 U 11
13 0 U 12
14 0 U -1
15 0 U 14
16 0 U 15
17 0 U 16
18 0 U 17
19 0 U 18
20 0 U 19
21 0 U -1
22 0 U 21
23 0 U 22
24 0 U 23
25 0 U 24
26 0 U 25
27 0 U 26
28 0 U -1
29 0 U 28
30 0 U 29
31 0 U 30
32 0 U 31
33 0 U 32
34 0 U 33
35 0 U -1
36 0 U 35
37 0 U 36
38 0 U 37
39 0 U 38
40 0 U 39
41 0 U 40
42 0 U -1
43 0 U 42
44 0 U 43
45 0 U 44
46 0 U 45
47 0 U 46
48 0 U 47
49 0 L 35
50 0 L 36
51 0 L 37
52 0 L 38
53 0 L 39
54 0 L 40
55 0 L 41
56 0 U -1
57 0 U 56
58 0 U 57
59 0 U 58
# score :4 1460104
# W : 742492 , H : 585317
60
0 0 U -1
1 1 U 0
2 0 U 1
3 1 U 2
4 1 U 3
5 0 U 4
6 1 U 5
7 1 U -1
8 1 U 7
9 1 U 8
10 1 U 9
11 1 U 10
12 1 U 11
13 0 U 12
14 1 U -1
15 1 U 14
16 1 U 15
17 1 U 16
18 0 U 17
19 0 U 18
20 1 U 19
21 1 U -1
22 0 U 21
23 0 U 22
24 1 U 23
25 0 U 24
26 0 U 25
27 0 U 26
28 1 U -1
29 0 U 28
30 1 U 29
31 0 U 30
32 1 U 31
33 1 U 32
34 0 U 33
35 0 U -1
36 0 U 35
37 1 U 36
38 0 U 37
39 1 U 38
40 0 U 39
41 1 U 40
42 1 U -1
43 1 U 42
44 1 U 43
45 0 U 44
46 1 U 45
47 1 U 46
48 0 U 47
49 0 L 35
50 0 L 36
51 0 L 37
52 1 L 38
53 1 L 39
54 0 L 40
55 1 L 41
56 0 U -1
57 0 U 56
58 0 U 57
59 1 U 58
# score :5 1453001
# W : 950257 , H : 457998
60
0 0 U -1
1 0 U 0
2 0 U 1
3 0 U 2
4 0 U 3
5 0 U 4
6 0 U 5
7 0 U -1
8 0 U 7
9 0 U 8
10 0 U 9
11 0 U 10
12 0 U 11
13 0 U 12
14 0 U -1
15 0 U 14
16 0 U 15
17 0 U 16
18 0 U 17
19 0 U 18
20 0 U 19
21 0 U -1
22 0 U 21
23 0 U 22
24 0 U 23
25 0 U 24
26 0 U 25
27 0 U 26
28 0 U -1
29 0 U 28
30 0 U 29
31 0 U 30
32 0 U 31
33 0 U 32
34 0 U 33
35 0 U -1
36 0 U 35
37 0 U 36
38 0 U 37
39 0 U 38
40 0 U 39
41 0 U 40
42 0 U -1
43 0 U 42
44 0 U 43
45 0 U 44
46 0 U 45
47 0 U 46
48 0 U 47
49 0 L 35
50 0 L 36
51 0 L 37
52 0 L 38
53 0 L 39
54 0 L 40
55 0 L 41
56 0 U -1
57 0 U 56
58 0 U 57
59 0 U 58
# score :6 1460104
# W : 739410 , H : 587311
60
0 0 U -1
1 1 U 0
2 0 U 1
3 1 U 2
4 1 U 3
5 0 U 4
6 1 U 5
7 1 U -1
8 1 U 7
9 1 U 8
10 1 U 9
11 1 U 10
12 1 U 11
13 0 U 12
14 1 U -1
15 1 U 14
16 1 U 15
17 1 U 16
18 0 U 17
19 0 U 18
20 1 U 19
21 1 U -1
22 0 U 21
23 0 U 22
24 1 U 23
25 0 U 24
26 0 U 25
27 0 U 26
28 1 U -1
29 0 U 28
30 1 U 29
31 0 U 30
32 1 U 31
33 1 U 32
34 0 U 33
35 0 U -1
36 0 U 35
37 1 U 36
38 0 U 37
39 1 U 38
40 0 U 39
41 1 U 40
42 1 U -1
43 1 U 42
44 1 U 43
45 0 U 44
46 1 U 45
47 1 U 46
48 0 U 47
49 0 L 35
50 0 L 36
51 0 L 37
52 1 L 38
53 1 L 39
54 0 L 40
55 1 L 41
56 0 U -1
57 0 U 56
58 0 U 57
59 1 U 58
# score :7 1453001
# W : 955697 , H : 451519
60
0 0 U -1
1 1 U 0
2 1 U 1
3 0 U 2
4 0 U 3
5 1 U 4
6 1 U 5
7 0 U -1
8 1 U 7
9 1 U 8
10 1 U 9
11 0 U 10
12 1 U 11
13 1 U 12
14 0 U -1
15 1 U 14
16 0 U 15
17 0 U 16
18 0 U 17
19 0 U 18
20 1 U 19
21 1 U -1
22 0 U 21
23 0 U 22
24 0 U 23
25 0 U 24
26 0 U 25
27 0 U 26
28 1 U -1
29 1 U 28
30 1 U 29
31 1 U 30
32 1 U 31
33 0 U 32
34 1 U 33
35 1 U -1
36 0 U 35
37 0 U 36
38 1 U 37
39 1 U 38
40 0 U 39
41 0 U 40
42 0 U -1
43 0 U 42
44 1 U 43
45 1 U 44
46 0 U 45
47 0 U 46
48 1 U 47
49 1 U -1
50 1 U 49
51 0 U 50
52 0 U 51
53 0 U 52
54 0 U 53
55 1 U 54
56 1 U -1
57 1 U 56
58 1 U 57
59 0 U 58
# score :8 1221633
# W : 459469 , H : 671313
60
0 0 U -1
1 0 U 0
2 1 U 1
3 1 U 2
4 1 U 3
5 0 U 4
6 1 U 5
7 0 U -1
8 0 U 7
9 0 U 8
10 1 U 9
11 1 U 10
12 1 U 11
13 1 U 12
14 1 U -1
15 0 U 14
16 1 U 15
17 1 U 16
18 0 U 17
19 1 U 18
20 1 U 19
21 1 U -1
22 1 U 21
23 1 U 22
24 0 U 23
25 1 U 24
26 0 U 25
27 0 U 26
28 1 U -1
29 1 U 28
30 0 U 29
31 0 U 30
32 1 U 31
33 1 U 32
34 1 U 33
35 0 U -1
36 1 U 35
37 0 U 36
38 0 U 37
39 1 U 38
40 0 U 39
41 0 U 40
42 1 U -1
43 0 U 42
44 0 U 43
45 0 U 44
46 1 U 45
47 1 U 46
48 0 U 47
49 0 U -1
50 1 U 49
51 1 U 50
52 1 U 51
53 1 U 52
54 0 U 53
55 1 U 54
56 0 U -1
57 1 U 56
58 1 U 57
59 0 U 58
# score :9 1249010
# W : 523797 , H : 688226
60
0 1 U -1
1 0 U 0
2 1 U 1
3 0 U 2
4 0 U 3
5 0 U 4
6 1 U 5
7 1 U -1
8 1 U 7
9 0 U 8
10 0 U 9
11 0 U 10
12 0 U 11
13 0 U 12
14 1 U -1
15 0 U 14
16 0 U 15
17 0 U 16
18 1 U 17
19 0 U 18
20 1 U 19
21 0 U -1
22 0 U 21
23 0 U 22
24 1 U 23
25 0 U 24
26 1 U 25
27 0 U 26
28 0 U -1
29 1 U 28
30 0 U 29
31 0 U 30
32 0 U 31
33 1 U 32
34 1 U 33
35 0 U -1
36 0 U 35
37 0 U 36
38 1 U 37
39 0 U 38
40 1 U 39
41 1 U 40
42 0 U -1
43 0 U 42
44 0 U 43
45 0 U 44
46 0 U 45
47 0 U 46
48 1 U 47
49 1 L 42
50 0 L 43
51 0 L 44
52 1 L 45
53 1 L 46
54 1 L 47
55 0 L 48
56 1 U -1
57 1 U 56
58 1 U 57
59 1 U 58
# score :10 1525927
# W : 630349 , H : 731067
60
0 1 U -1
1 0 U 0
2 1 U 1
3 1 U 2
4 0 U 3
5 0 U 4
6 1 U 5
7 0 U -1
8 1 U 7
9 1 U 8
10 1 U 9
11 0 U 10
12 0 U 11
13 1 U 12
14 0 U -1
15 0 U 14
16 1 U 15
17 0 U 16
18 1 U 17
19 0 U 18
20 1 U 19
21 1 U -1
22 1 U 21
23 1 U 22
24 0 U 23
25 0 U 24
26 1 U 25
27 0 U 26
28 0 U -1
29 0 U 28
30 1 U 29
31 1 U 30
32 1 U 31
33 0 U 32
34 1 U 33
35 0 U -1
36 0 U 35
37 0 U 36
38 1 U 37
39 1 U 38
40 0 U 39
41 1 U 40
42 1 U -1
43 1 U 42
44 0 U 43
45 1 U 44
46 1 U 45
47 1 U 46
48 0 U 47
49 0 L 42
50 0 L 43
51 0 L 44
52 0 L 45
53 1 L 46
54 0 L 47
55 0 L 48
56 0 U -1
57 0 U 56
58 1 U 57
59 1 U 58
# score :11 1430120
# W : 539744 , H : 688380
60
0 0 U -1
1 1 U 0
2 1 U 1
3 1 U 2
4 0 U 3
5 0 U 4
6 0 U 5
7 0 U -1
8 0 U 7
9 1 U 8
10 1 U 9
11 1 U 10
12 0 U 11
13 1 U 12
14 0 U -1
15 1 U 14
16 1 U 15
17 0 U 16
18 0 U 17
19 1 U 18
20 1 U 19
21 0 U -1
22 0 U 21
23 0 U 22
24 0 U 23
25 0 U 24
26 0 U 25
27 0 U 26
28 0 U -1
29 0 U 28
30 1 U 29
31 1 U 30
32 0 U 31
33 1 U 32
34 1 U 33
35 1 U -1
36 1 U 35
37 0 U 36
38 1 U 37
39 1 U 38
40 1 U 39
41 0 U 40
42 0 U -1
43 1 U 42
44 0 U 43
45 1 U 44
46 0 U 45
47 0 U 46
48 1 U 47
49 0 L 35
50 0 L 36
51 0 L 37
52 1 L 38
53 0 L 39
54 0 L 40
55 1 L 41
56 0 U -1
57 1 U 56
58 1 U 57
59 0 U 58
# score :12 1512497
# W : 846334 , H : 586508
60
0 1 U -1
1 0 U 0
2 1 U 1
3 1 U 2
4 1 U 3
5 1 U 4
6 1 U 5
7 1 U -1
8 1 U 7
9 1 U 8
10 0 U 9
11 1 U 10
12 1 U 11
13 1 U 12
14 0 U -1
15 1 U 14
16 0 U 15
17 0 U 16
18 1 U 17
19 0 U 18
20 0 U 19
21 1 U -1
22 0 U 21
23 0 U 22
24 0 U 23
25 0 U 24
26 1 U 25
27 1 U 26
28 1 U -1
29 1 U 28
30 1 U 29
31 1 U 30
32 1 U 31
33 1 U 32
34 0 U 33
35 0 U -1
36 1 U 35
37 1 U 36
38 0 U 37
39 0 U 38
40 1 U 39
41 0 U 40
42 0 U -1
43 1 U 42
44 0 U 43
45 0 U 44
46 0 U 45
47 1 U 46
48 1 U 47
49 1 L 35
50 0 L 36
51 0 L 37
52 0 L 38
53 0 L 39
54 1 L 40
55 1 L 41
56 1 U -1
57 1 U 56
58 0 U 57
59 1 U 58
# score :13 1464239
# W : 755303 , H : 545184
60
0 0 U -1
1 0 U 0
2 1 U 1
3 0 U 2
4 0 U 3
5 1 U 4
6 1 U 5
7 0 U -1
8 0 U 7
9 0 U 8
10 1 U 9
11 0 U 10
12 0 U 11
13 0 U 12
14 1 U -1
15 0 U 14
16 0 U 15
17 0 U 16
18 0 U 17
19 1 U 18
20 0 U 19
21 1 U -1
22 1 U 21
23 0 U 22
24 0 U 23
25 1 U 24
26 1 U 25
27 1 U 26
28 0 U -1
29 0 U 28
30 0 U 29
31 1 U 30
32 1 U 31
33 0 U 32
34 1 U 33
35 1 U -1
36 0 U 35
37 1 U 36
38 0 U 37
39 0 U 38
40 1 U 39
41 0 U 40
42 0 U -1
43 0 U 42
44 0 U 43
45 0 U 44
46 0 U 45
47 0 U 46
48 0 U 47
49 1 L 35
50 0 L 36
51 0 L 37
52 1 L 38
53 0 L 39
54 1 L 40
55 0 L 41
56 1 U -1
57 0 U 56
58 0 U 57
59 0 U 58
# score :14 1297897
# W : 684738 , H : 601947
60
0 0 U -1
1 0 U 0
2 0 U 1
3 0 U 2
4 1 U 3
5 1 U 4
6 1 U 5
7 0 U -1
8 0 U 7
9 1 U 8
10 0 U 9
11 1 U 10
12 0 U 11
13 0 U 12
14 1 U -1
15 1 U 14
16 0 U 15
17 0 U 16
18 0 U 17
19 1 U 18
20 0 U 19
21 0 U -1
22 0 U 21
23 0 U 22
24 0 U 23
25 0 U 24
26 1 U 25
27 1 U 26
28 0 U -1
29 0 U 28
30 1 U 29
31 0 U 30
32 1 U 31
33 0 U 32
34 0 U 33
35 0 U -1
36 1 U 35
37 1 U 36
38 0 U 37
39 1 U 38
40 0 U 39
41 0 U 40
42 1 U -1
43 0 U 42
44 1 U 43
45 1 U 44
46 1 U 45
47 1 U 46
48 0 U 47
49 1 L 35
50 1 L 36
51 0 L 37
52 0 L 38
53 0 L 39
54 0 L 40
55 1 L 41
56 1 U -1
57 0 U 56
58 0 U 57
59 1 U 58
# score :15 1541112
# W : 751682 , H : 554887
60
0 1 U -1
1 0 U 0
2 0 U 1
3 0 U 2
4 0 U 3
5 1 U 4
6 1 U 5
7 1 U -1
8 0 U 7
9 1 U 8
10 0 U 9
11 1 U 10
12 0 U 11
13 0 U 12
14 0 U -1
15 0 U 14
16 0 U 15
17 0 U 16
18 1 U 17
19 0 U 18
20 1 U 19
21 1 U -1
22 1 U 21
23 1 U 22
24 0 U 23
25 1 U 24
26 0 U 25
27 0 U 26
28 0 U -1
29 0 U 28
30 0 U 29
31 1 U 30
32 1 U 31
33 0 U 32
34 1 U 33
35 0 U -1
36 0 U 35
37 0 U 36
38 1 U 37
39 1 U 38
40 0 U 39
41 1 U 40
42 0 U -1
43 0 U 42
44 1 U 43
45 0 U 44
46 1 U 45
47 1 U 46
48 1 U 47
49 0 U -1
50 1 U 49
51 1 U 50
52 0 U 51
53 1 U 52
54 0 U 53
55 0 U 54
56 1 U -1
57 1 U 56
58 0 U 57
59 1 U 58
# score :16 1290017
# W : 536167 , H : 720179
60
0 1 U -1
1 1 U 0
2 1 U 1
3 1 U 2
4 0 U 3
5 0 U 4
6 1 U 5
7 0 U -1
8 1 U 7
9 0 U 8
10 1 U 9
11 1 U 10
12 1 U 11
13 0 U 12
14 1 U -1
15 0 U 14
16 0 U 15
17 0 U 16
18 0 U 17
19 0 U 18
20 0 U 19
21 0 U -1
22 0 U 21
23 1 U 22
24 0 U 23
25 0 U 24
26 1 U 25
27 0 U 26
28 0 U -1
29 0 U 28
30 0 U 29
31 1 U 30
32 0 U 31
33 1 U 32
34 0 U 33
35 1 U -1
36 1 U 35
37 0 U 36
38 0 U 37
39 0 U 38
40 1 U 39
41 0 U 40
42 0 U -1
43 0 U 42
44 0 U 43
45 1 U 44
46 0 U 45
47 1 U 46
48 1 U 47
49 1 U -1
50 0 U 49
51 1 U 50
52 1 U 51
53 1 U 52
54 1 U 53
55 1 U 54
56 0 U -1
57 0 U 56
58 1 U 57
59 1 U 58
# score :17 1204281
# W : 490639 , H : 673627
60
0 1 U -1
1 1 U 0
2 0 U 1
3 0 U 2
4 1 U 3
5 1 U 4
6 1 U 5
7 0 U -1
8 1 U 7
9 1 U 8
10 0 U 9
11 1 U 10
12 0 U 11
13 1 U 12
14 1 U -1
15 1 U 14
16 0 U 15
17 1 U 16
18 1 U 17
19 0 U 18
20 1 U 19
21 0 U -1
22 0 U 21
23 0 U 22
24 0 U 23
25 1 U 24
26 1 U 25
27 0 U 26
28 0 U -1
29 0 U 28
30 1 U 29
31 0 U 30
32 1 U 31
33 0 U 32
34 1 U 33
35 1 U -1
36 0 U 35
37 0 U 36
38 1 U 37
39 0 U 38
40 0 U 39
41 0 U 40
42 1 U -1
43 1 U 42
44 0 U 43
45 1 U 44
46 1 U 45
47 0 U 46
48 1 U 47
49 0 L 42
50 1 L 43
51 1 L 44
52 1 L 45
53 0 L 46
54 1 L 47
55 0 L 48
56 0 U -1
57 1 U 56
58 0 U 57
59 1 U 58
# score :18 1403720
# W : 579974 , H : 676322
60
0 1 U -1
1 0 U 0
2 1 U 1
3 1 U 2
4 1 U 3
5 0 U 4
6 0 U 5
7 1 U -1
8 1 U 7
9 1 U 8
10 1 U 9
11 1 U 10
12 1 U 11
13 1 U 12
14 0 U -1
15 0 U 14
16 0 U 15
17 0 U 16
18 0 U 17
19 0 U 18
20 1 U 19
21 0 U -1
22 1 U 21
23 0 U 22
24 1 U 23
25 0 U 24
26 1 U 25
27 1 U 26
28 1 U -1
29 0 U 28
30 0 U 29
31 1 U 30
32 0 U 31
33 1 U 32
34 0 U 33
35 0 U -1
36 1 U 35
37 1 U 36
38 0 U 37
39 1 U 38
40 0 U 39
41 1 U 40
42 1 U -1
43 0 U 42
44 1 U 43
45 1 U 44
46 0 U 45
47 1 U 46
48 1 U 47
49 0 L 42
50 1 L 43
51 0 L 44
52 0 L 45
53 1 L 46
54 0 L 47
55 0 L 48
56 1 U -1
57 1 U 56
58 0 U 57
59 0 U 58
# score :19 1333565
# W : 583500 , H : 629304
60
0 1 U -1
1 0 U 0
2 1 U 1
3 1 U 2
4 1 U 3
5 1 U 4
6 1 U 5
7 1 U -1
8 0 U 7
9 0 U 8
10 1 U 9
11 1 U 10
12 0 U 11
13 0 U 12
14 0 U -1
15 1 U 14
16 0 U 15
17 1 U 16
18 1 U 17
19 0 U 18
20 1 U 19
21 1 U -1
22 0 U 21
23 0 U 22
24 1 U 23
25 0 U 24
26 1 U 25
27 1 U 26
28 1 U -1
29 1 U 28
30 1 U 29
31 1 U 30
32 0 U 31
33 0 U 32
34 1 U 33
35 1 U -1
36 0 U 35
37 1 U 36
38 1 U 37
39 0 U 38
40 0 U 39
41 0 U 40
42 1 U -1
43 1 U 42
44 1 U 43
45 1 U 44
46 0 U 45
47 1 U 46
48 0 U 47
49 1 L 35
50 0 L 36
51 1 L 37
52 0 L 38
53 1 L 39
54 1 L 40
55 1 L 41
56 0 U -1
57 0 U 56
58 1 U 57
59 1 U 58
# score :20 1479708
# W : 714266 , H : 623718
60
0 0 U -1
1 0 U 0
2 1 U 1
3 0 U 2
4 1 U 3
5 1 U 4
6 1 U 5
7 1 U -1
8 0 U 7
9 1 U 8
10 1 U 9
11 1 U 10
12 1 U 11
13 1 U 12
14 0 U -1
15 0 U 14
16 0 U 15
17 1 U 16
18 0 U 17
19 0 U 18
20 1 U 19
21 0 U -1
22 0 U 21
23 0 U 22
24 1 U 23
25 0 U 24
26 0 U 25
27 1 U 26
28 0 U -1
29 1 U 28
30 0 U 29
31 1 U 30
32 1 U 31
33 0 U 32
34 0 U 33
35 0 U -1
36 0 U 35
37 1 U 36
38 0 U 37
39 0 U 38
40 0 U 39
41 1 U 40
42 1 U -1
43 1 U 42
44 1 U 43
45 0 U 44
46 0 U 45
47 1 U 46
48 0 U 47
49 1 L 35
50 0 L 36
51 0 L 37
52 1 L 38
53 0 L 39
54 0 L 40
55 1 L 41
56 0 U -1
57 0 U 56
58 1 U 57
59 0 U 58
# score :21 1421503
# W : 729520 , H : 596828
60
0 1 U -1
1 0 U 0
2 0 U 1
3 0 U 2
4 1 U 3
5 0 U 4
6 0 U 5
7 1 U -1
8 1 U 7
9 1 U 8
10 1 U 9
11 1 U 10
12 0 U 11
13 1 U 12
14 0 U -1
15 1 U 14
16 1 U 15
17 0 U 16
18 0 U 17
19 0 U 18
20 1 U 19
21 1 U -1
22 1 U 21
23 1 U 22
24 0 U 23
25 1 U 24
26 0 U 25
27 0 U 26
28 1 U -1
29 1 U 28
30 0 U 29
31 0 U 30
32 1 U 31
33 0 U 32
34 1 U 33
35 1 U -1
36 1 U 35
37 0 U 36
38 0 U 37
39 0 U 38
40 0 U 39
41 0 U 40
42 1 U -1
43 0 U 42
44 0 U 43
45 1 U 44
46 0 U 45
47 0 U 46
48 1 U 47
49 1 L 35
50 1 L 36
51 1 L 37
52 0 L 38
53 0 L 39
54 1 L 40
55 0 L 41
56 0 U -1
57 0 U 56
58 0 U 57
59 0 U 58
# score :22 1245844
# W : 668788 , H : 592541
60
0 1 U -1
1 1 U 0
2 0 U 1
3 1 U 2
4 0 U 3
5 1 U 4
6 1 U 5
7 1 U -1
8 1 U 7
9 0 U 8
10 0 U 9
11 1 U 10
12 0 U 11
13 0 U 12
14 1 U -1
15 1 U 14
16 0 U 15
17 0 U 16
18 1 U 17
19 0 U 18
20 1 U 19
21 0 U -1
22 0 U 21
23 1 U 22
24 1 U 23
25 0 U 24
26 0 U 25
27 1 U 26
28 1 U -1
29 1 U 28
30 0 U 29
31 0 U 30
32 0 U 31
33 1 U 32
34 0 U 33
35 0 U -1
36 1 U 35
37 0 U 36
38 0 U 37
39 1 U 38
40 0 U 39
41 1 U 40
42 0 U -1
43 0 U 42
44 0 U 43
45 0 U 44
46 1 U 45
47 1 U 46
48 1 U 47
49 1 L 35
50 0 L 36
51 0 L 37
52 0 L 38
53 0 L 39
54 1 L 40
55 1 L 41
56 1 U -1
57 0 U 56
58 0 U 57
59 1 U 58
# score :23 1477643
# W : 716730 , H : 596408
60
0 1 U -1
1 0 U 0
2 0 U 1
3 0 U 2
4 1 U 3
5 1 U 4
6 1 U 5
7 1 U -1
8 0 U 7
9 0 U 8
10 0 U 9
11 0 U 10
12 1 U 11
13 1 U 12
14 0 U -1
15 1 U 14
16 0 U 15
17 1 U 16
18 1 U 17
19 0 U 18
20 1 U 19
21 0 U -1
22 0 U 21
23 1 U 22
24 1 U 23
25 0 U 24
26 0 U 25
27 1 U 26
28 0 U -1
29 1 U 28
30 0 U 29
31 0 U 30
32 0 U 31
33 0 U 32
34 1 U 33
35 1 U -1
36 1 U 35
37 1 U 36
38 1 U 37
39 1 U 38
40 0 U 39
41 1 U 40
42 0 U -1
43 0 U 42
44 1 U 43
45 1 U 44
46 0 U 45
47 1 U 46
48 0 U 47
49 1 U -1
50 1 U 49
51 0 U 50
52 0 U 51
53 1 U 52
54 0 U 53
55 1 U 54
56 0 U -1
57 1 U 56
58 1 U 57
59 1 U 58
# score :24 1269866
# W : 477803 , H : 715497
60
0 0 U -1
1 0 U 0
2 0 U 1
3 0 U 2
4 0 U 3
5 1 U 4
6 0 U 5
7 0 U -1
8 0 U 7
9 1 U 8
10 0 U 9
11 0 U 10
12 0 U 11
13 0 U 12
14 1 U -1
15 0 U 14
16 1 U 15
17 1 U 16
18 0 U 17
19 1 U 18
20 0 U 19
21 1 U -1
22 0 U 21
23 0 U 22
24 1 U 23
25 1 U 24
26 0 U 25
27 1 U 26
28 1 U -1
29 0 U 28
30 1 U 29
31 1 U 30
32 0 U 31
33 1 U 32
34 1 U 33
35 1 U -1
36 1 U 35
37 0 U 36
38 1 U 37
39 1 U 38
40 0 U 39
41 0 U 40
42 0 U -1
43 1 U 42
44 1 U 43
45 1 U 44
46 1 U 45
47 0 U 46
48 1 U 47
49 0 U -1
50 1 U 49
51 1 U 50
52 1 U 51
53 0 U 52
54 1 U 53
55 0 U 54
56 0 U -1
57 0 U 56
58 1 U 57
59 1 U 58
# score :25 1281184
# W : 517610 , H : 706332
60
0 0 U -1
1 1 U 0
2 0 U 1
3 1 U 2
4 1 U 3
5 0 U 4
6 1 U 5
7 0 U -1
8 0 U 7
9 0 U 8
10 1 U 9
11 0 U 10
12 1 U 11
13 0 U 12
14 0 U -1
15 0 U 14
16 0 U 15
17 0 U 16
18 0 U 17
19 0 U 18
20 1 U 19
21 0 U -1
22 1 U 21
23 0 U 22
24 0 U 23
25 1 U 24
26 0 U 25
27 0 U 26
28 0 U -1
29 1 U 28
30 0 U 29
31 1 U 30
32 0 U 31
33 1 U 32
34 0 U 33
35 1 U -1
36 0 U 35
37 1 U 36
38 0 U 37
39 0 U 38
40 0 U 39
41 1 U 40
42 1 U -1
43 1 U 42
44 0 U 43
45 1 U 44
46 1 U 45
47 0 U 46
48 1 U 47
49 0 L 42
50 1 L 43
51 1 L 44
52 0 L 45
53 1 L 46
54 0 L 47
55 1 L 48
56 0 U -1
57 1 U 56
58 1 U 57
59 1 U 58
# score :26 1449531
# W : 516670 , H : 672330
60
0 0 U -1
1 0 U 0
2 1 U 1
3 0 U 2
4 1 U 3
5 0 U 4
6 1 U 5
7 0 U -1
8 1 U 7
9 1 U 8
10 1 U 9
11 1 U 10
12 0 U 11
13 0 U 12
14 1 U -1
15 1 U 14
16 0 U 15
17 1 U 16
18 1 U 17
19 1 U 18
20 0 U 19
21 0 U -1
22 1 U 21
23 0 U 22
24 0 U 23
25 1 U 24
26 0 U 25
27 0 U 26
28 0 U -1
29 1 U 28
30 0 U 29
31 1 U 30
32 0 U 31
33 1 U 32
34 0 U 33
35 0 U -1
36 1 U 35
37 0 U 36
38 1 U 37
39 1 U 38
40 1 U 39
41 1 U 40
42 0 U -1
43 1 U 42
44 0 U 43
45 0 U 44
46 1 U 45
47 1 U 46
48 0 U 47
49 0 L 42
50 1 L 43
51 1 L 44
52 0 L 45
53 1 L 46
54 0 L 47
55 1 L 48
56 0 U -1
57 0 U 56
58 0 U 57
59 0 U 58
# score :27 1254003
# W : 660550 , H : 643671
60
0 0 U -1
1 0 U 0
2 1 U 1
3 1 U 2
4 0 U 3
5 1 U 4
6 1 U 5
7 1 U -1
8 0 U 7
9 1 U 8
10 1 U 9
11 0 U 10
12 0 U 11
13 0 U 12
14 0 U -1
15 0 U 14
16 0 U 15
17 0 U 16
18 0 U 17
19 1 U 18
20 1 U 19
21 1 U -1
22 0 U 21
23 1 U 22
24 0 U 23
25 0 U 24
26 1 U 25
27 1 U 26
28 1 U -1
29 0 U 28
30 0 U 29
31 0 U 30
32 0 U 31
33 1 U 32
34 0 U 33
35 1 U -1
36 0 U 35
37 1 U 36
38 1 U 37
39 1 U 38
40 1 U 39
41 0 U 40
42 0 U -1
43 0 U 42
44 1 U 43
45 1 U 44
46 0 U 45
47 0 U 46
48 1 U 47
49 1 L 35
50 0 L 36
51 1 L 37
52 0 L 38
53 1 L 39
54 1 L 40
55 0 L 41
56 0 U -1
57 1 U 56
58 0 U 57
59 1 U 58
# score :28 1309836
# W : 684542 , H : 611456
60
0 0 U -1
1 0 U 0
2 0 U 1
3 1 U 2
4 0 U 3
5 1 U 4
6 1 U 5
7 1 U -1
8 1 U 7
9 1 U 8
10 0 U 9
11 0 U 10
12 0 U 11
13 0 U 12
14 1 U -1
15 0 U 14
16 0 U 15
17 1 U 16
18 1 U 17
19 1 U 18
20 1 U 19
21 0 U -1
22 0 U 21
23 1 U 22
24 0 U 23
25 1 U 24
26 0 U 25
27 1 U 26
28 1 U -1
29 0 U 28
30 1 U 29
31 0 U 30
32 1 U 31
33 0 U 32
34 1 U 33
35 0 U -1
36 0 U 35
37 1 U 36
38 1 U 37
39 0 U 38
40 0 U 39
41 0 U 40
42 1 U -1
43 1 U 42
44 1 U 43
45 0 U 44
46 0 U 45
47 0 U 46
48 0 U 47
49 0 L 35
50 0 L 36
51 0 L 37
52 0 L 38
53 1 L 39
54 0 L 40
55 1 L 41
56 1 U -1
57 0 U 56
58 1 U 57
59 0 U 58
# score :29 1664027
# W : 852291 , H : 622454
60
0 0 U -1
1 1 U 0
2 0 U 1
3 1 U 2
4 1 U 3
5 1 U 4
6 0 U 5
7 0 U -1
8 1 U 7
9 1 U 8
10 0 U 9
11 0 U 10
12 1 U 11
13 1 U 12
14 0 U -1
15 1 U 14
16 1 U 15
17 1 U 16
18 0 U 17
19 1 U 18
20 0 U 19
21 1 U -1
22 0 U 21
23 1 U 22
24 1 U 23
25 1 U 24
26 1 U 25
27 1 U 26
28 1 U -1
29 0 U 28
30 0 U 29
31 0 U 30
32 1 U 31
33 0 U 32
34 0 U 33
35 1 U -1
36 1 U 35
37 0 U 36
38 0 U 37
39 0 U 38
40 0 U 39
41 0 U 40
42 1 U -1
43 1 U 42
44 1 U 43
45 1 U 44
46 0 U 45
47 1 U 46
48 0 U 47
49 0 L 35
50 1 L 36
51 1 L 37
52 1 L 38
53 1 L 39
54 1 L 40
55 0 L 41
56 1 U -1
57 1 U 56
58 1 U 57
59 0 U 58
# score :30 1328774
# W : 884784 , H : 580733
60
0 0 U -1
1 1 U 0
2 0 U 1
3 1 U 2
4 1 U 3
5 0 U 4
6 1 U 5
7 0 U -1
8 1 U 7
9 0 U 8
10 0 U 9
11 0 U 10
12 0 U 11
13 1 U 12
14 1 U -1
15 0 U 14
16 1 U 15
17 1 U 16
18 1 U 17
19 0 U 18
20 1 U 19
21 1 U -1
22 1 U 21
23 0 U 22
24 0 U 23
25 0 U 24
26 0 U 25
27 1 U 26
28 0 U -1
29 1 U 28
30 1 U 29
31 0 U 30
32 0 U 31
33 1 U 32
34 0 U 33
35 0 U -1
36 1 U 35
37 1 U 36
38 0 U 37
39 1 U 38
40 0 U 39
41 1 U 40
42 1 U -1
43 1 U 42
44 0 U 43
45 0 U 44
46 0 U 45
47 0 U 46
48 1 U 47
49 1 L 35
50 1 L 36
51 0 L 37
52 1 L 38
53 0 L 39
54 0 L 40
55 0 L 41
56 0 U -1
57 1 U 56
58 0 U 57
59 1 U 58
# score :31 1436027
# W : 613988 , H : 569956
60
0 1 U -1
1 1 U 0
2 1 U 1
3 0 U 2
4 1 U 3
5 0 U 4
6 1 U 5
7 1 U -1
8 1 U 7
9 0 U 8
10 1 U 9
11 0 U 10
12 0 U 11
13 1 U 12
14 0 U -1
15 1 U 14
16 0 U 15
17 1 U 16
18 1 U 17
19 1 U 18
20 0 U 19
21 0 U -1
22 1 U 21
23 1 U 22
24 0 U 23
25 0 U 24
26 1 U 25
27 0 U 26
28 0 U -1
29 0 U 28
30 1 U 29
31 1 U 30
32 1 U 31
33 1 U 32
34 0 U 33
35 0 U -1
36 1 U 35
37 1 U 36
38 0 U 37
39 0 U 38
40 1 U 39
41 1 U 40
42 1 U -1
43 0 U 42
44 1 U 43
45 0 U 44
46 1 U 45
47 1 U 46
48 1 U 47
49 0 U -1
50 0 U 49
51 1 U 50
52 0 U 51
53 0 U 52
54 1 U 53
55 0 U 54
56 1 U -1
57 1 U 56
58 0 U 57
59 1 U 58
# score :32 1168082
# W : 497755 , H : 630988
60
0 0 U -1
1 0 U 0
2 0 U 1
3 0 U 2
4 1 U 3
5 1 U 4
6 0 U 5
7 0 U -1
8 1 U 7
9 1 U 8
10 0 U 9
11 0 U 10
12 1 U 11
13 0 U 12
14 0 U -1
15 0 U 14
16 0 U 15
17 1 U 16
18 1 U 17
19 1 U 18
20 1 U 19
21 0 U -1
22 1 U 21
23 1 U 22
24 1 U 23
25 1 U 24
26 0 U 25
27 0 U 26
28 0 U -1
29 0 U 28
30 0 U 29
31 0 U 30
32 0 U 31
33 1 U 32
34 1 U 33
35 0 U -1
36 0 U 35
37 0 U 36
38 1 U 37
39 1 U 38
40 0 U 39
41 1 U 40
42 0 U -1
43 0 U 42
44 1 U 43
45 0 U 44
46 0 U 45
47 1 U 46
48 0 U 47
49 1 U -1
50 0 U 49
51 1 U 50
52 0 U 51
53 1 U 52
54 0 U 53
55 0 U 54
56 1 U -1
57 0 U 56
58 1 U 57
59 1 U 58
# score :33 1288510
# W : 547326 , H : 676618
60
0 0 U -1
1 1 U 0
2 0 U 1
3 0 U 2
4 1 U 3
5 1 U 4
6 0 U 5
7 1 U -1
8 0 U 7
9 0 U 8
10 0 U 9
11 1 U 10
12 0 U 11
13 0 U 12
14 0 U -1
15 0 U 14
16 0 U 15
17 0 U 16
18 1 U 17
19 1 U 18
20 0 U 19
21 1 U -1
22 1 U 21
23 0 U 22
24 1 U 23
25 0 U 24
26 1 U 25
27 1 U 26
28 0 U -1
29 1 U 28
30 0 U 29
31 1 U 30
32 0 U 31
33 1 U 32
34 1 U 33
35 0 U -1
36 1 U 35
37 0 U 36
38 0 U 37
39 0 U 38
40 0 U 39
41 0 U 40
42 1 U -1
43 1 U 42
44 0 U 43
45 0 U 44
46 0 U 45
47 0 U 46
48 0 U 47
49 0 L 42
50 1 L 43
51 1 L 44
52 1 L 45
53 0 L 46
54 0 L 47
55 0 L 48
56 0 U -1
57 1 U 56
58 1 U 57
59 1 U 58
# score :34 1322360
# W : 656186 , H : 679988
60
0 0 U -1
1 1 U 0
2 1 U 1
3 0 U 2
4 0 U 3
5 1 U 4
6 0 U 5
7 0 U -1
8 1 U 7
9 0 U 8
10 1 U 9
11 0 U 10
12 1 U 11
13 1 U 12
14 1 U -1
15 1 U 14
16 0 U 15
17 0 U 16
18 1 U 17
19 0 U 18
20 1 U 19
21 0 U -1
22 1 U 21
23 1 U 22
24 1 U 23
25 0 U 24
26 0 U 25
27 0 U 26
28 1 U -1
29 1 U 28
30 1 U 29
31 0 U 30
32 0 U 31
33 0 U 32
34 0 U 33
35 0 U -1
36 1 U 35
37 1 U 36
38 1 U 37
39 0 U 38
40 0 U 39
41 1 U 40
42 1 U -1
43 0 U 42
44 0 U 43
45 0 U 44
46 0 U 45
47 0 U 46
48 1 U 47
49 0 L 42
50 0 L 43
51 1 L 44
52 0 L 45
53 0 L 46
54 1 L 47
55 1 L 48
56 0 U -1
57 0 U 56
58 0 U 57
59 0 U 58
# score :35 1345586
# W : 753014 , H : 613634
60
0 1 U -1
1 0 U 0
2 1 U 1
3 0 U 2
4 1 U 3
5 0 U 4
6 0 U 5
7 0 U -1
8 1 U 7
9 0 U 8
10 1 U 9
11 1 U 10
12 1 U 11
13 0 U 12
14 1 U -1
15 1 U 14
16 1 U 15
17 1 U 16
18 1 U 17
19 0 U 18
20 1 U 19
21 0 U -1
22 0 U 21
23 1 U 22
24 1 U 23
25 1 U 24
26 1 U 25
27 1 U 26
28 0 U -1
29 0 U 28
30 0 U 29
31 0 U 30
32 0 U 31
33 0 U 32
34 1 U 33
35 0 U -1
36 1 U 35
37 0 U 36
38 0 U 37
39 0 U 38
40 0 U 39
41 0 U 40
42 1 U -1
43 1 U 42
44 1 U 43
45 1 U 44
46 1 U 45
47 1 U 46
48 1 U 47
49 1 L 35
50 1 L 36
51 1 L 37
52 0 L 38
53 0 L 39
54 0 L 40
55 1 L 41
56 0 U -1
57 0 U 56
58 1 U 57
59 0 U 58
# score :36 1557056
# W : 716314 , H : 562721
60
0 0 U -1
1 0 U 0
2 1 U 1
3 1 U 2
4 1 U 3
5 0 U 4
6 1 U 5
7 0 U -1
8 1 U 7
9 0 U 8
10 1 U 9
11 0 U 10
12 0 U 11
13 0 U 12
14 0 U -1
15 1 U 14
16 0 U 15
17 0 U 16
18 1 U 17
19 0 U 18
20 0 U 19
21 1 U -1
22 1 U 21
23 0 U 22
24 1 U 23
25 1 U 24
26 1 U 25
27 0 U 26
28 1 U -1
29 1 U 28
30 1 U 29
31 0 U 30
32 1 U 31
33 0 U 32
34 0 U 33
35 1 U -1
36 0 U 35
37 0 U 36
38 1 U 37
39 1 U 38
40 1 U 39
41 1 U 40
42 1 U -1
43 0 U 42
44 0 U 43
45 0 U 44
46 0 U 45
47 0 U 46
48 0 U 47
49 0 L 35
50 0 L 36
51 0 L 37
52 0 L 38
53 1 L 39
54 1 L 40
55 1 L 41
56 1 U -1
57 0 U 56
58 1 U 57
59 1 U 58
# score :37 1542025
# W : 887756 , H : 563281
60
0 1 U -1
1 1 U 0
2 0 U 1
3 1 U 2
4 0 U 3
5 1 U 4
6 1 U 5
7 1 U -1
8 0 U 7
9 0 U 8
10 0 U 9
11 0 U 10
12 1 U 11
13 1 U 12
14 0 U -1
15 0 U 14
16 1 U 15
17 0 U 16
18 1 U 17
19 0 U 18
20 1 U 19
21 1 U -1
22 0 U 21
23 1 U 22
24 1 U 23
25 0 U 24
26 1 U 25
27 0 U 26
28 0 U -1
29 0 U 28
30 1 U 29
31 0 U 30
32 1 U 31
33 1 U 32
34 1 U 33
35 1 U -1
36 0 U 35
37 0 U 36
38 0 U 37
39 0 U 38
40 1 U 39
41 0 U 40
42 0 U -1
43 1 U 42
44 0 U 43
45 0 U 44
46 1 U 45
47 0 U 46
48 1 U 47
49 0 L 35
50 0 L 36
51 1 L 37
52 0 L 38
53 0 L 39
54 0 L 40
55 0 L 41
56 1 U -1
57 0 U 56
58 0 U 57
59 0 U 58
# score :38 1437820
# W : 812014 , H : 588373
60
0 0 U -1
1 0 U 0
2 1 U 1
3 0 U 2
4 1 U 3
5 0 U 4
6 1 U 5
7 0 U -1
8 1 U 7
9 1 U 8
10 1 U 9
11 1 U 10
12 1 U 11
13 0 U 12
14 0 U -1
15 1 U 14
16 0 U 15
17 0 U 16
18 0 U 17
19 1 U 18
20 1 U 19
21 1 U -1
22 1 U 21
23 0 U 22
24 1 U 23
25 1 U 24
26 1 U 25
27 0 U 26
28 0 U -1
29 1 U 28
30 0 U 29
31 1 U 30
32 1 U 31
33 0 U 32
34 1 U 33
35 1 U -1
36 1 U 35
37 1 U 36
38 1 U 37
39 0 U 38
40 1 U 39
41 0 U 40
42 1 U -1
43 1 U 42
44 0 U 43
45 0 U 44
46 0 U 45
47 1 U 46
48 1 U 47
49 0 L 35
50 1 L 36
51 0 L 37
52 1 L 38
53 1 L 39
54 1 L 40
55 1 L 41
56 1 U -1
57 0 U 56
58 1 U 57
59 0 U 58
# score :39 1364344
# W : 669547 , H : 566585
60
0 1 U -1
1 0 U 0
2 1 U 1
3 1 U 2
4 1 U 3
5 1 U 4
6 1 U 5
7 0 U -1
8 1 U 7
9 1 U 8
10 1 U 9
11 0 U 10
12 0 U 11
13 0 U 12
14 0 U -1
15 1 U 14
16 0 U 15
17 0 U 16
18 0 U 17
19 1 U 18
20 1 U 19
21 0 U -1
22 1 U 21
23 1 U 22
24 0 U 23
25 0 U 24
26 0 U 25
27 0 U 26
28 1 U -1
29 1 U 28
30 0 U 29
31 0 U 30
32 1 U 31
33 0 U 32
34 1 U 33
35 1 U -1
36 0 U 35
37 1 U 36
38 1 U 37
39 0 U 38
40 1 U 39
41 1 U 40
42 0 U -1
43 0 U 42
44 1 U 43
45 0 U 44
46 1 U 45
47 0 U 46
48 0 U 47
49 1 U -1
50 0 U 49
51 0 U 50
52 1 U 51
53 1 U 52
54 1 U 53
55 0 U 54
56 0 U -1
57 0 U 56
58 1 U 57
59 0 U 58
# score :40 1138490
# W : 450443 , H : 671809
60
0 1 U -1
1 0 U 0
2 1 U 1
3 1 U 2
4 1 U 3
5 1 U 4
6 0 U 5
7 0 U -1
8 1 U 7
9 0 U 8
10 0 U 9
11 1 U 10
12 0 U 11
13 0 U 12
14 0 U -1
15 1 U 14
16 1 U 15
17 1 U 16
18 0 U 17
19 1 U 18
20 0 U 19
21 0 U -1
22 0 U 21
23 0 U 22
24 0 U 23
25 1 U 24
26 0 U 25
27 1 U 26
28 1 U -1
29 1 U 28
30 1 U 29
31 0 U 30
32 1 U 31
33 1 U 32
34 1 U 33
35 1 U -1
36 0 U 35
37 1 U 36
38 0 U 37
39 1 U 38
40 1 U 39
41 0 U 40
42 0 U -1
43 0 U 42
44 0 U 43
45 1 U 44
46 0 U 45
47 0 U 46
48 0 U 47
49 1 U -1
50 0 U 49
51 1 U 50
52 0 U 51
53 0 U 52
54 1 U 53
55 0 U 54
56 0 U -1
57 1 U 56
58 1 U 57
59 1 U 58
# score :41 1214010
# W : 495819 , H : 639862
60
0 1 U -1
1 1 U 0
2 1 U 1
3 0 U 2
4 0 U 3
5 0 U 4
6 1 U 5
7 0 U -1
8 1 U 7
9 1 U 8
10 1 U 9
11 1 U 10
12 0 U 11
13 1 U 12
14 1 U -1
15 1 U 14
16 1 U 15
17 0 U 16
18 1 U 17
19 1 U 18
20 0 U 19
21 0 U -1
22 1 U 21
23 1 U 22
24 0 U 23
25 1 U 24
26 1 U 25
27 0 U 26
28 0 U -1
29 1 U 28
30 0 U 29
31 0 U 30
32 1 U 31
33 1 U 32
34 0 U 33
35 1 U -1
36 0 U 35
37 1 U 36
38 0 U 37
39 1 U 38
40 1 U 39
41 1 U 40
42 1 U -1
43 0 U 42
44 1 U 43
45 1 U 44
46 1 U 45
47 1 U 46
48 0 U 47
49 1 L 42
50 0 L 43
51 1 L 44
52 0 L 45
53 0 L 46
54 0 L 47
55 1 L 48
56 1 U -1
57 0 U 56
58 1 U 57
59 1 U 58
# score :42 1374142
# W : 576866 , H : 592613
60
0 1 U -1
1 0 U 0
2 0 U 1
3 1 U 2
4 0 U 3
5 0 U 4
6 0 U 5
7 0 U -1
8 1 U 7
9 0 U 8
10 0 U 9
11 1 U 10
12 1 U 11
13 0 U 12
14 0 U -1
15 0 U 14
16 1 U 15
17 1 U 16
18 0 U 17
19 1 U 18
20 1 U 19
21 0 U -1
22 1 U 21
23 1 U 22
24 1 U 23
25 0 U 24
26 1 U 25
27 0 U 26
28 1 U -1
29 1 U 28
30 0 U 29
31 1 U 30
32 0 U 31
33 1 U 32
34 1 U 33
35 0 U -1
36 0 U 35
37 1 U 36
38 1 U 37
39 0 U 38
40 1 U 39
41 0 U 40
42 0 U -1
43 1 U 42
44 1 U 43
45 1 U 44
46 1 U 45
47 1 U 46
48 1 U 47
49 1 L 42
50 1 L 43
51 0 L 44
52 0 L 45
53 1 L 46
54 1 L 47
55 1 L 48
56 1 U -1
57 1 U 56
58 1 U 57
59 1 U 58
# score :43 1348841
# W : 663616 , H : 592912
60
0 0 U -1
1 1 U 0
2 1 U 1
3 0 U 2
4 1 U 3
5 0 U 4
6 1 U 5
7 1 U -1
8 0 U 7
9 1 U 8
10 0 U 9
11 1 U 10
12 0 U 11
13 0 U 12
14 0 U -1
15 0 U 14
16 1 U 15
17 0 U 16
18 1 U 17
19 0 U 18
20 0 U 19
21 1 U -1
22 1 U 21
23 0 U 22
24 1 U 23
25 0 U 24
26 1 U 25
27 1 U 26
28 0 U -1
29 0 U 28
30 1 U 29
31 1 U 30
32 0 U 31
33 0 U 32
34 0 U 33
35 0 U -1
36 0 U 35
37 0 U 36
38 1 U 37
39 0 U 38
40 0 U 39
41 0 U 40
42 1 U -1
43 0 U 42
44 1 U 43
45 1 U 44
46 0 U 45
47 0 U 46
48 1 U 47
49 0 L 35
50 0 L 36
51 0 L 37
52 1 L 38
53 0 L 39
54 0 L 40
55 1 L 41
56 1 U -1
57 1 U 56
58 0 U 57
59 0 U 58
# score :44 1592376
# W : 828852 , H : 617249
60
0 0 U -1
1 1 U 0
2 1 U 1
3 1 U 2
4 1 U 3
5 0 U 4
6 0 U 5
7 0 U -1
8 0 U 7
9 1 U 8
10 1 U 9
11 0 U 10
12 1 U 11
13 1 U 12
14 1 U -1
15 0 U 14
16 1 U 15
17 1 U 16
18 0 U 17
19 0 U 18
20 0 U 19
21 0 U -1
22 0 U 21
23 1 U 22
24 0 U 23
25 1 U 24
26 0 U 25
27 0 U 26
28 0 U -1
29 0 U 28
30 1 U 29
31 0 U 30
32 0 U 31
33 1 U 32
34 1 U 33
35 0 U -1
36 0 U 35
37 0 U 36
38 0 U 37
39 0 U 38
40 0 U 39
41 1 U 40
42 1 U -1
43 0 U 42
44 1 U 43
45 1 U 44
46 1 U 45
47 1 U 46
48 1 U 47
49 1 L 35
50 1 L 36
51 1 L 37
52 1 L 38
53 1 L 39
54 0 L 40
55 1 L 41
56 1 U -1
57 1 U 56
58 0 U 57
59 0 U 58
# score :45 1547701
# W : 833730 , H : 533995
60
0 0 U -1
1 0 U 0
2 1 U 1
3 0 U 2
4 1 U 3
5 0 U 4
6 1 U 5
7 1 U -1
8 1 U 7
9 0 U 8
10 0 U 9
11 1 U 10
12 0 U 11
13 1 U 12
14 1 U -1
15 0 U 14
16 1 U 15
17 1 U 16
18 0 U 17
19 0 U 18
20 1 U 19
21 0 U -1
22 0 U 21
23 0 U 22
24 1 U 23
25 0 U 24
26 1 U 25
27 0 U 26
28 0 U -1
29 0 U 28
30 1 U 29
31 0 U 30
32 0 U 31
33 0 U 32
34 1 U 33
35 1 U -1
36 0 U 35
37 0 U 36
38 1 U 37
39 0 U 38
40 0 U 39
41 1 U 40
42 0 U -1
43 1 U 42
44 0 U 43
45 0 U 44
46 0 U 45
47 0 U 46
48 1 U 47
49 1 L 35
50 1 L 36
51 1 L 37
52 0 L 38
53 0 L 39
54 1 L 40
55 1 L 41
56 1 U -1
57 1 U 56
58 0 U 57
59 1 U 58
# score :46 1386409
# W : 790780 , H : 535218
60
0 0 U -1
1 1 U 0
2 0 U 1
3 0 U 2
4 1 U 3
5 1 U 4
6 0 U 5
7 0 U -1
8 0 U 7
9 0 U 8
10 0 U 9
11 0 U 10
12 1 U 11
13 0 U 12
14 0 U -1
15 1 U 14
16 1 U 15
17 0 U 16
18 0 U 17
19 1 U 18
20 0 U 19
21 1 U -1
22 1 U 21
23 0 U 22
24 1 U 23
25 0 U 24
26 1 U 25
27 1 U 26
28 1 U -1
29 0 U 28
30 1 U 29
31 0 U 30
32 1 U 31
33 0 U 32
34 0 U 33
35 0 U -1
36 0 U 35
37 0 U 36
38 0 U 37
39 0 U 38
40 0 U 39
41 1 U 40
42 0 U -1
43 1 U 42
44 0 U 43
45 1 U 44
46 0 U 45
47 1 U 46
48 1 U 47
49 1 L 35
50 0 L 36
51 0 L 37
52 0 L 38
53 0 L 39
54 1 L 40
55 1 L 41
56 1 U -1
57 0 U 56
58 0 U 57
59 1 U 58
# score :47 1401085
# W : 772937 , H : 579002
60
0 1 U -1
1 0 U 0
2 1 U 1
3 1 U 2
4 1 U 3
5 1 U 4
6 0 U 5
7 1 U -1
8 0 U 7
9 1 U 8
10 1 U 9
11 1 U 10
12 0 U 11
13 1 U 12
14 0 U -1
15 1 U 14
16 1 U 15
17 1 U 16
18 0 U 17
19 0 U 18
20 0 U 19
21 0 U -1
22 0 U 21
23 1 U 22
24 0 U 23
25 0 U 24
26 0 U 25
27 0 U 26
28 0 U -1
29 0 U 28
30 0 U 29
31 1 U 30
32 0 U 31
33 0 U 32
34 0 U 33
35 0 U -1
36 1 U 35
37 1 U 36
38 0 U 37
39 0 U 38
40 1 U 39
41 0 U 40
42 0 U -1
43 0 U 42
44 0 U 43
45 1 U 44
46 0 U 45
47 0 U 46
48 0 U 47
49 1 U -1
50 0 U 49
51 1 U 50
52 0 U 51
53 1 U 52
54 0 U 53
55 0 U 54
56 0 U -1
57 0 U 56
58 0 U 57
59 1 U 58
# score :48 1198302
# W : 491993 , H : 670850
60
0 1 U -1
1 1 U 0
2 0 U 1
3 0 U 2
4 0 U 3
5 1 U 4
6 1 U 5
7 1 U -1
8 0 U 7
9 1 U 8
10 1 U 9
11 1 U 10
12 1 U 11
13 1 U 12
14 1 U -1
15 0 U 14
16 0 U 15
17 1 U 16
18 1 U 17
19 1 U 18
20 1 U 19
21 1 U -1
22 0 U 21
23 0 U 22
24 0 U 23
25 1 U 24
26 0 U 25
27 0 U 26
28 0 U -1
29 1 U 28
30 0 U 29
31 1 U 30
32 0 U 31
33 1 U 32
34 1 U 33
35 0 U -1
36 1 U 35
37 1 U 36
38 1 U 37
39 1 U 38
40 0 U 39
41 1 U 40
42 1 U -1
43 0 U 42
44 0 U 43
45 0 U 44
46 1 U 45
47 0 U 46
48 1 U 47
49 1 U -1
50 1 U 49
51 1 U 50
52 1 U 51
53 0 U 52
54 0 U 53
55 0 U 54
56 1 U -1
57 1 U 56
58 0 U 57
59 1 U 58
# score :49 1252325
# W : 542312 , H : 699674
60
0 1 U -1
1 1 U 0
2 1 U 1
3 0 U 2
4 1 U 3
5 1 U 4
6 0 U 5
7 0 U -1
8 1 U 7
9 0 U 8
10 0 U 9
11 1 U 10
12 1 U 11
13 1 U 12
14 0 U -1
15 1 U 14
16 0 U 15
17 1 U 16
18 0 U 17
19 0 U 18
20 1 U 19
21 1 U -1
22 0 U 21
23 0 U 22
24 1 U 23
25 0 U 24
26 0 U 25
27 0 U 26
28 1 U -1
29 1 U 28
30 0 U 29
31 0 U 30
32 0 U 31
33 0 U 32
34 1 U 33
35 0 U -1
36 1 U 35
37 1 U 36
38 0 U 37
39 1 U 38
40 0 U 39
41 0 U 40
42 0 U -1
43 1 U 42
44 0 U 43
45 0 U 44
46 1 U 45
47 1 U 46
48 0 U 47
49 0 L 42
50 0 L 43
51 1 L 44
52 1 L 45
53 1 L 46
54 1 L 47
55 1 L 48
56 1 U -1
57 1 U 56
58 0 U 57
59 0 U 58
# score :50 1289288
# W : 633910 , H : 572469
60
0 1 U -1
1 0 U 0
2 1 U 1
3 1 U 2
4 0 U 3
5 0 U 4
6 1 U 5
7 0 U -1
8 1 U 7
9 1 U 8
10 1 U 9
11 1 U 10
12 1 U 11
13 1 U 12
14 1 U -1
15 0 U 14
16 1 U 15
17 0 U 16
18 0 U 17
19 1 U 18
20 1 U 19
21 0 U -1
22 0 U 21
23 1 U 22
24 1 U 23
25 0 U 24
26 1 U 25
27 0 U 26
28 1 U -1
29 1 U 28
30 0 U 29
31 0 U 30
32 1 U 31
33 0 U 32
34 0 U 33
35 0 U -1
36 0 U 35
37 1 U 36
38 0 U 37
39 1 U 38
40 0 U 39
41 0 U 40
42 1 U -1
43 0 U 42
44 0 U 43
45 0 U 44
46 1 U 45
47 1 U 46
48 0 U 47
49 0 L 42
50 1 L 43
51 0 L 44
52 1 L 45
53 1 L 46
54 0 L 47
55 0 L 48
56 1 U -1
57 1 U 56
58 0 U 57
59 1 U 58
# score :51 1410621
# W : 549041 , H : 652009
60
0 1 U -1
1 0 U 0
2 1 U 1
3 0 U 2
4 1 U 3
5 1 U 4
6 1 U 5
7 0 U -1
8 0 U 7
9 0 U 8
10 0 U 9
11 1 U 10
12 0 U 11
13 1 U 12
14 1 U -1
15 0 U 14
16 1 U 15
17 1 U 16
18 1 U 17
19 1 U 18
20 0 U 19
21 1 U -1
22 0 U 21
23 1 U 22
24 0 U 23
25 1 U 24
26 1 U 25
27 1 U 26
28 0 U -1
29 1 U 28
30 0 U 29
31 1 U 30
32 0 U 31
33 0 U 32
34 1 U 33
35 1 U -1
36 1 U 35
37 0 U 36
38 1 U 37
39 1 U 38
40 0 U 39
41 1 U 40
42 1 U -1
43 0 U 42
44 0 U 43
45 1 U 44
46 0 U 45
47 1 U 46
48 1 U 47
49 0 L 35
50 1 L 36
51 0 L 37
52 1 L 38
53 0 L 39
54 0 L 40
55 1 L 41
56 1 U -1
57 1 U 56
58 0 U 57
59 0 U 58
# score :52 1383329
# W : 651435 , H : 655752
60
0 0 U -1
1 0 U 0
2 0 U 1
3 1 U 2
4 0 U 3
5 1 U 4
6 0 U 5
7 1 U -1
8 0 U 7
9 1 U 8
10 0 U 9
11 0 U 10
12 0 U 11
13 1 U 12
14 0 U -1
15 0 U 14
16 1 U 15
17 1 U 16
18 0 U 17
19 1 U 18
20 1 U 19
21 0 U -1
22 0 U 21
23 0 U 22
24 1 U 23
25 1 U 24
26 1 U 25
27 1 U 26
28 0 U -1
29 0 U 28
30 0 U 29
31 0 U 30
32 0 U 31
33 0 U 32
34 1 U 33
35 0 U -1
36 0 U 35
37 0 U 36
38 1 U 37
39 1 U 38
40 0 U 39
41 1 U 40
42 1 U -1
43 1 U 42
44 1 U 43
45 1 U 44
46 1 U 45
47 0 U 46
48 0 U 47
49 1 L 35
50 0 L 36
51 0 L 37
52 0 L 38
53 1 L 39
54 0 L 40
55 0 L 41
56 0 U -1
57 0 U 56
58 0 U 57
59 1 U 58
# score :53 1547030
# W : 647263 , H : 675163
60
0 1 U -1
1 0 U 0
2 0 U 1
3 0 U 2
4 0 U 3
5 0 U 4
6 1 U 5
7 1 U -1
8 0 U 7
9 0 U 8
10 0 U 9
11 0 U 10
12 1 U 11
13 0 U 12
14 0 U -1
15 1 U 14
16 0 U 15
17 1 U 16
18 1 U 17
19 1 U 18
20 1 U 19
21 1 U -1
22 0 U 21
23 0 U 22
24 0 U 23
25 0 U 24
26 1 U 25
27 1 U 26
28 1 U -1
29 0 U 28
30 1 U 29
31 1 U 30
32 0 U 31
33 1 U 32
34 0 U 33
35 0 U -1
36 1 U 35
37 1 U 36
38 1 U 37
39 0 U 38
40 1 U 39
41 0 U 40
42 0 U -1
43 1 U 42
44 1 U 43
45 1 U 44
46 0 U 45
47 0 U 46
48 0 U 47
49 0 L 35
50 0 L 36
51 0 L 37
52 0 L 38
53 1 L 39
54 1 L 40
55 1 L 41
56 1 U -1
57 1 U 56
58 0 U 57
59 0 U 58
# score :54 1457561
# W : 838235 , H : 618518
60
0 0 U -1
1 1 U 0
2 1 U 1
3 0 U 2
4 0 U 3
5 1 U 4
6 1 U 5
7 0 U -1
8 0 U 7
9 0 U 8
10 1 U 9
11 0 U 10
12 0 U 11
13 0 U 12
14 0 U -1
15 1 U 14
16 0 U 15
17 0 U 16
18 1 U 17
19 1 U 18
20 1 U 19
21 1 U -1
22 1 U 21
23 0 U 22
24 1 U 23
25 0 U 24
26 1 U 25
27 1 U 26
28 0 U -1
29 0 U 28
30 1 U 29
31 1 U 30
32 1 U 31
33 0 U 32
34 1 U 33
35 1 U -1
36 0 U 35
37 0 U 36
38 0 U 37
39 1 U 38
40 0 U 39
41 0 U 40
42 0 U -1
43 1 U 42
44 1 U 43
45 1 U 44
46 1 U 45
47 0 U 46
48 0 U 47
49 1 L 35
50 0 L 36
51 1 L 37
52 0 L 38
53 0 L 39
54 0 L 40
55 0 L 41
56 0 U -1
57 0 U 56
58 1 U 57
59 0 U 58
# score :55 1427818
# W : 702126 , H : 594505
60
0 1 U -1
1 0 U 0
2 0 U 1
3 1 U 2
4 0 U 3
5 0 U 4
6 0 U 5
7 1 U -1
8 1 U 7
9 1 U 8
10 1 U 9
11 1 U 10
12 1 U 11
13 1 U 12
14 0 U -1
15 0 U 14
16 1 U 15
17 1 U 16
18 1 U 17
19 1 U 18
20 1 U 19
21 1 U -1
22 0 U 21
23 1 U 22
24 0 U 23
25 0 U 24
26 0 U 25
27 0 U 26
28 1 U -1
29 1 U 28
30 1 U 29
31 1 U 30
32 0 U 31
33 1 U 32
34 0 U 33
35 1 U -1
36 1 U 35
37 1 U 36
38 1 U 37
39 0 U 38
40 0 U 39
41 0 U 40
42 1 U -1
43 0 U 42
44 0 U 43
45 0 U 44
46 1 U 45
47 1 U 46
48 0 U 47
49 1 U -1
50 1 U 49
51 0 U 50
52 1 U 51
53 0 U 52
54 1 U 53
55 1 U 54
56 1 U -1
57 1 U 56
58 1 U 57
59 0 U 58
# score :56 1261887
# W : 516749 , H : 663204
60
0 1 U -1
1 1 U 0
2 1 U 1
3 0 U 2
4 0 U 3
5 0 U 4
6 0 U 5
7 0 U -1
8 1 U 7
9 0 U 8
10 0 U 9
11 0 U 10
12 1 U 11
13 0 U 12
14 1 U -1
15 0 U 14
16 0 U 15
17 1 U 16
18 1 U 17
19 1 U 18
20 1 U 19
21 1 U -1
22 0 U 21
23 1 U 22
24 0 U 23
25 1 U 24
26 0 U 25
27 0 U 26
28 1 U -1
29 1 U 28
30 1 U 29
31 0 U 30
32 1 U 31
33 0 U 32
34 0 U 33
35 1 U -1
36 1 U 35
37 0 U 36
38 0 U 37
39 0 U 38
40 1 U 39
41 1 U 40
42 1 U -1
43 1 U 42
44 0 U 43
45 0 U 44
46 1 U 45
47 0 U 46
48 0 U 47
49 0 U -1
50 1 U 49
51 0 U 50
52 1 U 51
53 0 U 52
54 0 U 53
55 1 U 54
56 0 U -1
57 0 U 56
58 1 U 57
59 0 U 58
# score :57 1243464
# W : 465849 , H : 706474
60
0 0 U -1
1 0 U 0
2 1 U 1
3 1 U 2
4 1 U 3
5 0 U 4
6 0 U 5
7 0 U -1
8 1 U 7
9 1 U 8
10 1 U 9
11 1 U 10
12 1 U 11
13 0 U 12
14 0 U -1
15 0 U 14
16 0 U 15
17 1 U 16
18 1 U 17
19 1 U 18
20 0 U 19
21 1 U -1
22 1 U 21
23 1 U 22
24 1 U 23
25 0 U 24
26 0 U 25
27 1 U 26
28 1 U -1
29 1 U 28
30 0 U 29
31 0 U 30
32 0 U 31
33 0 U 32
34 0 U 33
35 1 U -1
36 1 U 35
37 0 U 36
38 1 U 37
39 1 U 38
40 1 U 39
41 0 U 40
42 1 U -1
43 1 U 42
44 0 U 43
45 1 U 44
46 1 U 45
47 1 U 46
48 1 U 47
49 1 L 42
50 0 L 43
51 0 L 44
52 0 L 45
53 1 L 46
54 0 L 47
55 1 L 48
56 1 U -1
57 1 U 56
58 1 U 57
59 0 U 58
# score :58 1427638
# W : 548063 , H : 620197
60
0 1 U -1
1 0 U 0
2 0 U 1
3 0 U 2
4 0 U 3
5 1 U 4
6 0 U 5
7 1 U -1
8 1 U 7
9 0 U 8
10 0 U 9
11 0 U 10
12 0 U 11
13 1 U 12
14 1 U -1
15 0 U 14
16 0 U 15
17 1 U 16
18 0 U 17
19 1 U 18
20 0 U 19
21 1 U -1
22 1 U 21
23 1 U 22
24 1 U 23
25 0 U 24
26 0 U 25
27 1 U 26
28 1 U -1
29 1 U 28
30 0 U 29
31 1 U 30
32 0 U 31
33 1 U 32
34 1 U 33
35 1 U -1
36 1 U 35
37 0 U 36
38 1 U 37
39 1 U 38
40 1 U 39
41 1 U 40
42 1 U -1
43 1 U 42
44 1 U 43
45 0 U 44
46 1 U 45
47 0 U 46
48 0 U 47
49 1 L 42
50 1 L 43
51 0 L 44
52 1 L 45
53 1 L 46
54 1 L 47
55 1 L 48
56 0 U -1
57 0 U 56
58 0 U 57
59 0 U 58
# score :59 1358884
# W : 609824 , H : 631389
60
0 0 U -1
1 1 U 0
2 1 U 1
3 1 U 2
4 0 U 3
5 0 U 4
6 0 U 5
7 0 U -1
8 1 U 7
9 0 U 8
10 1 U 9
11 1 U 10
12 1 U 11
13 1 U 12
14 0 U -1
15 0 U 14
16 0 U 15
17 0 U 16
18 0 U 17
19 1 U 18
20 1 U 19
21 0 U -1
22 1 U 21
23 1 U 22
24 0 U 23
25 1 U 24
26 1 U 25
27 1 U 26
28 0 U -1
29 1 U 28
30 0 U 29
31 0 U 30
32 0 U 31
33 1 U 32
34 0 U 33
35 1 U -1
36 1 U 35
37 0 U 36
38 0 U 37
39 0 U 38
40 0 U 39
41 1 U 40
42 1 U -1
43 1 U 42
44 1 U 43
45 0 U 44
46 1 U 45
47 0 U 46
48 1 U 47
49 1 L 35
50 0 L 36
51 1 L 37
52 0 L 38
53 1 L 39
54 0 L 40
55 1 L 41
56 0 U -1
57 0 U 56
58 1 U 57
59 1 U 58
# score :60 1443700
# W : 715298 , H : 554265
60
0 1 U -1
1 0 U 0
2 0 U 1
3 0 U 2
4 1 U 3
5 0 U 4
6 1 U 5
7 0 U -1
8 0 U 7
9 1 U 8
10 1 U 9
11 0 U 10
12 1 U 11
13 1 U 12
14 0 U -1
15 0 U 14
16 0 U 15
17 0 U 16
18 1 U 17
19 1 U 18
20 0 U 19
21 1 U -1
22 0 U 21
23 1 U 22
24 1 U 23
25 0 U 24
26 1 U 25
27 0 U 26
28 0 U -1
29 1 U 28
30 1 U 29
31 0 U 30
32 1 U 31
33 1 U 32
34 1 U 33
35 0 U -1
36 0 U 35
37 1 U 36
38 0 U 37
39 0 U 38
40 1 U 39
41 0 U 40
42 1 U -1
43 0 U 42
44 1 U 43
45 0 U 44
46 0 U 45
47 1 U 46
48 0 U 47
49 1 L 35
50 0 L 36
51 0 L 37
52 0 L 38
53 0 L 39
54 1 L 40
55 1 L 41
56 1 U -1
57 1 U 56
58 0 U 57
59 1 U 58
# score :61 1508970
# W : 717699 , H : 609946
60
0 1 U -1
1 0 U 0
2 1 U 1
3 0 U 2
4 0 U 3
5 1 U 4
6 0 U 5
7 0 U -1
8 1 U 7
9 1 U 8
10 0 U 9
11 0 U 10
12 1 U 11
13 0 U 12
14 0 U -1
15 0 U 14
16 1 U 15
17 1 U 16
18 1 U 17
19 0 U 18
20 0 U 19
21 1 U -1
22 0 U 21
23 1 U 22
24 0 U 23
25 0 U 24
26 0 U 25
27 1 U 26
28 1 U -1
29 0 U 28
30 1 U 29
31 1 U 30
32 1 U 31
33 0 U 32
34 1 U 33
35 0 U -1
36 0 U 35
37 0 U 36
38 0 U 37
39 0 U 38
40 0 U 39
41 0 U 40
42 0 U -1
43 1 U 42
44 1 U 43
45 0 U 44
46 0 U 45
47 0 U 46
48 0 U 47
49 1 L 35
50 1 L 36
51 0 L 37
52 1 L 38
53 1 L 39
54 0 L 40
55 0 L 41
56 1 U -1
57 1 U 56
58 1 U 57
59 0 U 58
# score :62 1545290
# W : 747391 , H : 586865
60
0 0 U -1
1 0 U 0
2 1 U 1
3 0 U 2
4 0 U 3
5 0 U 4
6 0 U 5
7 1 U -1
8 0 U 7
9 1 U 8
10 0 U 9
11 0 U 10
12 1 U 11
13 0 U 12
14 1 U -1
15 0 U 14
16 0 U 15
17 1 U 16
18 1 U 17
19 1 U 18
20 1 U 19
21 1 U -1
22 0 U 21
23 0 U 22
24 0 U 23
25 1 U 24
26 0 U 25
27 0 U 26
28 1 U -1
29 0 U 28
30 0 U 29
31 1 U 30
32 1 U 31
33 0 U 32
34 0 U 33
35 0 U -1
36 0 U 35
37 0 U 36
38 1 U 37
39 0 U 38
40 0 U 39
41 1 U 40
42 0 U -1
43 0 U 42
44 0 U 43
45 0 U 44
46 0 U 45
47 1 U 46
48 0 U 47
49 1 L 35
50 1 L 36
51 1 L 37
52 1 L 38
53 1 L 39
54 0 L 40
55 0 L 41
56 0 U -1
57 1 U 56
58 0 U 57
59 1 U 58
# score :63 1459854
# W : 602559 , H : 582211
60
0 0 U -1
1 0 U 0
2 0 U 1
3 0 U 2
4 1 U 3
5 0 U 4
6 1 U 5
7 0 U -1
8 0 U 7
9 0 U 8
10 0 U 9
11 0 U 10
12 0 U 11
13 1 U 12
14 0 U -1
15 1 U 14
16 1 U 15
17 0 U 16
18 0 U 17
19 0 U 18
20 0 U 19
21 1 U -1
22 0 U 21
23 1 U 22
24 1 U 23
25 1 U 24
26 1 U 25
27 1 U 26
28 0 U -1
29 0 U 28
30 1 U 29
31 0 U 30
32 0 U 31
33 1 U 32
34 1 U 33
35 0 U -1
36 0 U 35
37 0 U 36
38 1 U 37
39 0 U 38
40 0 U 39
41 0 U 40
42 1 U -1
43 1 U 42
44 1 U 43
45 1 U 44
46 0 U 45
47 1 U 46
48 1 U 47
49 0 U -1
50 1 U 49
51 0 U 50
52 1 U 51
53 0 U 52
54 1 U 53
55 1 U 54
56 1 U -1
57 0 U 56
58 1 U 57
59 1 U 58
# score :64 1170725
# W : 461276 , H : 661521
60
0 1 U -1
1 0 U 0
2 0 U 1
3 0 U 2
4 1 U 3
5 0 U 4
6 1 U 5
7 0 U -1
8 1 U 7
9 1 U 8
10 0 U 9
11 0 U 10
12 0 U 11
13 0 U 12
14 0 U -1
15 0 U 14
16 1 U 15
17 0 U 16
18 1 U 17
19 0 U 18
20 1 U 19
21 1 U -1
22 1 U 21
23 0 U 22
24 0 U 23
25 1 U 24
26 1 U 25
27 1 U 26
28 1 U -1
29 1 U 28
30 0 U 29
31 0 U 30
32 1 U 31
33 0 U 32
34 1 U 33
35 1 U -1
36 1 U 35
37 1 U 36
38 0 U 37
39 0 U 38
40 0 U 39
41 1 U 40
42 0 U -1
43 0 U 42
44 1 U 43
45 1 U 44
46 1 U 45
47 1 U 46
48 1 U 47
49 0 U -1
50 0 U 49
51 1 U 50
52 0 U 51
53 0 U 52
54 1 U 53
55 0 U 54
56 1 U -1
57 0 U 56
58 0 U 57
59 1 U 58
# score :65 1186682
# W : 457608 , H : 686299
60
0 1 U -1
1 0 U 0
2 1 U 1
3 0 U 2
4 1 U 3
5 1 U 4
6 0 U 5
7 0 U -1
8 0 U 7
9 0 U 8
10 0 U 9
11 0 U 10
12 1 U 11
13 1 U 12
14 1 U -1
15 0 U 14
16 0 U 15
17 0 U 16
18 0 U 17
19 0 U 18
20 0 U 19
21 0 U -1
22 0 U 21
23 0 U 22
24 0 U 23
25 0 U 24
26 1 U 25
27 0 U 26
28 1 U -1
29 1 U 28
30 0 U 29
31 0 U 30
32 0 U 31
33 0 U 32
34 1 U 33
35 0 U -1
36 0 U 35
37 1 U 36
38 1 U 37
39 0 U 38
40 1 U 39
41 1 U 40
42 0 U -1
43 1 U 42
44 0 U 43
45 0 U 44
46 0 U 45
47 1 U 46
48 1 U 47
49 0 L 42
50 1 L 43
51 1 L 44
52 1 L 45
53 1 L 46
54 1 L 47
55 1 L 48
56 1 U -1
57 0 U 56
58 1 U 57
59 1 U 58
# score :66 1350324
# W : 756475 , H : 604616
60
0 0 U -1
1 0 U 0
2 1 U 1
3 1 U 2
4 1 U 3
5 1 U 4
6 1 U 5
7 1 U -1
8 0 U 7
9 0 U 8
10 1 U 9
11 0 U 10
12 1 U 11
13 1 U 12
14 1 U -1
15 1 U 14
16 0 U 15
17 1 U 16
18 1 U 17
19 0 U 18
20 1 U 19
21 1 U -1
22 0 U 21
23 0 U 22
24 0 U 23
25 0 U 24
26 1 U 25
27 0 U 26
28 0 U -1
29 0 U 28
30 0 U 29
31 0 U 30
32 1 U 31
33 1 U 32
34 0 U 33
35 1 U -1
36 1 U 35
37 0 U 36
38 1 U 37
39 1 U 38
40 0 U 39
41 1 U 40
42 1 U -1
43 1 U 42
44 0 U 43
45 0 U 44
46 1 U 45
47 0 U 46
48 0 U 47
49 1 L 42
50 1 L 43
51 1 L 44
52 0 L 45
53 0 L 46
54 1 L 47
55 1 L 48
56 1 U -1
57 0 U 56
58 1 U 57
59 1 U 58
# score :67 1255578
# W : 640725 , H : 580071
60
0 0 U -1
1 1 U 0
2 0 U 1
3 1 U 2
4 0 U 3
5 0 U 4
6 0 U 5
7 1 U -1
8 0 U 7
9 1 U 8
10 0 U 9
11 1 U 10
12 0 U 11
13 1 U 12
14 0 U -1
15 1 U 14
16 0 U 15
17 0 U 16
18 1 U 17
19 0 U 18
20 0 U 19
21 0 U -1
22 0 U 21
23 0 U 22
24 0 U 23
25 0 U 24
26 0 U 25
27 0 U 26
28 0 U -1
29 1 U 28
30 1 U 29
31 1 U 30
32 0 U 31
33 1 U 32
34 0 U 33
35 1 U -1
36 0 U 35
37 1 U 36
38 0 U 37
39 1 U 38
40 0 U 39
41 0 U 40
42 1 U -1
43 0 U 42
44 0 U 43
45 1 U 44
46 1 U 45
47 0 U 46
48 0 U 47
49 1 L 35
50 1 L 36
51 0 L 37
52 0 L 38
53 1 L 39
54 0 L 40
55 1 L 41
56 0 U -1
57 1 U 56
58 1 U 57
59 0 U 58
# score :68 1441617
# W : 717093 , H : 591156
60
0 1 U -1
1 1 U 0
2 1 U 1
3 0 U 2
4 1 U 3
5 0 U 4
6 1 U 5
7 1 U -1
8 0 U 7
9 0 U 8
10 1 U 9
11 0 U 10
12 0 U 11
13 1 U 12
14 1 U -1
15 1 U 14
16 0 U 15
17 0 U 16
18 0 U 17
19 1 U 18
20 0 U 19
21 0 U -1
22 0 U 21
23 0 U 22
24 0 U 23
25 1 U 24
26 1 U 25
27 1 U 26
28 1 U -1
29 1 U 28
30 0 U 29
31 0 U 30
32 1 U 31
33 1 U 32
34 0 U 33
35 1 U -1
36 1 U 35
37 1 U 36
38 0 U 37
39 1 U 38
40 0 U 39
41 0 U 40
42 0 U -1
43 1 U 42
44 0 U 43
45 0 U 44
46 1 U 45
47 0 U 46
48 0 U 47
49 0 L 35
50 0 L 36
51 1 L 37
52 0 L 38
53 1 L 39
54 1 L 40
55 0 L 41
56 0 U -1
57 1 U 56
58 0 U 57
59 1 U 58
# score :69 1239461
# W : 809501 , H : 540040
60
0 0 U -1
1 0 U 0
2 0 U 1
3 1 U 2
4 0 U 3
5 1 U 4
6 1 U 5
7 1 U -1
8 0 U 7
9 1 U 8
10 1 U 9
11 0 U 10
12 1 U 11
13 0 U 12
14 0 U -1
15 1 U 14
16 1 U 15
17 0 U 16
18 0 U 17
19 0 U 18
20 0 U 19
21 0 U -1
22 0 U 21
23 1 U 22
24 0 U 23
25 1 U 24
26 0 U 25
27 0 U 26
28 0 U -1
29 0 U 28
30 0 U 29
31 1 U 30
32 1 U 31
33 1 U 32
34 1 U 33
35 0 U -1
36 1 U 35
37 0 U 36
38 0 U 37
39 0 U 38
40 1 U 39
41 1 U 40
42 1 U -1
43 0 U 42
44 0 U 43
45 1 U 44
46 1 U 45
47 1 U 46
48 0 U 47
49 0 L 35
50 1 L 36
51 1 L 37
52 0 L 38
53 1 L 39
54 1 L 40
55 0 L 41
56 0 U -1
57 1 U 56
58 1 U 57
59 0 U 58
# score :70 1345324
# W : 540856 , H : 634970
60
0 0 U -1
1 1 U 0
2 1 U 1
3 1 U 2
4 1 U 3
5 0 U 4
6 1 U 5
7 0 U -1
8 0 U 7
9 1 U 8
10 0 U 9
11 0 U 10
12 0 U 11
13 1 U 12
14 1 U -1
15 0 U 14
16 1 U 15
17 0 U 16
18 1 U 17
19 1 U 18
20 1 U 19
21 0 U -1
22 0 U 21
23 1 U 22
24 1 U 23
25 0 U 24
26 1 U 25
27 0 U 26
28 1 U -1
29 1 U 28
30 0 U 29
31 1 U 30
32 0 U 31
33 1 U 32
34 1 U 33
35 0 U -1
36 0 U 35
37 0 U 36
38 1 U 37
39 1 U 38
40 1 U 39
41 1 U 40
42 0 U -1
43 0 U 42
44 1 U 43
45 1 U 44
46 1 U 45
47 0 U 46
48 0 U 47
49 1 L 35
50 0 L 36
51 0 L 37
52 0 L 38
53 0 L 39
54 0 L 40
55 1 L 41
56 1 U -1
57 0 U 56
58 1 U 57
59 0 U 58
# score :71 1541204
# W : 694382 , H : 613453
60
0 0 U -1
1 1 U 0
2 1 U 1
3 0 U 2
4 0 U 3
5 0 U 4
6 1 U 5
7 1 U -1
8 1 U 7
9 1 U 8
10 1 U 9
11 1 U 10
12 1 U 11
13 0 U 12
14 0 U -1
15 1 U 14
16 1 U 15
17 1 U 16
18 1 U 17
19 0 U 18
20 0 U 19
21 1 U -1
22 0 U 21
23 0 U 22
24 1 U 23
25 1 U 24
26 1 U 25
27 0 U 26
28 0 U -1
29 0 U 28
30 0 U 29
31 0 U 30
32 1 U 31
33 0 U 32
34 1 U 33
35 0 U -1
36 1 U 35
37 0 U 36
38 1 U 37
39 1 U 38
40 1 U 39
41 0 U 40
42 0 U -1
43 0 U 42
44 1 U 43
45 1 U 44
46 0 U 45
47 1 U 46
48 0 U 47
49 0 U -1
50 1 U 49
51 0 U 50
52 0 U 51
53 1 U 52
54 1 U 53
55 1 U 54
56 0 U -1
57 1 U 56
58 1 U 57
59 1 U 58
# score :72 1330168
# W : 531121 , H : 671271
60
0 0 U -1
1 0 U 0
2 1 U 1
3 1 U 2
4 1 U 3
5 1 U 4
6 0 U 5
7 1 U -1
8 0 U 7
9 0 U 8
10 1 U 9
11 0 U 10
12 1 U 11
13 1 U 12
14 0 U -1
15 0 U 14
16 1 U 15
17 1 U 16
18 0 U 17
19 1 U 18
20 0 U 19
21 0 U -1
22 0 U 21
23 1 U 22
24 0 U 23
25 0 U 24
26 1 U 25
27 1 U 26
28 1 U -1
29 0 U 28
30 1 U 29
31 0 U 30
32 0 U 31
33 0 U 32
34 0 U 33
35 1 U -1
36 1 U 35
37 1 U 36
38 1 U 37
39 1 U 38
40 1 U 39
41 0 U 40
42 0 U -1
43 0 U 42
44 0 U 43
45 0 U 44
46 0 U 45
47 1 U 46
48 1 U 47
49 1 U -1
50 1 U 49
51 1 U 50
52 0 U 51
53 1 U 52
54 0 U 53
55 1 U 54
56 1 U -1
57 0 U 56
58 1 U 57
59 1 U 58
# score :73 1238449
# W : 469476 , H : 672072
60
0 0 U -1
1 0 U 0
2 1 U 1
3 0 U 2
4 0 U 3
5 0 U 4
6 1 U 5
7 0 U -1
8 1 U 7
9 1 U 8
10 1 U 9
11 1 U 10
12 1 U 11
13 1 U 12
14 0 U -1
15 1 U 14
16 1 U 15
17 0 U 16
18 0 U 17
19 1 U 18
20 0 U 19
21 0 U -1
22 0 U 21
23 0 U 22
24 1 U 23
25 1 U 24
26 0 U 25
27 1 U 26
28 1 U -1
29 0 U 28
30 0 U 29
31 1 U 30
32 0 U 31
33 1 U 32
34 1 U 33
35 0 U -1
36 1 U 35
37 1 U 36
38 1 U 37
39 1 U 38
40 1 U 39
41 0 U 40
42 1 U -1
43 0 U 42
44 0 U 43
45 1 U 44
46 1 U 45
47 1 U 46
48 1 U 47
49 1 L 42
50 0 L 43
51 0 L 44
52 0 L 45
53 1 L 46
54 1 L 47
55 0 L 48
56 1 U -1
57 1 U 56
58 1 U 57
59 0 U 58
# score :74 1480411
# W : 615705 , H : 655559
60
0 0 U -1
1 1 U 0
2 0 U 1
3 0 U 2
4 0 U 3
5 1 U 4
6 1 U 5
7 0 U -1
8 1 U 7
9 1 U 8
10 0 U 9
11 1 U 10
12 0 U 11
13 1 U 12
14 0 U -1
15 1 U 14
16 0 U 15
17 1 U 16
18 1 U 17
19 1 U 18
20 1 U 19
21 0 U -1
22 1 U 21
23 1 U 22
24 0 U 23
25 0 U 24
26 0 U 25
27 1 U 26
28 0 U -1
29 0 U 28
30 0 U 29
31 1 U 30
32 0 U 31
33 1 U 32
34 1 U 33
35 0 U -1
36 1 U 35
37 0 U 36
38 1 U 37
39 0 U 38
40 0 U 39
41 0 U 40
42 0 U -1
43 0 U 42
44 0 U 43
45 0 U 44
46 1 U 45
47 0 U 46
48 0 U 47
49 1 L 42
50 0 L 43
51 0 L 44
52 0 L 45
53 1 L 46
54 1 L 47
55 0 L 48
56 1 U -1
57 0 U 56
58 0 U 57
59 1 U 58
# score :75 1242073
# W : 711353 , H : 636829
60
0 0 U -1
1 0 U 0
2 0 U 1
3 0 U 2
4 0 U 3
5 0 U 4
6 1 U 5
7 1 U -1
8 0 U 7
9 1 U 8
10 0 U 9
11 0 U 10
12 1 U 11
13 0 U 12
14 0 U -1
15 1 U 14
16 1 U 15
17 1 U 16
18 1 U 17
19 0 U 18
20 0 U 19
21 1 U -1
22 1 U 21
23 1 U 22
24 0 U 23
25 0 U 24
26 0 U 25
27 0 U 26
28 1 U -1
29 0 U 28
30 0 U 29
31 0 U 30
32 1 U 31
33 0 U 32
34 1 U 33
35 1 U -1
36 0 U 35
37 0 U 36
38 0 U 37
39 0 U 38
40 0 U 39
41 1 U 40
42 0 U -1
43 0 U 42
44 1 U 43
45 0 U 44
46 0 U 45
47 0 U 46
48 1 U 47
49 0 L 35
50 1 L 36
51 0 L 37
52 1 L 38
53 0 L 39
54 0 L 40
55 0 L 41
56 0 U -1
57 1 U 56
58 0 U 57
59 0 U 58
# score :76 1472608
# W : 651161 , H : 627973
60
0 0 U -1
1 1 U 0
2 0 U 1
3 0 U 2
4 1 U 3
5 0 U 4
6 0 U 5
7 0 U -1
8 1 U 7
9 1 U 8
10 0 U 9
11 0 U 10
12 0 U 11
13 0 U 12
14 0 U -1
15 1 U 14
16 0 U 15
17 1 U 16
18 0 U 17
19 0 U 18
20 1 U 19
21 1 U -1
22 1 U 21
23 1 U 22
24 1 U 23
25 0 U 24
26 1 U 25
27 1 U 26
28 1 U -1
29 1 U 28
30 1 U 29
31 1 U 30
32 0 U 31
33 1 U 32
34 0 U 33
35 0 U -1
36 1 U 35
37 1 U 36
38 0 U 37
39 1 U 38
40 0 U 39
41 1 U 40
42 0 U -1
43 1 U 42
44 0 U 43
45 1 U 44
46 0 U 45
47 0 U 46
48 0 U 47
49 0 L 35
50 1 L 36
51 1 L 37
52 0 L 38
53 0 L 39
54 1 L 40
55 1 L 41
56 1 U -1
57 0 U 56
58 1 U 57
59 1 U 58
# score :77 1378568
# W : 633640 , H : 573540
60
0 1 U -1
1 0 U 0
2 0 U 1
3 0 U 2
4 0 U 3
5 1 U 4
6 1 U 5
7 0 U -1
8 0 U 7
9 0 U 8
10 1 U 9
11 1 U 10
12 0 U 11
13 1 U 12
14 0 U -1
15 1 U 14
16 1 U 15
17 0 U 16
18 0 U 17
19 0 U 18
20 0 U 19
21 1 U -1
22 0 U 21
23 1 U 22
24 1 U 23
25 1 U 24
26 1 U 25
27 0 U 26
28 0 U -1
29 0 U 28
30 1 U 29
31 1 U 30
32 1 U 31
33 0 U 32
34 0 U 33
35 0 U -1
36 0 U 35
37 1 U 36
38 1 U 37
39 0 U 38
40 1 U 39
41 1 U 40
42 1 U -1
43 1 U 42
44 1 U 43
45 0 U 44
46 0 U 45
47 0 U 46
48 0 U 47
49 0 L 35
50 0 L 36
51 1 L 37
52 0 L 38
53 1 L 39
54 1 L 40
55 0 L 41
56 1 U -1
57 1 U 56
58 0 U 57
59 1 U 58
# score :78 1497229
# W : 844439 , H : 605281
60
0 1 U -1
1 0 U 0
2 0 U 1
3 0 U 2
4 1 U 3
5 1 U 4
6 0 U 5
7 1 U -1
8 0 U 7
9 0 U 8
10 0 U 9
11 1 U 10
12 1 U 11
13 0 U 12
14 0 U -1
15 1 U 14
16 0 U 15
17 1 U 16
18 1 U 17
19 1 U 18
20 0 U 19
21 0 U -1
22 1 U 21
23 0 U 22
24 0 U 23
25 1 U 24
26 0 U 25
27 1 U 26
28 1 U -1
29 1 U 28
30 0 U 29
31 0 U 30
32 1 U 31
33 1 U 32
34 0 U 33
35 0 U -1
36 1 U 35
37 1 U 36
38 0 U 37
39 0 U 38
40 1 U 39
41 1 U 40
42 1 U -1
43 0 U 42
44 0 U 43
45 0 U 44
46 1 U 45
47 1 U 46
48 0 U 47
49 0 L 35
50 0 L 36
51 0 L 37
52 1 L 38
53 0 L 39
54 1 L 40
55 0 L 41
56 1 U -1
57 0 U 56
58 1 U 57
59 0 U 58
# score :79 1374518
# W : 896597 , H : 578680
60
0 1 U -1
1 0 U 0
2 0 U 1
3 1 U 2
4 0 U 3
5 1 U 4
6 1 U 5
7 1 U -1
8 0 U 7
9 0 U 8
10 1 U 9
11 0 U 10
12 0 U 11
13 1 U 12
14 0 U -1
15 0 U 14
16 1 U 15
17 1 U 16
18 1 U 17
19 1 U 18
20 1 U 19
21 1 U -1
22 1 U 21
23 0 U 22
24 0 U 23
25 1 U 24
26 0 U 25
27 0 U 26
28 1 U -1
29 0 U 28
30 0 U 29
31 0 U 30
32 1 U 31
33 1 U 32
34 0 U 33
35 1 U -1
36 0 U 35
37 0 U 36
38 1 U 37
39 1 U 38
40 1 U 39
41 0 U 40
42 1 U -1
43 1 U 42
44 1 U 43
45 1 U 44
46 1 U 45
47 1 U 46
48 0 U 47
49 1 U -1
50 0 U 49
51 1 U 50
52 1 U 51
53 0 U 52
54 1 U 53
55 1 U 54
56 0 U -1
57 0 U 56
58 0 U 57
59 0 U 58
# score :80 1242429
# W : 504819 , H : 698622
60
0 0 U -1
1 1 U 0
2 1 U 1
3 0 U 2
4 0 U 3
5 1 U 4
6 1 U 5
7 0 U -1
8 1 U 7
9 0 U 8
10 0 U 9
11 1 U 10
12 0 U 11
13 1 U 12
14 1 U -1
15 0 U 14
16 0 U 15
17 0 U 16
18 0 U 17
19 1 U 18
20 1 U 19
21 1 U -1
22 0 U 21
23 0 U 22
24 0 U 23
25 1 U 24
26 0 U 25
27 0 U 26
28 0 U -1
29 0 U 28
30 0 U 29
31 1 U 30
32 0 U 31
33 1 U 32
34 1 U 33
35 0 U -1
36 1 U 35
37 1 U 36
38 1 U 37
39 1 U 38
40 0 U 39
41 0 U 40
42 1 U -1
43 0 U 42
44 1 U 43
45 1 U 44
46 0 U 45
47 1 U 46
48 0 U 47
49 0 U -1
50 0 U 49
51 1 U 50
52 0 U 51
53 1 U 52
54 0 U 53
55 0 U 54
56 1 U -1
57 0 U 56
58 0 U 57
59 0 U 58
# score :81 1242437
# W : 495312 , H : 766776
60
0 1 U -1
1 1 U 0
2 0 U 1
3 1 U 2
4 0 U 3
5 0 U 4
6 0 U 5
7 1 U -1
8 1 U 7
9 0 U 8
10 1 U 9
11 1 U 10
12 1 U 11
13 1 U 12
14 1 U -1
15 1 U 14
16 0 U 15
17 0 U 16
18 1 U 17
19 1 U 18
20 1 U 19
21 0 U -1
22 1 U 21
23 1 U 22
24 1 U 23
25 0 U 24
26 1 U 25
27 0 U 26
28 1 U -1
29 0 U 28
30 0 U 29
31 1 U 30
32 1 U 31
33 0 U 32
34 0 U 33
35 0 U -1
36 1 U 35
37 1 U 36
38 1 U 37
39 0 U 38
40 1 U 39
41 0 U 40
42 0 U -1
43 1 U 42
44 0 U 43
45 0 U 44
46 0 U 45
47 1 U 46
48 1 U 47
49 1 L 42
50 0 L 43
51 0 L 44
52 0 L 45
53 1 L 46
54 1 L 47
55 0 L 48
56 0 U -1
57 1 U 56
58 0 U 57
59 1 U 58
# score :82 1200296
# W : 760658 , H : 603704
60
0 1 U -1
1 0 U 0
2 1 U 1
3 1 U 2
4 0 U 3
5 0 U 4
6 1 U 5
7 1 U -1
8 0 U 7
9 0 U 8
10 0 U 9
11 1 U 10
12 0 U 11
13 0 U 12
14 1 U -1
15 0 U 14
16 1 U 15
17 0 U 16
18 0 U 17
19 0 U 18
20 1 U 19
21 1 U -1
22 0 U 21
23 0 U 22
24 0 U 23
25 1 U 24
26 0 U 25
27 0 U 26
28 1 U -1
29 0 U 28
30 0 U 29
31 0 U 30
32 0 U 31
33 1 U 32
34 1 U 33
35 1 U -1
36 0 U 35
37 0 U 36
38 1 U 37
39 1 U 38
40 1 U 39
41 0 U 40
42 0 U -1
43 1 U 42
44 1 U 43
45 1 U 44
46 1 U 45
47 0 U 46
48 0 U 47
49 1 L 42
50 1 L 43
51 0 L 44
52 1 L 45
53 0 L 46
54 1 L 47
55 0 L 48
56 0 U -1
57 1 U 56
58 0 U 57
59 1 U 58
# score :83 1334478
# W : 639122 , H : 683147
60
0 0 U -1
1 0 U 0
2 1 U 1
3 1 U 2
4 1 U 3
5 0 U 4
6 1 U 5
7 0 U -1
8 1 U 7
9 1 U 8
10 0 U 9
11 1 U 10
12 1 U 11
13 0 U 12
14 0 U -1
15 1 U 14
16 1 U 15
17 0 U 16
18 1 U 17
19 0 U 18
20 0 U 19
21 1 U -1
22 1 U 21
23 1 U 22
24 0 U 23
25 0 U 24
26 0 U 25
27 0 U 26
28 0 U -1
29 1 U 28
30 1 U 29
31 0 U 30
32 0 U 31
33 1 U 32
34 1 U 33
35 0 U -1
36 0 U 35
37 0 U 36
38 1 U 37
39 0 U 38
40 0 U 39
41 1 U 40
42 1 U -1
43 1 U 42
44 0 U 43
45 0 U 44
46 1 U 45
47 0 U 46
48 0 U 47
49 1 L 35
50 1 L 36
51 0 L 37
52 1 L 38
53 1 L 39
54 0 L 40
55 1 L 41
56 0 U -1
57 0 U 56
58 0 U 57
59 0 U 58
# score :84 1563358
# W : 748222 , H : 573425
60
0 1 U -1
1 0 U 0
2 1 U 1
3 1 U 2
4 0 U 3
5 1 U 4
6 1 U 5
7 1 U -1
8 1 U 7
9 1 U 8
10 1 U 9
11 1 U 10
12 1 U 11
13 1 U 12
14 0 U -1
15 0 U 14
16 0 U 15
17 0 U 16
18 0 U 17
19 0 U 18
20 1 U 19
21 1 U -1
22 1 U 21
23 1 U 22
24 1 U 23
25 1 U 24
26 0 U 25
27 1 U 26
28 1 U -1
29 1 U 28
30 0 U 29
31 0 U 30
32 1 U 31
33 1 U 32
34 0 U 33
35 1 U -1
36 1 U 35
37 1 U 36
38 1 U 37
39 1 U 38
40 0 U 39
41 0 U 40
42 1 U -1
43 0 U 42
44 1 U 43
45 0 U 44
46 0 U 45
47 1 U 46
48 0 U 47
49 1 L 35
50 1 L 36
51 1 L 37
52 1 L 38
53 1 L 39
54 1 L 40
55 0 L 41
56 0 U -1
57 0 U 56
58 1 U 57
59 1 U 58
# score :85 1325680
# W : 734811 , H : 575495
60
0 1 U -1
1 1 U 0
2 0 U 1
3 1 U 2
4 0 U 3
5 0 U 4
6 0 U 5
7 0 U -1
8 1 U 7
9 1 U 8
10 1 U 9
11 0 U 10
12 0 U 11
13 0 U 12
14 0 U -1
15 0 U 14
16 1 U 15
17 1 U 16
18 0 U 17
19 0 U 18
20 1 U 19
21 1 U -1
22 0 U 21
23 0 U 22
24 0 U 23
25 1 U 24
26 0 U 25
27 1 U 26
28 1 U -1
29 0 U 28
30 0 U 29
31 1 U 30
32 1 U 31
33 1 U 32
34 0 U 33
35 1 U -1
36 0 U 35
37 1 U 36
38 0 U 37
39 0 U 38
40 1 U 39
41 1 U 40
42 1 U -1
43 1 U 42
44 1 U 43
45 0 U 44
46 0 U 45
47 0 U 46
48 1 U 47
49 0 L 35
50 1 L 36
51 0 L 37
52 1 L 38
53 0 L 39
54 0 L 40
55 1 L 41
56 1 U -1
57 1 U 56
58 1 U 57
59 1 U 58
# score :86 1489535
# W : 797111 , H : 564803
60
0 1 U -1
1 0 U 0
2 0 U 1
3 1 U 2
4 1 U 3
5 0 U 4
6 1 U 5
7 0 U -1
8 0 U 7
9 1 U 8
10 1 U 9
11 0 U 10
12 0 U 11
13 1 U 12
14 0 U -1
15 0 U 14
16 0 U 15
17 0 U 16
18 0 U 17
19 0 U 18
20 1 U 19
21 0 U -1
22 1 U 21
23 0 U 22
24 1 U 23
25 0 U 24
26 1 U 25
27 0 U 26
28 1 U -1
29 0 U 28
30 0 U 29
31 1 U 30
32 1 U 31
33 1 U 32
34 0 U 33
35 0 U -1
36 0 U 35
37 0 U 36
38 0 U 37
39 0 U 38
40 0 U 39
41 0 U 40
42 0 U -1
43 1 U 42
44 1 U 43
45 0 U 44
46 1 U 45
47 1 U 46
48 1 U 47
49 0 L 35
50 0 L 36
51 0 L 37
52 1 L 38
53 1 L 39
54 0 L 40
55 0 L 41
56 0 U -1
57 1 U 56
58 0 U 57
59 0 U 58
# score :87 1569603
# W : 885563 , H : 582710
60
0 1 U -1
1 1 U 0
2 1 U 1
3 1 U 2
4 0 U 3
5 1 U 4
6 1 U 5
7 0 U -1
8 0 U 7
9 1 U 8
10 0 U 9
11 1 U 10
12 0 U 11
13 1 U 12
14 1 U -1
15 0 U 14
16 1 U 15
17 0 U 16
18 1 U 17
19 1 U 18
20 0 U 19
21 0 U -1
22 0 U 21
23 0 U 22
24 1 U 23
25 0 U 24
26 1 U 25
27 0 U 26
28 0 U -1
29 1 U 28
30 0 U 29
31 1 U 30
32 1 U 31
33 1 U 32
34 0 U 33
35 1 U -1
36 0 U 35
37 0 U 36
38 1 U 37
39 0 U 38
40 1 U 39
41 1 U 40
42 0 U -1
43 0 U 42
44 0 U 43
45 1 U 44
46 0 U 45
47 0 U 46
48 0 U 47
49 0 U -1
50 0 U 49
51 0 U 50
52 1 U 51
53 1 U 52
54 0 U 53
55 0 U 54
56 1 U -1
57 0 U 56
58 1 U 57
59 0 U 58
# score :88 1203957
# W : 488486 , H : 663036
60
0 1 U -1
1 0 U 0
2 0 U 1
3 1 U 2
4 0 U 3
5 0 U 4
6 0 U 5
7 1 U -1
8 0 U 7
9 0 U 8
10 0 U 9
11 1 U 10
12 0 U 11
13 1 U 12
14 0 U -1
15 0 U 14
16 0 U 15
17 0 U 16
18 0 U 17
19 1 U 18
20 1 U 19
21 1 U -1
22 0 U 21
23 0 U 22
24 1 U 23
25 0 U 24
26 0 U 25
27 1 U 26
28 1 U -1
29 0 U 28
30 0 U 29
31 0 U 30
32 1 U 31
33 0 U 32
34 1 U 33
35 0 U -1
36 1 U 35
37 1 U 36
38 0 U 37
39 1 U 38
40 1 U 39
41 1 U 40
42 0 U -1
43 0 U 42
44 1 U 43
45 1 U 44
46 0 U 45
47 0 U 46
48 0 U 47
49 1 U -1
50 1 U 49
51 1 U 50
52 1 U 51
53 1 U 52
54 1 U 53
55 0 U 54
56 0 U -1
57 0 U 56
58 0 U 57
59 1 U 58
# score :89 1261429
# W : 546925 , H : 714965
60
0 1 U -1
1 0 U 0
2 0 U 1
3 1 U 2
4 1 U 3
5 1 U 4
6 0 U 5
7 0 U -1
8 0 U 7
9 1 U 8
10 1 U 9
11 0 U 10
12 0 U 11
13 0 U 12
14 0 U -1
15 0 U 14
16 1 U 15
17 0 U 16
18 1 U 17
19 1 U 18
20 1 U 19
21 1 U -1
22 0 U 21
23 0 U 22
24 1 U 23
25 1 U 24
26 0 U 25
27 0 U 26
28 0 U -1
29 0 U 28
30 0 U 29
31 0 U 30
32 1 U 31
33 1 U 32
34 1 U 33
35 1 U -1
36 0 U 35
37 1 U 36
38 0 U 37
39 0 U 38
40 1 U 39
41 1 U 40
42 0 U -1
43 1 U 42
44 0 U 43
45 1 U 44
46 1 U 45
47 0 U 46
48 0 U 47
49 1 L 42
50 0 L 43
51 0 L 44
52 1 L 45
53 0 L 46
54 1 L 47
55 0 L 48
56 1 U -1
57 1 U 56
58 1 U 57
59 1 U 58
# score :90 1378974
# W : 634452 , H : 724385
60
0 1 U -1
1 1 U 0
2 0 U 1
3 1 U 2
4 0 U 3
5 0 U 4
6 1 U 5
7 1 U -1
8 0 U 7
9 0 U 8
10 0 U 9
11 0 U 10
12 1 U 11
13 1 U 12
14 0 U -1
15 1 U 14
16 1 U 15
17 0 U 16
18 1 U 17
19 0 U 18
20 1 U 19
21 1 U -1
22 0 U 21
23 0 U 22
24 1 U 23
25 0 U 24
26 0 U 25
27 1 U 26
28 0 U -1
29 0 U 28
30 1 U 29
31 0 U 30
32 1 U 31
33 0 U 32
34 1 U 33
35 0 U -1
36 1 U 35
37 0 U 36
38 0 U 37
39 1 U 38
40 0 U 39
41 0 U 40
42 1 U -1
43 1 U 42
44 1 U 43
45 0 U 44
46 0 U 45
47 0 U 46
48 1 U 47
49 1 L 42
50 0 L 43
51 1 L 44
52 0 L 45
53 0 L 46
54 0 L 47
55 0 L 48
56 0 U -1
57 1 U 56
58 1 U 57
59 1 U 58
# score :91 1413131
# W : 798425 , H : 613354
60
0 1 U -1
1 0 U 0
2 1 U 1
3 0 U 2
4 0 U 3
5 1 U 4
6 1 U 5
7 1 U -1
8 0 U 7
9 1 U 8
10 0 U 9
11 0 U 10
12 1 U 11
13 1 U 12
14 1 U -1
15 0 U 14
16 0 U 15
17 0 U 16
18 1 U 17
19 0 U 18
20 1 U 19
21 0 U -1
22 1 U 21
23 0 U 22
24 1 U 23
25 0 U 24
26 1 U 25
27 1 U 26
28 0 U -1
29 0 U 28
30 1 U 29
31 0 U 30
32 0 U 31
33 1 U 32
34 0 U 33
35 1 U -1
36 1 U 35
37 1 U 36
38 0 U 37
39 0 U 38
40 1 U 39
41 0 U 40
42 1 U -1
43 0 U 42
44 0 U 43
45 0 U 44
46 1 U 45
47 0 U 46
48 1 U 47
49 0 L 35
50 1 L 36
51 0 L 37
52 0 L 38
53 1 L 39
54 0 L 40
55 0 L 41
56 0 U -1
57 0 U 56
58 1 U 57
59 1 U 58
# score :92 1505506
# W : 835118 , H : 612283
60
0 0 U -1
1 1 U 0
2 0 U 1
3 0 U 2
4 1 U 3
5 1 U 4
6 0 U 5
7 1 U -1
8 0 U 7
9 1 U 8
10 1 U 9
11 1 U 10
12 0 U 11
13 0 U 12
14 0 U -1
15 1 U 14
16 0 U 15
17 1 U 16
18 0 U 17
19 1 U 18
20 0 U 19
21 1 U -1
22 0 U 21
23 0 U 22
24 1 U 23
25 1 U 24
26 1 U 25
27 0 U 26
28 1 U -1
29 1 U 28
30 0 U 29
31 0 U 30
32 0 U 31
33 0 U 32
34 1 U 33
35 0 U -1
36 1 U 35
37 0 U 36
38 0 U 37
39 1 U 38
40 0 U 39
41 1 U 40
42 1 U -1
43 1 U 42
44 0 U 43
45 0 U 44
46 1 U 45
47 1 U 46
48 1 U 47
49 0 L 35
50 1 L 36
51 1 L 37
52 0 L 38
53 1 L 39
54 0 L 40
55 0 L 41
56 0 U -1
57 0 U 56
58 1 U 57
59 0 U 58
# score :93 1494768
# W : 754039 , H : 575976
60
0 0 U -1
1 0 U 0
2 1 U 1
3 0 U 2
4 1 U 3
5 0 U 4
6 0 U 5
7 0 U -1
8 0 U 7
9 0 U 8
10 1 U 9
11 1 U 10
12 0 U 11
13 1 U 12
14 1 U -1
15 1 U 14
16 1 U 15
17 0 U 16
18 0 U 17
19 0 U 18
20 0 U 19
21 0 U -1
22 0 U 21
23 1 U 22
24 0 U 23
25 1 U 24
26 1 U 25
27 0 U 26
28 1 U -1
29 1 U 28
30 0 U 29
31 1 U 30
32 1 U 31
33 1 U 32
34 1 U 33
35 0 U -1
36 1 U 35
37 0 U 36
38 0 U 37
39 0 U 38
40 1 U 39
41 0 U 40
42 0 U -1
43 0 U 42
44 1 U 43
45 1 U 44
46 1 U 45
47 1 U 46
48 0 U 47
49 1 L 35
50 0 L 36
51 1 L 37
52 1 L 38
53 0 L 39
54 1 L 40
55 0 L 41
56 1 U -1
57 0 U 56
58 1 U 57
59 0 U 58
# score :94 1421081
# W : 725936 , H : 622546
60
0 0 U -1
1 0 U 0
2 0 U 1
3 1 U 2
4 0 U 3
5 1 U 4
6 0 U 5
7 1 U -1
8 1 U 7
9 0 U 8
10 0 U 9
11 0 U 10
12 1 U 11
13 1 U 12
14 0 U -1
15 1 U 14
16 1 U 15
17 0 U 16
18 1 U 17
19 1 U 18
20 1 U 19
21 1 U -1
22 1 U 21
23 0 U 22
24 1 U 23
25 1 U 24
26 1 U 25
27 0 U 26
28 1 U -1
29 1 U 28
30 0 U 29
31 0 U 30
32 0 U 31
33 1 U 32
34 0 U 33
35 1 U -1
36 1 U 35
37 0 U 36
38 1 U 37
39 1 U 38
40 0 U 39
41 0 U 40
42 1 U -1
43 1 U 42
44 1 U 43
45 0 U 44
46 0 U 45
47 0 U 46
48 0 U 47
49 1 L 35
50 1 L 36
51 0 L 37
52 1 L 38
53 0 L 39
54 1 L 40
55 0 L 41
56 0 U -1
57 0 U 56
58 1 U 57
59 1 U 58
# score :95 1398318
# W : 741716 , H : 574411
60
0 1 U -1
1 1 U 0
2 0 U 1
3 0 U 2
4 0 U 3
5 0 U 4
6 0 U 5
7 1 U -1
8 0 U 7
9 1 U 8
10 0 U 9
11 1 U 10
12 0 U 11
13 0 U 12
14 1 U -1
15 0 U 14
16 0 U 15
17 0 U 16
18 0 U 17
19 0 U 18
20 1 U 19
21 1 U -1
22 0 U 21
23 1 U 22
24 0 U 23
25 1 U 24
26 1 U 25
27 0 U 26
28 1 U -1
29 0 U 28
30 0 U 29
31 1 U 30
32 0 U 31
33 1 U 32
34 0 U 33
35 1 U -1
36 1 U 35
37 0 U 36
38 1 U 37
39 1 U 38
40 1 U 39
41 0 U 40
42 0 U -1
43 1 U 42
44 0 U 43
45 1 U 44
46 1 U 45
47 0 U 46
48 0 U 47
49 0 U -1
50 0 U 49
51 1 U 50
52 0 U 51
53 1 U 52
54 0 U 53
55 1 U 54
56 1 U -1
57 0 U 56
58 1 U 57
59 1 U 58
# score :96 1296356
# W : 540132 , H : 730395
60
0 0 U -1
1 1 U 0
2 0 U 1
3 0 U 2
4 1 U 3
5 1 U 4
6 0 U 5
7 0 U -1
8 1 U 7
9 0 U 8
10 0 U 9
11 1 U 10
12 0 U 11
13 0 U 12
14 0 U -1
15 0 U 14
16 1 U 15
17 1 U 16
18 1 U 17
19 0 U 18
20 1 U 19
21 1 U -1
22 1 U 21
23 0 U 22
24 1 U 23
25 1 U 24
26 1 U 25
27 1 U 26
28 1 U -1
29 1 U 28
30 1 U 29
31 0 U 30
32 1 U 31
33 1 U 32
34 0 U 33
35 0 U -1
36 1 U 35
37 0 U 36
38 0 U 37
39 1 U 38
40 1 U 39
41 1 U 40
42 1 U -1
43 1 U 42
44 1 U 43
45 1 U 44
46 0 U 45
47 1 U 46
48 0 U 47
49 0 U -1
50 1 U 49
51 0 U 50
52 0 U 51
53 0 U 52
54 1 U 53
55 0 U 54
56 0 U -1
57 0 U 56
58 0 U 57
59 0 U 58
# score :97 1246499
# W : 520115 , H : 670825
60
0 0 U -1
1 1 U 0
2 0 U 1
3 0 U 2
4 1 U 3
5 0 U 4
6 1 U 5
7 0 U -1
8 1 U 7
9 0 U 8
10 0 U 9
11 0 U 10
12 1 U 11
13 0 U 12
14 0 U -1
15 0 U 14
16 1 U 15
17 0 U 16
18 0 U 17
19 1 U 18
20 0 U 19
21 0 U -1
22 0 U 21
23 1 U 22
24 1 U 23
25 0 U 24
26 0 U 25
27 1 U 26
28 0 U -1
29 1 U 28
30 1 U 29
31 0 U 30
32 1 U 31
33 0 U 32
34 1 U 33
35 0 U -1
36 0 U 35
37 1 U 36
38 0 U 37
39 0 U 38
40 0 U 39
41 1 U 40
42 1 U -1
43 1 U 42
44 0 U 43
45 0 U 44
46 1 U 45
47 0 U 46
48 0 U 47
49 0 L 42
50 1 L 43
51 1 L 44
52 0 L 45
53 0 L 46
54 0 L 47
55 0 L 48
56 1 U -1
57 0 U 56
58 1 U 57
59 1 U 58
# score :98 1571842
# W : 834717 , H : 589671
60
0 1 U -1
1 1 U 0
2 0 U 1
3 0 U 2
4 1 U 3
5 0 U 4
6 1 U 5
7 0 U -1
8 0 U 7
9 0 U 8
10 1 U 9
11 0 U 10
12 0 U 11
13 0 U 12
14 1 U -1
15 0 U 14
16 1 U 15
17 1 U 16
18 0 U 17
19 0 U 18
20 1 U 19
21 1 U -1
22 1 U 21
23 0 U 22
24 1 U 23
25 0 U 24
26 0 U 25
27 1 U 26
28 1 U -1
29 0 U 28
30 0 U 29
31 1 U 30
32 0 U 31
33 0 U 32
34 1 U 33
35 0 U -1
36 0 U 35
37 0 U 36
38 0 U 37
39 1 U 38
40 1 U 39
41 1 U 40
42 1 U -1
43 0 U 42
44 0 U 43
45 1 U 44
46 0 U 45
47 1 U 46
48 1 U 47
49 0 L 42
50 0 L 43
51 1 L 44
52 1 L 45
53 1 L 46
54 1 L 47
55 0 L 48
56 0 U -1
57 1 U 56
58 0 U 57
59 0 U 58
# score :99 1266165
# W : 535390 , H : 638176
60
0 0 U -1
1 1 U 0
2 1 U 1
3 0 U 2
4 0 U 3
5 1 U 4
6 0 U 5
7 1 U -1
8 0 U 7
9 0 U 8
10 0 U 9
11 0 U 10
12 1 U 11
13 0 U 12
14 1 U -1
15 1 U 14
16 1 U 15
17 0 U 16
18 1 U 17
19 0 U 18
20 1 U 19
21 1 U -1
22 0 U 21
23 1 U 22
24 0 U 23
25 1 U 24
26 0 U 25
27 1 U 26
28 0 U -1
29 0 U 28
30 0 U 29
31 1 U 30
32 1 U 31
33 1 U 32
34 1 U 33
35 0 U -1
36 0 U 35
37 1 U 36
38 0 U 37
39 1 U 38
40 1 U 39
41 0 U 40
42 1 U -1
43 0 U 42
44 1 U 43
45 0 U 44
46 1 U 45
47 1 U 46
48 0 U 47
49 1 L 35
50 1 L 36
51 0 L 37
52 0 L 38
53 1 L 39
54 1 L 40
55 0 L 41
56 1 U -1
57 1 U 56
58 1 U 57
59 0 U 58
# score :100 1345097
# W : 687836 , H : 576838
60
0 0 U -1
1 1 U 0
2 0 U 1
3 0 U 2
4 0 U 3
5 0 U 4
6 0 U 5
7 1 U -1
8 1 U 7
9 1 U 8
10 1 U 9
11 0 U 10
12 1 U 11
13 1 U 12
14 0 U -1
15 0 U 14
16 0 U 15
17 1 U 16
18 0 U 17
19 0 U 18
20 1 U 19
21 1 U -1
22 1 U 21
23 0 U 22
24 0 U 23
25 0 U 24
26 0 U 25
27 0 U 26
28 0 U -1
29 0 U 28
30 1 U 29
31 1 U 30
32 1 U 31
33 1 U 32
34 0 U 33
35 0 U -1
36 1 U 35
37 0 U 36
38 0 U 37
39 1 U 38
40 1 U 39
41 1 U 40
42 0 U -1
43 1 U 42
44 1 U 43
45 0 U 44
46 1 U 45
47 1 U 46
48 1 U 47
49 1 L 35
50 0 L 36
51 0 L 37
52 1 L 38
53 0 L 39
54 0 L 40
55 1 L 41
56 0 U -1
57 1 U 56
58 1 U 57
59 1 U 58
# score :101 1575821
# W : 870652 , H : 540639
60
0 1 U -1
1 1 U 0
2 1 U 1
3 0 U 2
4 1 U 3
5 0 U 4
6 1 U 5
7 0 U -1
8 0 U 7
9 0 U 8
10 1 U 9
11 0 U 10
12 0 U 11
13 0 U 12
14 0 U -1
15 0 U 14
16 0 U 15
17 0 U 16
18 0 U 17
19 1 U 18
20 0 U 19
21 0 U -1
22 1 U 21
23 0 U 22
24 0 U 23
25 0 U 24
26 0 U 25
27 0 U 26
28 1 U -1
29 0 U 28
30 0 U 29
31 1 U 30
32 1 U 31
33 0 U 32
34 1 U 33
35 1 U -1
36 1 U 35
37 1 U 36
38 0 U 37
39 1 U 38
40 0 U 39
41 0 U 40
42 0 U -1
43 0 U 42
44 1 U 43
45 1 U 44
46 1 U 45
47 0 U 46
48 0 U 47
49 1 L 35
50 0 L 36
51 1 L 37
52 0 L 38
53 0 L 39
54 1 L 40
55 0 L 41
56 1 U -1
57 1 U 56
58 0 U 57
59 1 U 58
# score :102 1262656
# W : 729285 , H : 607338
60
0 1 U -1
1 1 U 0
2 0 U 1
3 1 U 2
4 1 U 3
5 1 U 4
6 1 U 5
7 1 U -1
8 1 U 7
9 1 U 8
10 1 U 9
11 1 U 10
12 0 U 11
13 1 U 12
14 1 U -1
15 0 U 14
16 1 U 15
17 1 U 16
18 0 U 17
19 0 U 18
20 1 U 19
21 1 U -1
22 0 U 21
23 1 U 22
24 0 U 23
25 1 U 24
26 0 U 25
27 0 U 26
28 1 U -1
29 1 U 28
30 1 U 29
31 0 U 30
32 0 U 31
33 1 U 32
34 1 U 33
35 1 U -1
36 0 U 35
37 1 U 36
38 0 U 37
39 1 U 38
40 1 U 39
41 1 U 40
42 1 U -1
43 0 U 42
44 1 U 43
45 1 U 44
46 1 U 45
47 1 U 46
48 1 U 47
49 0 L 35
50 1 L 36
51 1 L 37
52 1 L 38
53 0 L 39
54 1 L 40
55 0 L 41
56 0 U -1
57 1 U 56
58 0 U 57
59 1 U 58
# score :103 1410816
# W : 741706 , H : 572098
60
0 0 U -1
1 1 U 0
2 1 U 1
3 0 U 2
4 1 U 3
5 1 U 4
6 0 U 5
7 0 U -1
8 1 U 7
9 0 U 8
10 1 U 9
11 1 U 10
12 1 U 11
13 1 U 12
14 1 U -1
15 0 U 14
16 1 U 15
17 0 U 16
18 1 U 17
19 1 U 18
20 1 U 19
21 1 U -1
22 1 U 21
23 1 U 22
24 0 U 23
25 1 U 24
26 1 U 25
27 0 U 26
28 1 U -1
29 1 U 28
30 1 U 29
31 0 U 30
32 0 U 31
33 0 U 32
34 1 U 33
35 0 U -1
36 1 U 35
37 1 U 36
38 0 U 37
39 1 U 38
40 0 U 39
41 0 U 40
42 1 U -1
43 1 U 42
44 0 U 43
45 1 U 44
46 1 U 45
47 0 U 46
48 1 U 47
49 1 U -1
50 0 U 49
51 1 U 50
52 1 U 51
53 1 U 52
54 1 U 53
55 1 U 54
56 0 U -1
57 0 U 56
58 1 U 57
59 1 U 58
# score :104 1239929
# W : 525493 , H : 665270
60
0 0 U -1
1 1 U 0
2 0 U 1
3 1 U 2
4 0 U 3
5 1 U 4
6 1 U 5
7 0 U -1
8 0 U 7
9 0 U 8
10 1 U 9
11 1 U 10
12 0 U 11
13 0 U 12
14 1 U -1
15 0 U 14
16 0 U 15
17 0 U 16
18 0 U 17
19 1 U 18
20 0 U 19
21 1 U -1
22 0 U 21
23 0 U 22
24 0 U 23
25 0 U 24
26 1 U 25
27 1 U 26
28 0 U -1
29 0 U 28
30 0 U 29
31 1 U 30
32 1 U 31
33 1 U 32
34 0 U 33
35 1 U -1
36 0 U 35
37 0 U 36
38 0 U 37
39 0 U 38
40 1 U 39
41 1 U 40
42 0 U -1
43 0 U 42
44 0 U 43
45 1 U 44
46 0 U 45
47 0 U 46
48 1 U 47
49 1 U -1
50 0 U 49
51 0 U 50
52 0 U 51
53 1 U 52
54 0 U 53
55 1 U 54
56 0 U -1
57 1 U 56
58 0 U 57
59 1 U 58
# score :105 1236581
# W : 513904 , H : 709810
60
0 1 U -1
1 1 U 0
2 1 U 1
3 0 U 2
4 0 U 3
5 1 U 4
6 1 U 5
7 1 U -1
8 0 U 7
9 0 U 8
10 0 U 9
11 0 U 10
12 0 U 11
13 1 U 12
14 0 U -1
15 1 U 14
16 1 U 15
17 0 U 16
18 1 U 17
19 0 U 18
20 1 U 19
21 0 U -1
22 0 U 21
23 0 U 22
24 1 U 23
25 0 U 24
26 1 U 25
27 1 U 26
28 1 U -1
29 1 U 28
30 1 U 29
31 1 U 30
32 0 U 31
33 1 U 32
34 1 U 33
35 0 U -1
36 1 U 35
37 1 U 36
38 0 U 37
39 1 U 38
40 0 U 39
41 1 U 40
42 1 U -1
43 1 U 42
44 1 U 43
45 0 U 44
46 1 U 45
47 1 U 46
48 0 U 47
49 0 L 42
50 1 L 43
51 0 L 44
52 0 L 45
53 1 L 46
54 0 L 47
55 1 L 48
56 0 U -1
57 1 U 56
58 0 U 57
59 1 U 58
# score :106 1474058
# W : 621158 , H : 651802
60
0 1 U -1
1 1 U 0
2 0 U 1
3 0 U 2
4 0 U 3
5 0 U 4
6 0 U 5
7 1 U -1
8 1 U 7
9 1 U 8
10 0 U 9
11 1 U 10
12 1 U 11
13 0 U 12
14 1 U -1
15 0 U 14
16 1 U 15
17 0 U 16
18 1 U 17
19 0 U 18
20 0 U 19
21 0 U -1
22 1 U 21
23 1 U 22
24 1 U 23
25 0 U 24
26 0 U 25
27 0 U 26
28 0 U -1
29 1 U 28
30 1 U 29
31 1 U 30
32 0 U 31
33 0 U 32
34 0 U 33
35 1 U -1
36 0 U 35
37 1 U 36
38 0 U 37
39 0 U 38
40 1 U 39
41 0 U 40
42 1 U -1
43 1 U 42
44 0 U 43
45 1 U 44
46 0 U 45
47 1 U 46
48 1 U 47
49 1 L 42
50 1 L 43
51 0 L 44
52 1 L 45
53 1 L 46
54 1 L 47
55 0 L 48
56 0 U -1
57 0 U 56
58 0 U 57
59 0 U 58
# score :107 1426151
# W : 701776 , H : 630650
60
0 1 U -1
1 0 U 0
2 1 U 1
3 1 U 2
4 0 U 3
5 1 U 4
6 0 U 5
7 0 U -1
8 1 U 7
9 0 U 8
10 1 U 9
11 0 U 10
12 0 U 11
13 0 U 12
14 1 U -1
15 0 U 14
16 1 U 15
17 1 U 16
18 0 U 17
19 0 U 18
20 1 U 19
21 0 U -1
22 1 U 21
23 0 U 22
24 0 U 23
25 0 U 24
26 0 U 25
27 0 U 26
28 1 U -1
29 1 U 28
30 1 U 29
31 0 U 30
32 0 U 31
33 0 U 32
34 1 U 33
35 0 U -1
36 1 U 35
37 0 U 36
38 1 U 37
39 1 U 38
40 1 U 39
41 1 U 40
42 0 U -1
43 0 U 42
44 1 U 43
45 0 U 44
46 1 U 45
47 0 U 46
48 1 U 47
49 0 L 35
50 0 L 36
51 0 L 37
52 0 L 38
53 0 L 39
54 0 L 40
55 1 L 41
56 0 U -1
57 0 U 56
58 1 U 57
59 1 U 58
# score :108 1487210
# W : 836316 , H : 615849
60
0 1 U -1
1 0 U 0
2 0 U 1
3 0 U 2
4 0 U 3
5 1 U 4
6 1 U 5
7 1 U -1
8 0 U 7
9 0 U 8
10 1 U 9
11 0 U 10
12 1 U 11
13 1 U 12
14 1 U -1
15 0 U 14
16 1 U 15
17 1 U 16
18 1 U 17
19 1 U 18
20 1 U 19
21 0 U -1
22 0 U 21
23 0 U 22
24 1 U 23
25 1 U 24
26 1 U 25
27 0 U 26
28 0 U -1
29 1 U 28
30 0 U 29
31 0 U 30
32 0 U 31
33 1 U 32
34 0 U 33
35 0 U -1
36 0 U 35
37 0 U 36
38 1 U 37
39 1 U 38
40 1 U 39
41 0 U 40
42 1 U -1
43 1 U 42
44 1 U 43
45 0 U 44
46 1 U 45
47 1 U 46
48 1 U 47
49 0 L 35
50 1 L 36
51 0 L 37
52 0 L 38
53 0 L 39
54 0 L 40
55 1 L 41
56 0 U -1
57 1 U 56
58 1 U 57
59 1 U 58
# score :109 1467365
# W : 764857 , H : 598733
60
0 0 U -1
1 1 U 0
2 0 U 1
3 0 U 2
4 0 U 3
5 0 U 4
6 1 U 5
7 0 U -1
8 0 U 7
9 1 U 8
10 1 U 9
11 0 U 10
12 0 U 11
13 0 U 12
14 0 U -1
15 0 U 14
16 1 U 15
17 1 U 16
18 1 U 17
19 0 U 18
20 1 U 19
21 1 U -1
22 0 U 21
23 1 U 22
24 1 U 23
25 0 U 24
26 0 U 25
27 1 U 26
28 0 U -1
29 1 U 28
30 1 U 29
31 0 U 30
32 0 U 31
33 0 U 32
34 0 U 33
35 0 U -1
36 0 U 35
37 1 U 36
38 0 U 37
39 0 U 38
40 0 U 39
41 1 U 40
42 1 U -1
43 0 U 42
44 1 U 43
45 1 U 44
46 0 U 45
47 0 U 46
48 1 U 47
49 1 L 35
50 0 L 36
51 1 L 37
52 0 L 38
53 0 L 39
54 1 L 40
55 0 L 41
56 0 U -1
57 0 U 56
58 0 U 57
59 1 U 58
# score :110 1339383
# W : 762742 , H : 615412
60
0 1 U -1
1 1 U 0
2 0 U 1
3 0 U 2
4 0 U 3
5 1 U 4
6 1 U 5
7 1 U -1
8 1 U 7
9 0 U 8
10 1 U 9
11 1 U 10
12 1 U 11
13 0 U 12
14 0 U -1
15 0 U 14
16 0 U 15
17 1 U 16
18 0 U 17
19 0 U 18
20 0 U 19
21 0 U -1
22 0 U 21
23 0 U 22
24 0 U 23
25 0 U 24
26 0 U 25
27 1 U 26
28 1 U -1
29 1 U 28
30 0 U 29
31 1 U 30
32 0 U 31
33 0 U 32
34 1 U 33
35 1 U -1
36 0 U 35
37 0 U 36
38 0 U 37
39 1 U 38
40 1 U 39
41 0 U 40
42 0 U -1
43 0 U 42
44 1 U 43
45 1 U 44
46 1 U 45
47 1 U 46
48 1 U 47
49 0 L 35
50 1 L 36
51 0 L 37
52 1 L 38
53 0 L 39
54 1 L 40
55 1 L 41
56 1 U -1
57 1 U 56
58 0 U 57
59 0 U 58
# score :111 1272188
# W : 658527 , H : 562205
60
0 0 U -1
1 1 U 0
2 1 U 1
3 0 U 2
4 0 U 3
5 1 U 4
6 0 U 5
7 1 U -1
8 0 U 7
9 0 U 8
10 0 U 9
11 0 U 10
12 1 U 11
13 0 U 12
14 1 U -1
15 0 U 14
16 1 U 15
17 1 U 16
18 1 U 17
19 1 U 18
20 0 U 19
21 1 U -1
22 1 U 21
23 0 U 22
24 1 U 23
25 0 U 24
26 1 U 25
27 1 U 26
28 0 U -1
29 0 U 28
30 1 U 29
31 0 U 30
32 1 U 31
33 1 U 32
34 1 U 33
35 1 U -1
36 1 U 35
37 0 U 36
38 0 U 37
39 1 U 38
40 0 U 39
41 1 U 40
42 1 U -1
43 0 U 42
44 0 U 43
45 1 U 44
46 1 U 45
47 1 U 46
48 0 U 47
49 1 U -1
50 1 U 49
51 1 U 50
52 1 U 51
53 0 U 52
54 1 U 53
55 0 U 54
56 0 U -1
57 1 U 56
58 0 U 57
59 0 U 58
# score :112 1202537
# W : 507280 , H : 687128
60
0 1 U -1
1 1 U 0
2 0 U 1
3 1 U 2
4 1 U 3
5 1 U 4
6 1 U 5
7 0 U -1
8 1 U 7
9 1 U 8
10 0 U 9
11 0 U 10
12 0 U 11
13 0 U 12
14 1 U -1
15 1 U 14
16 0 U 15
17 1 U 16
18 0 U 17
19 0 U 18
20 0 U 19
21 1 U -1
22 0 U 21
23 0 U 22
24 0 U 23
25 1 U 24
26 0 U 25
27 1 U 26
28 0 U -1
29 1 U 28
30 0 U 29
31 0 U 30
32 0 U 31
33 1 U 32
34 1 U 33
35 0 U -1
36 1 U 35
37 1 U 36
38 1 U 37
39 1 U 38
40 0 U 39
41 1 U 40
42 1 U -1
43 1 U 42
44 0 U 43
45 1 U 44
46 1 U 45
47 0 U 46
48 1 U 47
49 0 U -1
50 0 U 49
51 1 U 50
52 1 U 51
53 1 U 52
54 1 U 53
55 0 U 54
56 0 U -1
57 1 U 56
58 0 U 57
59 1 U 58
# score :113 1260728
# W : 546794 , H : 678570
60
0 1 U -1
1 1 U 0
2 1 U 1
3 1 U 2
4 0 U 3
5 0 U 4
6 0 U 5
7 1 U -1
8 0 U 7
9 0 U 8
10 1 U 9
11 1 U 10
12 1 U 11
13 1 U 12
14 0 U -1
15 1 U 14
16 0 U 15
17 1 U 16
18 0 U 17
19 1 U 18
20 1 U 19
21 0 U -1
22 0 U 21
23 0 U 22
24 1 U 23
25 1 U 24
26 1 U 25
27 0 U 26
28 1 U -1
29 1 U 28
30 1 U 29
31 1 U 30
32 1 U 31
33 1 U 32
34 1 U 33
35 0 U -1
36 1 U 35
37 1 U 36
38 1 U 37
39 1 U 38
40 0 U 39
41 1 U 40
42 1 U -1
43 0 U 42
44 0 U 43
45 0 U 44
46 1 U 45
47 1 U 46
48 1 U 47
49 0 L 42
50 0 L 43
51 0 L 44
52 1 L 45
53 1 L 46
54 1 L 47
55 1 L 48
56 1 U -1
57 0 U 56
58 0 U 57
59 1 U 58
# score :114 1440955
# W : 848261 , H : 603242
60
0 1 U -1
1 1 U 0
2 1 U 1
3 0 U 2
4 0 U 3
5 0 U 4
6 0 U 5
7 0 U -1
8 1 U 7
9 1 U 8
10 1 U 9
11 1 U 10
12 1 U 11
13 1 U 12
14 0 U -1
15 1 U 14
16 0 U 15
17 1 U 16
18 1 U 17
19 0 U 18
20 0 U 19
21 0 U -1
22 1 U 21
23 0 U 22
24 1 U 23
25 1 U 24
26 1 U 25
27 1 U 26
28 1 U -1
29 1 U 28
30 0 U 29
31 0 U 30
32 0 U 31
33 1 U 32
34 0 U 33
35 1 U -1
36 0 U 35
37 1 U 36
38 0 U 37
39 0 U 38
40 1 U 39
41 1 U 40
42 1 U -1
43 1 U 42
44 1 U 43
45 0 U 44
46 0 U 45
47 0 U 46
48 1 U 47
49 0 L 42
50 0 L 43
51 1 L 44
52 0 L 45
53 1 L 46
54 1 L 47
55 1 L 48
56 1 U -1
57 1 U 56
58 0 U 57
59 0 U 58
# score :115 1441282
# W : 632893 , H : 665602
60
0 1 U -1
1 1 U 0
2 1 U 1
3 0 U 2
4 1 U 3
5 0 U 4
6 1 U 5
7 1 U -1
8 0 U 7
9 1 U 8
10 1 U 9
11 1 U 10
12 1 U 11
13 0 U 12
14 0 U -1
15 0 U 14
16 1 U 15
17 0 U 16
18 0 U 17
19 1 U 18
20 0 U 19
21 1 U -1
22 0 U 21
23 1 U 22
24 0 U 23
25 0 U 24
26 0 U 25
27 1 U 26
28 0 U -1
29 1 U 28
30 0 U 29
31 1 U 30
32 1 U 31
33 1 U 32
34 1 U 33
35 0 U -1
36 1 U 35
37 1 U 36
38 0 U 37
39 1 U 38
40 0 U 39
41 1 U 40
42 0 U -1
43 0 U 42
44 0 U 43
45 0 U 44
46 1 U 45
47 1 U 46
48 0 U 47
49 0 L 35
50 1 L 36
51 1 L 37
52 0 L 38
53 0 L 39
54 0 L 40
55 0 L 41
56 1 U -1
57 1 U 56
58 0 U 57
59 0 U 58
# score :116 1379844
# W : 630878 , H : 594107
60
0 1 U -1
1 1 U 0
2 1 U 1
3 0 U 2
4 1 U 3
5 1 U 4
6 0 U 5
7 1 U -1
8 0 U 7
9 1 U 8
10 0 U 9
11 0 U 10
12 1 U 11
13 0 U 12
14 0 U -1
15 1 U 14
16 1 U 15
17 0 U 16
18 0 U 17
19 0 U 18
20 1 U 19
21 1 U -1
22 1 U 21
23 0 U 22
24 0 U 23
25 1 U 24
26 0 U 25
27 1 U 26
28 0 U -1
29 0 U 28
30 1 U 29
31 0 U 30
32 0 U 31
33 0 U 32
34 0 U 33
35 0 U -1
36 0 U 35
37 0 U 36
38 0 U 37
39 1 U 38
40 0 U 39
41 0 U 40
42 1 U -1
43 0 U 42
44 0 U 43
45 1 U 44
46 0 U 45
47 0 U 46
48 1 U 47
49 0 L 35
50 1 L 36
51 0 L 37
52 0 L 38
53 1 L 39
54 0 L 40
55 0 L 41
56 0 U -1
57 1 U 56
58 1 U 57
59 1 U 58
# score :117 1408513
# W : 720493 , H : 577700
60
0 1 U -1
1 0 U 0
2 0 U 1
3 0 U 2
4 1 U 3
5 1 U 4
6 1 U 5
7 0 U -1
8 0 U 7
9 0 U 8
10 1 U 9
11 1 U 10
12 1 U 11
13 0 U 12
14 1 U -1
15 1 U 14
16 1 U 15
17 1 U 16
18 0 U 17
19 0 U 18
20 1 U 19
21 0 U -1
22 1 U 21
23 1 U 22
24 1 U 23
25 0 U 24
26 0 U 25
27 0 U 26
28 1 U -1
29 0 U 28
30 0 U 29
31 0 U 30
32 1 U 31
33 1 U 32
34 1 U 33
35 0 U -1
36 0 U 35
37 1 U 36
38 1 U 37
39 0 U 38
40 1 U 39
41 1 U 40
42 1 U -1
43 1 U 42
44 0 U 43
45 1 U 44
46 1 U 45
47 1 U 46
48 1 U 47
49 1 L 35
50 1 L 36
51 1 L 37
52 1 L 38
53 1 L 39
54 1 L 40
55 0 L 41
56 0 U -1
57 1 U 56
58 0 U 57
59 1 U 58
# score :118 1395459
# W : 706297 , H : 559294
60
0 1 U -1
1 1 U 0
2 0 U 1
3 0 U 2
4 0 U 3
5 0 U 4
6 1 U 5
7 1 U -1
8 0 U 7
9 0 U 8
10 0 U 9
11 1 U 10
12 1 U 11
13 0 U 12
14 0 U -1
15 0 U 14
16 0 U 15
17 1 U 16
18 1 U 17
19 0 U 18
20 1 U 19
21 1 U -1
22 0 U 21
23 0 U 22
24 1 U 23
25 0 U 24
26 1 U 25
27 0 U 26
28 1 U -1
29 1 U 28
30 1 U 29
31 0 U 30
32 1 U 31
33 0 U 32
34 1 U 33
35 0 U -1
36 1 U 35
37 1 U 36
38 1 U 37
39 0 U 38
40 1 U 39
41 1 U 40
42 0 U -1
43 1 U 42
44 0 U 43
45 1 U 44
46 0 U 45
47 0 U 46
48 1 U 47
49 0 L 35
50 1 L 36
51 1 L 37
52 0 L 38
53 0 L 39
54 1 L 40
55 0 L 41
56 1 U -1
57 0 U 56
58 1 U 57
59 0 U 58
# score :119 1305757
# W : 625459 , H : 633690
60
0 1 U -1
1 0 U 0
2 1 U 1
3 0 U 2
4 1 U 3
5 1 U 4
6 0 U 5
7 1 U -1
8 1 U 7
9 0 U 8
10 0 U 9
11 1 U 10
12 1 U 11
13 0 U 12
14 1 U -1
15 1 U 14
16 0 U 15
17 0 U 16
18 1 U 17
19 1 U 18
20 1 U 19
21 0 U -1
22 1 U 21
23 0 U 22
24 1 U 23
25 0 U 24
26 1 U 25
27 1 U 26
28 1 U -1
29 1 U 28
30 0 U 29
31 0 U 30
32 1 U 31
33 0 U 32
34 0 U 33
35 1 U -1
36 1 U 35
37 0 U 36
38 0 U 37
39 1 U 38
40 0 U 39
41 0 U 40
42 1 U -1
43 1 U 42
44 0 U 43
45 1 U 44
46 0 U 45
47 0 U 46
48 0 U 47
49 1 U -1
50 0 U 49
51 0 U 50
52 1 U 51
53 0 U 52
54 1 U 53
55 0 U 54
56 1 U -1
57 1 U 56
58 0 U 57
59 0 U 58
# score :120 1203433
# W : 494976 , H : 646191
60
0 0 U -1
1 0 U 0
2 0 U 1
3 0 U 2
4 0 U 3
5 1 U 4
6 1 U 5
7 0 U -1
8 0 U 7
9 0 U 8
10 1 U 9
11 0 U 10
12 1 U 11
13 0 U 12
14 1 U -1
15 1 U 14
16 0 U 15
17 0 U 16
18 1 U 17
19 0 U 18
20 0 U 19
21 0 U -1
22 1 U 21
23 1 U 22
24 1 U 23
25 1 U 24
26 1 U 25
27 0 U 26
28 0 U -1
29 0 U 28
30 0 U 29
31 0 U 30
32 0 U 31
33 0 U 32
34 0 U 33
35 0 U -1
36 1 U 35
37 0 U 36
38 1 U 37
39 0 U 38
40 0 U 39
41 1 U 40
42 1 U -1
43 1 U 42
44 0 U 43
45 0 U 44
46 0 U 45
47 1 U 46
48 1 U 47
49 0 U -1
50 0 U 49
51 0 U 50
52 0 U 51
53 1 U 52
54 1 U 53
55 0 U 54
56 0 U -1
57 0 U 56
58 1 U 57
59 1 U 58
# score :121 1189155
# W : 472952 , H : 695723
60
0 0 U -1
1 0 U 0
2 1 U 1
3 1 U 2
4 0 U 3
5 1 U 4
6 1 U 5
7 1 U -1
8 1 U 7
9 0 U 8
10 0 U 9
11 0 U 10
12 0 U 11
13 1 U 12
14 0 U -1
15 1 U 14
16 0 U 15
17 1 U 16
18 1 U 17
19 1 U 18
20 0 U 19
21 0 U -1
22 1 U 21
23 1 U 22
24 1 U 23
25 0 U 24
26 1 U 25
27 1 U 26
28 1 U -1
29 1 U 28
30 1 U 29
31 1 U 30
32 0 U 31
33 1 U 32
34 0 U 33
35 1 U -1
36 1 U 35
37 1 U 36
38 1 U 37
39 0 U 38
40 1 U 39
41 0 U 40
42 1 U -1
43 1 U 42
44 0 U 43
45 0 U 44
46 1 U 45
47 0 U 46
48 1 U 47
49 0 L 42
50 0 L 43
51 0 L 44
52 0 L 45
53 0 L 46
54 0 L 47
55 1 L 48
56 1 U -1
57 1 U 56
58 1 U 57
59 0 U 58
# score :122 1372790
# W : 650956 , H : 647898
60
0 0 U -1
1 0 U 0
2 0 U 1
3 1 U 2
4 1 U 3
5 0 U 4
6 1 U 5
7 0 U -1
8 1 U 7
9 1 U 8
10 0 U 9
11 1 U 10
12 1 U 11
13 1 U 12
14 1 U -1
15 1 U 14
16 1 U 15
17 1 U 16
18 0 U 17
19 0 U 18
20 0 U 19
21 1 U -1
22 1 U 21
23 1 U 22
24 0 U 23
25 1 U 24
26 1 U 25
27 1 U 26
28 0 U -1
29 1 U 28
30 0 U 29
31 0 U 30
32 1 U 31
33 1 U 32
34 0 U 33
35 0 U -1
36 0 U 35
37 1 U 36
38 1 U 37
39 1 U 38
40 1 U 39
41 0 U 40
42 1 U -1
43 1 U 42
44 0 U 43
45 1 U 44
46 1 U 45
47 1 U 46
48 0 U 47
49 0 L 42
50 1 L 43
51 1 L 44
52 1 L 45
53 0 L 46
54 0 L 47
55 1 L 48
56 0 U -1
57 1 U 56
58 1 U 57
59 0 U 58
# score :123 1360469
# W : 622288 , H : 560933
60
0 0 U -1
1 0 U 0
2 0 U 1
3 0 U 2
4 1 U 3
5 0 U 4
6 0 U 5
7 0 U -1
8 1 U 7
9 0 U 8
10 1 U 9
11 1 U 10
12 1 U 11
13 0 U 12
14 1 U -1
15 1 U 14
16 1 U 15
17 1 U 16
18 0 U 17
19 0 U 18
20 0 U 19
21 1 U -1
22 1 U 21
23 0 U 22
24 0 U 23
25 1 U 24
26 0 U 25
27 1 U 26
28 0 U -1
29 0 U 28
30 0 U 29
31 1 U 30
32 1 U 31
33 0 U 32
34 1 U 33
35 1 U -1
36 1 U 35
37 1 U 36
38 0 U 37
39 0 U 38
40 1 U 39
41 0 U 40
42 1 U -1
43 1 U 42
44 0 U 43
45 1 U 44
46 0 U 45
47 1 U 46
48 0 U 47
49 1 L 35
50 0 L 36
51 1 L 37
52 1 L 38
53 0 L 39
54 0 L 40
55 0 L 41
56 1 U -1
57 0 U 56
58 0 U 57
59 0 U 58
# score :124 1342598
# W : 589094 , H : 606230
60
0 0 U -1
1 0 U 0
2 1 U 1
3 1 U 2
4 0 U 3
5 0 U 4
6 0 U 5
7 1 U -1
8 0 U 7
9 0 U 8
10 1 U 9
11 0 U 10
12 0 U 11
13 1 U 12
14 0 U -1
15 0 U 14
16 0 U 15
17 0 U 16
18 0 U 17
19 1 U 18
20 0 U 19
21 0 U -1
22 0 U 21
23 1 U 22
24 0 U 23
25 0 U 24
26 0 U 25
27 1 U 26
28 1 U -1
29 1 U 28
30 0 U 29
31 1 U 30
32 0 U 31
33 1 U 32
34 0 U 33
35 1 U -1
36 0 U 35
37 1 U 36
38 0 U 37
39 1 U 38
40 0 U 39
41 1 U 40
42 1 U -1
43 0 U 42
44 1 U 43
45 0 U 44
46 0 U 45
47 1 U 46
48 1 U 47
49 0 L 35
50 1 L 36
51 1 L 37
52 0 L 38
53 1 L 39
54 1 L 40
55 0 L 41
56 0 U -1
57 1 U 56
58 1 U 57
59 1 U 58
# score :125 1452103
# W : 840744 , H : 593793
60
0 1 U -1
1 1 U 0
2 0 U 1
3 0 U 2
4 0 U 3
5 0 U 4
6 0 U 5
7 0 U -1
8 1 U 7
9 1 U 8
10 1 U 9
11 0 U 10
12 0 U 11
13 1 U 12
14 1 U -1
15 0 U 14
16 1 U 15
17 1 U 16
18 1 U 17
19 1 U 18
20 1 U 19
21 0 U -1
22 1 U 21
23 1 U 22
24 1 U 23
25 1 U 24
26 1 U 25
27 0 U 26
28 0 U -1
29 1 U 28
30 1 U 29
31 0 U 30
32 0 U 31
33 1 U 32
34 0 U 33
35 1 U -1
36 1 U 35
37 1 U 36
38 0 U 37
39 0 U 38
40 1 U 39
41 0 U 40
42 0 U -1
43 1 U 42
44 0 U 43
45 1 U 44
46 0 U 45
47 1 U 46
48 1 U 47
49 1 L 35
50 0 L 36
51 0 L 37
52 1 L 38
53 0 L 39
54 0 L 40
55 0 L 41
56 0 U -1
57 1 U 56
58 1 U 57
59 0 U 58
# score :126 1504298
# W : 780290 , H : 643691
60
0 0 U -1
1 0 U 0
2 1 U 1
3 0 U 2
4 1 U 3
5 1 U 4
6 1 U 5
7 1 U -1
8 0 U 7
9 1 U 8
10 0 U 9
11 0 U 10
12 0 U 11
13 1 U 12
14 1 U -1
15 0 U 14
16 0 U 15
17 1 U 16
18 0 U 17
19 1 U 18
20 0 U 19
21 1 U -1
22 1 U 21
23 1 U 22
24 1 U 23
25 1 U 24
26 1 U 25
27 1 U 26
28 0 U -1
29 0 U 28
30 0 U 29
31 1 U 30
32 1 U 31
33 1 U 32
34 0 U 33
35 1 U -1
36 0 U 35
37 0 U 36
38 1 U 37
39 0 U 38
40 0 U 39
41 0 U 40
42 1 U -1
43 1 U 42
44 0 U 43
45 0 U 44
46 1 U 45
47 1 U 46
48 0 U 47
49 1 L 35
50 0 L 36
51 1 L 37
52 1 L 38
53 1 L 39
54 1 L 40
55 0 L 41
56 1 U -1
57 1 U 56
58 0 U 57
59 1 U 58
# score :127 1322177
# W : 775307 , H : 602744
60
0 0 U -1
1 1 U 0
2 1 U 1
3 1 U 2
4 1 U 3
5 0 U 4
6 0 U 5
7 0 U -1
8 1 U 7
9 1 U 8
10 1 U 9
11 0 U 10
12 0 U 11
13 1 U 12
14 0 U -1
15 0 U 14
16 1 U 15
17 1 U 16
18 0 U 17
19 0 U 18
20 0 U 19
21 1 U -1
22 1 U 21
23 1 U 22
24 0 U 23
25 1 U 24
26 0 U 25
27 1 U 26
28 1 U -1
29 1 U 28
30 0 U 29
31 0 U 30
32 1 U 31
33 0 U 32
34 0 U 33
35 1 U -1
36 1 U 35
37 0 U 36
38 0 U 37
39 1 U 38
40 1 U 39
41 0 U 40
42 1 U -1
43 1 U 42
44 0 U 43
45 1 U 44
46 1 U 45
47 0 U 46
48 0 U 47
49 0 U -1
50 1 U 49
51 1 U 50
52 0 U 51
53 0 U 52
54 1 U 53
55 1 U 54
56 1 U -1
57 0 U 56
58 1 U 57
59 1 U 58
# score :128 1234537
# W : 470940 , H : 626829
60
0 0 U -1
1 0 U 0
2 0 U 1
3 0 U 2
4 1 U 3
5 1 U 4
6 0 U 5
7 1 U -1
8 0 U 7
9 0 U 8
10 0 U 9
11 0 U 10
12 0 U 11
13 1 U 12
14 1 U -1
15 1 U 14
16 1 U 15
17 0 U 16
18 0 U 17
19 0 U 18
20 1 U 19
21 1 U -1
22 0 U 21
23 1 U 22
24 0 U 23
25 1 U 24
26 0 U 25
27 1 U 26
28 0 U -1
29 1 U 28
30 1 U 29
31 0 U 30
32 0 U 31
33 1 U 32
34 0 U 33
35 1 U -1
36 0 U 35
37 0 U 36
38 0 U 37
39 0 U 38
40 0 U 39
41 1 U 40
42 1 U -1
43 0 U 42
44 0 U 43
45 1 U 44
46 1 U 45
47 0 U 46
48 1 U 47
49 1 U -1
50 1 U 49
51 0 U 50
52 0 U 51
53 1 U 52
54 1 U 53
55 1 U 54
56 1 U -1
57 0 U 56
58 1 U 57
59 0 U 58
# score :129 1256605
# W : 520231 , H : 664570
60
0 1 U -1
1 1 U 0
2 1 U 1
3 1 U 2
4 1 U 3
5 1 U 4
6 1 U 5
7 0 U -1
8 0 U 7
9 0 U 8
10 0 U 9
11 0 U 10
12 1 U 11
13 0 U 12
14 0 U -1
15 1 U 14
16 0 U 15
17 1 U 16
18 0 U 17
19 1 U 18
20 0 U 19
21 1 U -1
22 0 U 21
23 1 U 22
24 0 U 23
25 1 U 24
26 1 U 25
27 0 U 26
28 1 U -1
29 0 U 28
30 0 U 29
31 0 U 30
32 1 U 31
33 1 U 32
34 0 U 33
35 1 U -1
36 0 U 35
37 0 U 36
38 1 U 37
39 1 U 38
40 1 U 39
41 1 U 40
42 0 U -1
43 0 U 42
44 1 U 43
45 1 U 44
46 0 U 45
47 0 U 46
48 1 U 47
49 0 L 42
50 1 L 43
51 1 L 44
52 1 L 45
53 0 L 46
54 0 L 47
55 0 L 48
56 0 U -1
57 0 U 56
58 1 U 57
59 0 U 58
# score :130 1298954
# W : 518057 , H : 714344
60
0 1 U -1
1 0 U 0
2 0 U 1
3 1 U 2
4 0 U 3
5 0 U 4
6 1 U 5
7 1 U -1
8 1 U 7
9 0 U 8
10 1 U 9
11 0 U 10
12 0 U 11
13 1 U 12
14 0 U -1
15 0 U 14
16 1 U 15
17 0 U 16
18 1 U 17
19 1 U 18
20 0 U 19
21 0 U -1
22 0 U 21
23 1 U 22
24 0 U 23
25 0 U 24
26 0 U 25
27 0 U 26
28 0 U -1
29 0 U 28
30 1 U 29
31 1 U 30
32 0 U 31
33 0 U 32
34 0 U 33
35 0 U -1
36 0 U 35
37 0 U 36
38 0 U 37
39 0 U 38
40 1 U 39
41 1 U 40
42 0 U -1
43 0 U 42
44 1 U 43
45 1 U 44
46 1 U 45
47 0 U 46
48 0 U 47
49 0 L 42
50 1 L 43
51 0 L 44
52 0 L 45
53 0 L 46
54 1 L 47
55 1 L 48
56 0 U -1
57 1 U 56
58 1 U 57
59 0 U 58
# score :131 1303391
# W : 721858 , H : 669948
60
0 1 U -1
1 0 U 0
2 1 U 1
3 0 U 2
4 1 U 3
5 0 U 4
6 1 U 5
7 1 U -1
8 1 U 7
9 0 U 8
10 0 U 9
11 1 U 10
12 1 U 11
13 1 U 12
14 1 U -1
15 0 U 14
16 1 U 15
17 0 U 16
18 1 U 17
19 1 U 18
20 0 U 19
21 1 U -1
22 1 U 21
23 1 U 22
24 1 U 23
25 0 U 24
26 1 U 25
27 1 U 26
28 0 U -1
29 1 U 28
30 1 U 29
31 1 U 30
32 0 U 31
33 1 U 32
34 1 U 33
35 0 U -1
36 1 U 35
37 1 U 36
38 1 U 37
39 1 U 38
40 1 U 39
41 1 U 40
42 1 U -1
43 0 U 42
44 0 U 43
45 0 U 44
46 1 U 45
47 1 U 46
48 1 U 47
49 1 L 35
50 0 L 36
51 1 L 37
52 1 L 38
53 1 L 39
54 1 L 40
55 0 L 41
56 1 U -1
57 1 U 56
58 0 U 57
59 1 U 58
# score :132 1443392
# W : 772833 , H : 570120
60
0 1 U -1
1 0 U 0
2 0 U 1
3 1 U 2
4 1 U 3
5 0 U 4
6 1 U 5
7 0 U -1
8 1 U 7
9 0 U 8
10 1 U 9
11 1 U 10
12 0 U 11
13 0 U 12
14 1 U -1
15 1 U 14
16 0 U 15
17 0 U 16
18 0 U 17
19 0 U 18
20 0 U 19
21 1 U -1
22 0 U 21
23 1 U 22
24 0 U 23
25 1 U 24
26 1 U 25
27 0 U 26
28 1 U -1
29 1 U 28
30 0 U 29
31 1 U 30
32 0 U 31
33 1 U 32
34 1 U 33
35 0 U -1
36 1 U 35
37 1 U 36
38 0 U 37
39 0 U 38
40 0 U 39
41 1 U 40
42 1 U -1
43 1 U 42
44 1 U 43
45 1 U 44
46 1 U 45
47 0 U 46
48 0 U 47
49 1 L 35
50 1 L 36
51 0 L 37
52 0 L 38
53 0 L 39
54 0 L 40
55 0 L 41
56 0 U -1
57 1 U 56
58 0 U 57
59 1 U 58
# score :133 1468068
# W : 633121 , H : 620840
60
0 1 U -1
1 0 U 0
2 1 U 1
3 0 U 2
4 1 U 3
5 0 U 4
6 0 U 5
7 1 U -1
8 0 U 7
9 0 U 8
10 1 U 9
11 0 U 10
12 1 U 11
13 0 U 12
14 0 U -1
15 0 U 14
16 0 U 15
17 0 U 16
18 1 U 17
19 1 U 18
20 0 U 19
21 0 U -1
22 0 U 21
23 0 U 22
24 1 U 23
25 0 U 24
26 1 U 25
27 0 U 26
28 0 U -1
29 1 U 28
30 0 U 29
31 0 U 30
32 0 U 31
33 0 U 32
34 1 U 33
35 0 U -1
36 0 U 35
37 1 U 36
38 1 U 37
39 1 U 38
40 1 U 39
41 0 U 40
42 0 U -1
43 0 U 42
44 1 U 43
45 0 U 44
46 1 U 45
47 0 U 46
48 0 U 47
49 1 L 35
50 1 L 36
51 0 L 37
52 1 L 38
53 1 L 39
54 0 L 40
55 0 L 41
56 0 U -1
57 0 U 56
58 1 U 57
59 1 U 58
# score :134 1427042
# W : 563943 , H : 607629
60
0 1 U -1
1 1 U 0
2 1 U 1
3 0 U 2
4 0 U 3
5 0 U 4
6 1 U 5
7 1 U -1
8 1 U 7
9 1 U 8
10 1 U 9
11 1 U 10
12 0 U 11
13 0 U 12
14 1 U -1
15 1 U 14
16 1 U 15
17 0 U 16
18 1 U 17
19 1 U 18
20 0 U 19
21 1 U -1
22 1 U 21
23 0 U 22
24 1 U 23
25 1 U 24
26 1 U 25
27 1 U 26
28 1 U -1
29 0 U 28
30 1 U 29
31 1 U 30
32 0 U 31
33 1 U 32
34 0 U 33
35 0 U -1
36 1 U 35
37 1 U 36
38 0 U 37
39 1 U 38
40 1 U 39
41 1 U 40
42 1 U -1
43 1 U 42
44 0 U 43
45 1 U 44
46 1 U 45
47 0 U 46
48 1 U 47
49 1 L 35
50 1 L 36
51 0 L 37
52 1 L 38
53 1 L 39
54 1 L 40
55 1 L 41
56 0 U -1
57 0 U 56
58 0 U 57
59 0 U 58
# score :135 1440217
# W : 723078 , H : 633471
60
0 0 U -1
1 0 U 0
2 0 U 1
3 0 U 2
4 1 U 3
5 0 U 4
6 1 U 5
7 0 U -1
8 1 U 7
9 1 U 8
10 1 U 9
11 0 U 10
12 1 U 11
13 1 U 12
14 1 U -1
15 1 U 14
16 0 U 15
17 0 U 16
18 0 U 17
19 0 U 18
20 0 U 19
21 1 U -1
22 1 U 21
23 1 U 22
24 0 U 23
25 1 U 24
26 0 U 25
27 0 U 26
28 0 U -1
29 0 U 28
30 1 U 29
31 0 U 30
32 1 U 31
33 1 U 32
34 0 U 33
35 1 U -1
36 1 U 35
37 1 U 36
38 1 U 37
39 1 U 38
40 0 U 39
41 0 U 40
42 1 U -1
43 1 U 42
44 0 U 43
45 1 U 44
46 1 U 45
47 1 U 46
48 1 U 47
49 0 U -1
50 1 U 49
51 0 U 50
52 0 U 51
53 0 U 52
54 0 U 53
55 1 U 54
56 1 U -1
57 0 U 56
58 1 U 57
59 0 U 58
# score :136 1195906
# W : 482787 , H : 689336
60
0 1 U -1
1 0 U 0
2 1 U 1
3 0 U 2
4 0 U 3
5 0 U 4
6 1 U 5
7 1 U -1
8 0 U 7
9 1 U 8
10 0 U 9
11 0 U 10
12 1 U 11
13 0 U 12
14 0 U -1
15 0 U 14
16 0 U 15
17 0 U 16
18 1 U 17
19 0 U 18
20 1 U 19
21 0 U -1
22 0 U 21
23 1 U 22
24 0 U 23
25 0 U 24
26 0 U 25
27 1 U 26
28 0 U -1
29 1 U 28
30 1 U 29
31 1 U 30
32 0 U 31
33 1 U 32
34 1 U 33
35 0 U -1
36 0 U 35
37 0 U 36
38 1 U 37
39 0 U 38
40 0 U 39
41 1 U 40
42 1 U -1
43 0 U 42
44 0 U 43
45 0 U 44
46 1 U 45
47 0 U 46
48 0 U 47
49 1 U -1
50 0 U 49
51 1 U 50
52 1 U 51
53 0 U 52
54 1 U 53
55 0 U 54
56 1 U -1
57 0 U 56
58 1 U 57
59 0 U 58
# score :137 1191039
# W : 474596 , H : 662705
60
0 0 U -1
1 0 U 0
2 0 U 1
3 0 U 2
4 0 U 3
5 1 U 4
6 0 U 5
7 1 U -1
8 1 U 7
9 0 U 8
10 0 U 9
11 1 U 10
12 1 U 11
13 1 U 12
14 1 U -1
15 0 U 14
16 0 U 15
17 0 U 16
18 1 U 17
19 0 U 18
20 0 U 19
21 1 U -1
22 1 U 21
23 1 U 22
24 0 U 23
25 0 U 24
26 0 U 25
27 1 U 26
28 1 U -1
29 0 U 28
30 1 U 29
31 1 U 30
32 0 U 31
33 0 U 32
34 1 U 33
35 1 U -1
36 1 U 35
37 0 U 36
38 1 U 37
39 1 U 38
40 0 U 39
41 0 U 40
42 0 U -1
43 0 U 42
44 1 U 43
45 0 U 44
46 1 U 45
47 1 U 46
48 0 U 47
49 0 L 42
50 0 L 43
51 1 L 44
52 0 L 45
53 0 L 46
54 0 L 47
55 0 L 48
56 0 U -1
57 0 U 56
58 1 U 57
59 1 U 58
# score :138 1261052
# W : 581859 , H : 588189
60
0 1 U -1
1 0 U 0
2 0 U 1
3 1 U 2
4 0 U 3
5 0 U 4
6 1 U 5
7 1 U -1
8 1 U 7
9 0 U 8
10 1 U 9
11 1 U 10
12 0 U 11
13 0 U 12
14 1 U -1
15 0 U 14
16 1 U 15
17 1 U 16
18 0 U 17
19 1 U 18
20 0 U 19
21 1 U -1
22 0 U 21
23 0 U 22
24 1 U 23
25 1 U 24
26 0 U 25
27 1 U 26
28 0 U -1
29 0 U 28
30 1 U 29
31 0 U 30
32 1 U 31
33 1 U 32
34 0 U 33
35 0 U -1
36 0 U 35
37 0 U 36
38 1 U 37
39 1 U 38
40 0 U 39
41 1 U 40
42 1 U -1
43 0 U 42
44 1 U 43
45 0 U 44
46 1 U 45
47 1 U 46
48 0 U 47
49 0 L 42
50 1 L 43
51 0 L 44
52 0 L 45
53 0 L 46
54 1 L 47
55 0 L 48
56 1 U -1
57 0 U 56
58 0 U 57
59 1 U 58
# score :139 1314946
# W : 685740 , H : 581469
60
0 0 U -1
1 1 U 0
2 1 U 1
3 0 U 2
4 0 U 3
5 1 U 4
6 0 U 5
7 1 U -1
8 1 U 7
9 1 U 8
10 1 U 9
11 1 U 10
12 0 U 11
13 1 U 12
14 1 U -1
15 1 U 14
16 0 U 15
17 0 U 16
18 0 U 17
19 1 U 18
20 0 U 19
21 0 U -1
22 0 U 21
23 1 U 22
24 1 U 23
25 0 U 24
26 1 U 25
27 1 U 26
28 1 U -1
29 1 U 28
30 0 U 29
31 1 U 30
32 0 U 31
33 0 U 32
34 1 U 33
35 0 U -1
36 1 U 35
37 0 U 36
38 1 U 37
39 1 U 38
40 0 U 39
41 1 U 40
42 0 U -1
43 1 U 42
44 0 U 43
45 0 U 44
46 1 U 45
47 0 U 46
48 1 U 47
49 0 L 35
50 1 L 36
51 1 L 37
52 1 L 38
53 0 L 39
54 0 L 40
55 1 L 41
56 0 U -1
57 1 U 56
58 0 U 57
59 1 U 58
# score :140 1429717
# W : 584637 , H : 589436
60
0 1 U -1
1 0 U 0
2 0 U 1
3 0 U 2
4 0 U 3
5 1 U 4
6 1 U 5
7 1 U -1
8 1 U 7
9 0 U 8
10 1 U 9
11 1 U 10
12 0 U 11
13 1 U 12
14 0 U -1
15 1 U 14
16 0 U 15
17 0 U 16
18 1 U 17
19 0 U 18
20 1 U 19
21 0 U -1
22 1 U 21
23 0 U 22
24 0 U 23
25 1 U 24
26 0 U 25
27 1 U 26
28 1 U -1
29 1 U 28
30 1 U 29
31 1 U 30
32 0 U 31
33 1 U 32
34 1 U 33
35 1 U -1
36 0 U 35
37 1 U 36
38 1 U 37
39 1 U 38
40 1 U 39
41 1 U 40
42 0 U -1
43 1 U 42
44 0 U 43
45 1 U 44
46 1 U 45
47 0 U 46
48 1 U 47
49 0 L 35
50 0 L 36
51 1 L 37
52 1 L 38
53 1 L 39
54 0 L 40
55 1 L 41
56 1 U -1
57 1 U 56
58 1 U 57
59 1 U 58
# score :141 1531062
# W : 804192 , H : 626187
60
0 1 U -1
1 1 U 0
2 1 U 1
3 0 U 2
4 1 U 3
5 0 U 4
6 0 U 5
7 0 U -1
8 1 U 7
9 1 U 8
10 0 U 9
11 0 U 10
12 0 U 11
13 0 U 12
14 1 U -1
15 1 U 14
16 0 U 15
17 1 U 16
18 1 U 17
19 0 U 18
20 1 U 19
21 1 U -1
22 0 U 21
23 0 U 22
24 0 U 23
25 0 U 24
26 0 U 25
27 1 U 26
28 0 U -1
29 1 U 28
30 1 U 29
31 1 U 30
32 0 U 31
33 0 U 32
34 1 U 33
35 1 U -1
36 0 U 35
37 1 U 36
38 1 U 37
39 1 U 38
40 1 U 39
41 1 U 40
42 1 U -1
43 1 U 42
44 1 U 43
45 0 U 44
46 0 U 45
47 1 U 46
48 1 U 47
49 1 L 35
50 0 L 36
51 1 L 37
52 0 L 38
53 1 L 39
54 0 L 40
55 0 L 41
56 0 U -1
57 1 U 56
58 0 U 57
59 0 U 58
# score :142 1460943
# W : 580414 , H : 609752
60
0 1 U -1
1 1 U 0
2 0 U 1
3 1 U 2
4 1 U 3
5 1 U 4
6 0 U 5
7 0 U -1
8 1 U 7
9 0 U 8
10 0 U 9
11 0 U 10
12 0 U 11
13 0 U 12
14 0 U -1
15 1 U 14
16 1 U 15
17 0 U 16
18 0 U 17
19 1 U 18
20 1 U 19
21 0 U -1
22 0 U 21
23 0 U 22
24 1 U 23
25 0 U 24
26 1 U 25
27 1 U 26
28 0 U -1
29 1 U 28
30 0 U 29
31 0 U 30
32 0 U 31
33 0 U 32
34 1 U 33
35 0 U -1
36 1 U 35
37 1 U 36
38 0 U 37
39 1 U 38
40 0 U 39
41 1 U 40
42 0 U -1
43 0 U 42
44 1 U 43
45 0 U 44
46 0 U 45
47 0 U 46
48 0 U 47
49 0 L 35
50 1 L 36
51 1 L 37
52 1 L 38
53 1 L 39
54 1 L 40
55 1 L 41
56 0 U -1
57 0 U 56
58 0 U 57
59 1 U 58
# score :143 1371542
# W : 579544 , H : 600759
60
0 0 U -1
1 0 U 0
2 0 U 1
3 1 U 2
4 1 U 3
5 0 U 4
6 1 U 5
7 1 U -1
8 0 U 7
9 0 U 8
10 0 U 9
11 0 U 10
12 1 U 11
13 0 U 12
14 0 U -1
15 0 U 14
16 1 U 15
17 0 U 16
18 1 U 17
19 0 U 18
20 0 U 19
21 0 U -1
22 0 U 21
23 0 U 22
24 0 U 23
25 0 U 24
26 1 U 25
27 0 U 26
28 1 U -1
29 1 U 28
30 1 U 29
31 0 U 30
32 0 U 31
33 0 U 32
34 0 U 33
35 0 U -1
36 0 U 35
37 0 U 36
38 1 U 37
39 0 U 38
40 0 U 39
41 0 U 40
42 0 U -1
43 0 U 42
44 1 U 43
45 0 U 44
46 0 U 45
47 0 U 46
48 0 U 47
49 1 U -1
50 1 U 49
51 1 U 50
52 1 U 51
53 0 U 52
54 1 U 53
55 0 U 54
56 1 U -1
57 0 U 56
58 0 U 57
59 0 U 58
# score :144 1190803
# W : 478273 , H : 643459
60
0 1 U -1
1 1 U 0
2 1 U 1
3 1 U 2
4 0 U 3
5 1 U 4
6 1 U 5
7 0 U -1
8 1 U 7
9 0 U 8
10 0 U 9
11 0 U 10
12 1 U 11
13 1 U 12
14 1 U -1
15 0 U 14
16 1 U 15
17 0 U 16
18 0 U 17
19 0 U 18
20 0 U 19
21 1 U -1
22 0 U 21
23 0 U 22
24 0 U 23
25 0 U 24
26 0 U 25
27 1 U 26
28 0 U -1
29 0 U 28
30 1 U 29
31 1 U 30
32 1 U 31
33 0 U 32
34 0 U 33
35 1 U -1
36 0 U 35
37 0 U 36
38 1 U 37
39 0 U 38
40 0 U 39
41 0 U 40
42 1 U -1
43 1 U 42
44 0 U 43
45 0 U 44
46 1 U 45
47 1 U 46
48 1 U 47
49 0 U -1
50 1 U 49
51 0 U 50
52 1 U 51
53 0 U 52
54 0 U 53
55 1 U 54
56 1 U -1
57 0 U 56
58 0 U 57
59 1 U 58
# score :145 1162184
# W : 477328 , H : 680787
60
0 0 U -1
1 1 U 0
2 0 U 1
3 0 U 2
4 0 U 3
5 0 U 4
6 1 U 5
7 0 U -1
8 0 U 7
9 0 U 8
10 1 U 9
11 1 U 10
12 1 U 11
13 1 U 12
14 0 U -1
15 1 U 14
16 0 U 15
17 0 U 16
18 0 U 17
19 0 U 18
20 0 U 19
21 1 U -1
22 0 U 21
23 0 U 22
24 1 U 23
25 0 U 24
26 1 U 25
27 1 U 26
28 0 U -1
29 0 U 28
30 1 U 29
31 0 U 30
32 0 U 31
33 0 U 32
34 1 U 33
35 1 U -1
36 0 U 35
37 1 U 36
38 0 U 37
39 1 U 38
40 0 U 39
41 0 U 40
42 0 U -1
43 1 U 42
44 0 U 43
45 1 U 44
46 1 U 45
47 0 U 46
48 1 U 47
49 0 L 42
50 0 L 43
51 0 L 44
52 1 L 45
53 1 L 46
54 0 L 47
55 1 L 48
56 1 U -1
57 1 U 56
58 0 U 57
59 0 U 58
# score :146 1439135
# W : 746744 , H : 567845
60
0 0 U -1
1 1 U 0
2 1 U 1
3 1 U 2
4 0 U 3
5 0 U 4
6 1 U 5
7 0 U -1
8 1 U 7
9 1 U 8
10 0 U 9
11 0 U 10
12 1 U 11
13 1 U 12
14 1 U -1
15 0 U 14
16 1 U 15
17 1 U 16
18 0 U 17
19 0 U 18
20 0 U 19
21 0 U -1
22 0 U 21
23 0 U 22
24 1 U 23
25 1 U 24
26 0 U 25
27 0 U 26
28 0 U -1
29 1 U 28
30 1 U 29
31 0 U 30
32 1 U 31
33 0 U 32
34 0 U 33
35 1 U -1
36 1 U 35
37 1 U 36
38 0 U 37
39 1 U 38
40 0 U 39
41 1 U 40
42 0 U -1
43 0 U 42
44 0 U 43
45 0 U 44
46 1 U 45
47 1 U 46
48 0 U 47
49 0 L 42
50 0 L 43
51 0 L 44
52 1 L 45
53 0 L 46
54 0 L 47
55 0 L 48
56 1 U -1
57 0 U 56
58 1 U 57
59 0 U 58
# score :147 1326156
# W : 691629 , H : 574817
60
0 0 U -1
1 0 U 0
2 0 U 1
3 0 U 2
4 1 U 3
5 1 U 4
6 0 U 5
7 1 U -1
8 0 U 7
9 0 U 8
10 1 U 9
11 0 U 10
12 0 U 11
13 1 U 12
14 0 U -1
15 1 U 14
16 0 U 15
17 1 U 16
18 0 U 17
19 0 U 18
20 0 U 19
21 1 U -1
22 0 U 21
23 1 U 22
24 1 U 23
25 0 U 24
26 0 U 25
27 1 U 26
28 1 U -1
29 1 U 28
30 1 U 29
31 0 U 30
32 1 U 31
33 0 U 32
34 0 U 33
35 1 U -1
36 0 U 35
37 0 U 36
38 0 U 37
39 0 U 38
40 1 U 39
41 0 U 40
42 0 U -1
43 0 U 42
44 0 U 43
45 1 U 44
46 0 U 45
47 1 U 46
48 1 U 47
49 1 L 35
50 0 L 36
51 0 L 37
52 1 L 38
53 1 L 39
54 1 L 40
55 1 L 41
56 0 U -1
57 1 U 56
58 1 U 57
59 1 U 58
# score :148 1482184
# W : 790813 , H : 593719
60
0 0 U -1
1 1 U 0
2 1 U 1
3 0 U 2
4 0 U 3
5 0 U 4
6 0 U 5
7 0 U -1
8 0 U 7
9 1 U 8
10 1 U 9
11 0 U 10
12 1 U 11
13 0 U 12
14 1 U -1
15 0 U 14
16 0 U 15
17 0 U 16
18 0 U 17
19 0 U 18
20 1 U 19
21 1 U -1
22 1 U 21
23 1 U 22
24 1 U 23
25 1 U 24
26 1 U 25
27 1 U 26
28 0 U -1
29 1 U 28
30 1 U 29
31 1 U 30
32 0 U 31
33 1 U 32
34 0 U 33
35 1 U -1
36 1 U 35
37 1 U 36
38 1 U 37
39 1 U 38
40 1 U 39
41 1 U 40
42 0 U -1
43 0 U 42
44 0 U 43
45 1 U 44
46 1 U 45
47 1 U 46
48 1 U 47
49 0 L 35
50 1 L 36
51 1 L 37
52 0 L 38
53 1 L 39
54 0 L 40
55 0 L 41
56 1 U -1
57 0 U 56
58 0 U 57
59 0 U 58
# score :149 1385739
# W : 758863 , H : 599530
60
0 1 U -1
1 0 U 0
2 0 U 1
3 0 U 2
4 1 U 3
5 1 U 4
6 0 U 5
7 1 U -1
8 0 U 7
9 0 U 8
10 1 U 9
11 0 U 10
12 1 U 11
13 0 U 12
14 0 U -1
15 0 U 14
16 0 U 15
17 1 U 16
18 0 U 17
19 1 U 18
20 0 U 19
21 1 U -1
22 1 U 21
23 0 U 22
24 1 U 23
25 0 U 24
26 1 U 25
27 1 U 26
28 0 U -1
29 0 U 28
30 0 U 29
31 0 U 30
32 0 U 31
33 0 U 32
34 0 U 33
35 1 U -1
36 0 U 35
37 0 U 36
38 0 U 37
39 0 U 38
40 1 U 39
41 1 U 40
42 0 U -1
43 0 U 42
44 1 U 43
45 0 U 44
46 0 U 45
47 1 U 46
48 0 U 47
49 0 L 35
50 0 L 36
51 1 L 37
52 0 L 38
53 0 L 39
54 1 L 40
55 0 L 41
56 1 U -1
57 1 U 56
58 0 U 57
59 1 U 58
# score :150 1301173
# W : 656316 , H : 580700
60
0 1 U -1
1 1 U 0
2 0 U 1
3 0 U 2
4 0 U 3
5 1 U 4
6 0 U 5
7 1 U -1
8 1 U 7
9 1 U 8
10 0 U 9
11 0 U 10
12 1 U 11
13 0 U 12
14 0 U -1
15 1 U 14
16 0 U 15
17 0 U 16
18 1 U 17
19 1 U 18
20 1 U 19
21 1 U -1
22 1 U 21
23 0 U 22
24 1 U 23
25 0 U 24
26 1 U 25
27 0 U 26
28 0 U -1
29 1 U 28
30 1 U 29
31 0 U 30
32 1 U 31
33 1 U 32
34 1 U 33
35 0 U -1
36 1 U 35
37 1 U 36
38 0 U 37
39 1 U 38
40 0 U 39
41 1 U 40
42 0 U -1
43 0 U 42
44 1 U 43
45 1 U 44
46 1 U 45
47 0 U 46
48 0 U 47
49 1 L 35
50 1 L 36
51 0 L 37
52 0 L 38
53 0 L 39
54 0 L 40
55 1 L 41
56 1 U -1
57 1 U 56
58 0 U 57
59 1 U 58
# score :151 1480592
# W : 651628 , H : 571553
60
0 1 U -1
1 0 U 0
2 0 U 1
3 1 U 2
4 1 U 3
5 0 U 4
6 0 U 5
7 0 U -1
8 1 U 7
9 0 U 8
10 1 U 9
11 1 U 10
12 0 U 11
13 0 U 12
14 0 U -1
15 1 U 14
16 0 U 15
17 1 U 16
18 1 U 17
19 0 U 18
20 1 U 19
21 0 U -1
22 1 U 21
23 1 U 22
24 1 U 23
25 0 U 24
26 1 U 25
27 0 U 26
28 0 U -1
29 0 U 28
30 1 U 29
31 1 U 30
32 0 U 31
33 0 U 32
34 0 U 33
35 1 U -1
36 1 U 35
37 0 U 36
38 1 U 37
39 1 U 38
40 1 U 39
41 1 U 40
42 1 U -1
43 0 U 42
44 1 U 43
45 0 U 44
46 0 U 45
47 0 U 46
48 0 U 47
49 0 U -1
50 1 U 49
51 1 U 50
52 1 U 51
53 0 U 52
54 0 U 53
55 0 U 54
56 0 U -1
57 1 U 56
58 0 U 57
59 0 U 58
# score :152 1200988
# W : 468390 , H : 687576
60
0 0 U -1
1 1 U 0
2 0 U 1
3 0 U 2
4 0 U 3
5 0 U 4
6 0 U 5
7 1 U -1
8 1 U 7
9 0 U 8
10 1 U 9
11 0 U 10
12 0 U 11
13 1 U 12
14 1 U -1
15 0 U 14
16 1 U 15
17 0 U 16
18 0 U 17
19 0 U 18
20 0 U 19
21 1 U -1
22 1 U 21
23 1 U 22
24 1 U 23
25 0 U 24
26 1 U 25
27 1 U 26
28 0 U -1
29 1 U 28
30 1 U 29
31 1 U 30
32 1 U 31
33 1 U 32
34 1 U 33
35 1 U -1
36 1 U 35
37 0 U 36
38 1 U 37
39 0 U 38
40 1 U 39
41 1 U 40
42 1 U -1
43 1 U 42
44 0 U 43
45 0 U 44
46 0 U 45
47 1 U 46
48 1 U 47
49 1 U -1
50 1 U 49
51 0 U 50
52 0 U 51
53 1 U 52
54 0 U 53
55 1 U 54
56 0 U -1
57 0 U 56
58 0 U 57
59 1 U 58
# score :153 1205046
# W : 475074 , H : 635553
60
0 0 U -1
1 1 U 0
2 1 U 1
3 1 U 2
4 1 U 3
5 1 U 4
6 1 U 5
7 1 U -1
8 1 U 7
9 0 U 8
10 0 U 9
11 0 U 10
12 1 U 11
13 0 U 12
14 0 U -1
15 1 U 14
16 0 U 15
17 0 U 16
18 0 U 17
19 0 U 18
20 0 U 19
21 1 U -1
22 1 U 21
23 0 U 22
24 1 U 23
25 0 U 24
26 1 U 25
27 0 U 26
28 1 U -1
29 0 U 28
30 1 U 29
31 1 U 30
32 1 U 31
33 1 U 32
34 1 U 33
35 1 U -1
36 1 U 35
37 1 U 36
38 0 U 37
39 0 U 38
40 0 U 39
41 0 U 40
42 0 U -1
43 0 U 42
44 1 U 43
45 1 U 44
46 1 U 45
47 1 U 46
48 0 U 47
49 1 L 42
50 0 L 43
51 1 L 44
52 0 L 45
53 0 L 46
54 0 L 47
55 0 L 48
56 1 U -1
57 1 U 56
58 0 U 57
59 1 U 58
# score :154 1391196
# W : 745897 , H : 618200
60
0 1 U -1
1 0 U 0
2 0 U 1
3 1 U 2
4 0 U 3
5 0 U 4
6 1 U 5
7 0 U -1
8 1 U 7
9 1 U 8
10 1 U 9
11 1 U 10
12 0 U 11
13 0 U 12
14 0 U -1
15 0 U 14
16 0 U 15
17 1 U 16
18 0 U 17
19 1 U 18
20 0 U 19
21 0 U -1
22 1 U 21
23 1 U 22
24 0 U 23
25 1 U 24
26 0 U 25
27 0 U 26
28 0 U -1
29 0 U 28
30 1 U 29
31 0 U 30
32 1 U 31
33 1 U 32
34 0 U 33
35 1 U -1
36 1 U 35
37 1 U 36
38 0 U 37
39 1 U 38
40 1 U 39
41 0 U 40
42 1 U -1
43 0 U 42
44 1 U 43
45 1 U 44
46 1 U 45
47 1 U 46
48 1 U 47
49 1 L 42
50 1 L 43
51 1 L 44
52 0 L 45
53 0 L 46
54 0 L 47
55 0 L 48
56 1 U -1
57 1 U 56
58 1 U 57
59 1 U 58
# score :155 1343544
# W : 746821 , H : 631946
