76
0 0 U -1
1 0 U 0
2 0 U 1
3 0 U 2
4 0 U 3
5 0 U 4
6 0 U 5
7 0 U 6
8 0 U -1
9 0 U 8
10 0 U 9
11 0 U 10
12 0 U 11
13 0 U 12
14 0 U 13
15 0 U 14
16 0 U -1
17 0 U 16
18 0 U 17
19 0 U 18
20 0 U 19
21 0 U 20
22 0 U 21
23 0 U 22
24 0 U -1
25 0 U 24
26 0 U 25
27 0 U 26
28 0 U 27
29 0 U 28
30 0 U 29
31 0 U 30
32 0 U -1
33 0 U 32
34 0 U 33
35 0 U 34
36 0 U 35
37 0 U 36
38 0 U 37
39 0 U 38
40 0 U -1
41 0 U 40
42 0 U 41
43 0 U 42
44 0 U 43
45 0 U 44
46 0 U 45
47 0 U 46
48 0 U -1
49 0 U 48
50 0 U 49
51 0 U 50
52 0 U 51
53 0 U 52
54 0 U 53
55 0 U 54
56 0 U -1
57 0 U 56
58 0 U 57
59 0 U 58
60 0 U 59
61 0 U 60
62 0 U 61
63 0 U 62
64 0 U -1
65 0 U 64
66 0 U 65
67 0 U 66
68 0 U 67
69 0 U 68
70 0 U 69
71 0 U 70
72 0 U -1
73 0 U 72
74 0 U 73
75 0 U 74
# score :0 1383990
# W : 557720 , H : 761208
76
0 1 U -1
1 1 U 0
2 0 U 1
3 0 U 2
4 1 U 3
5 0 U 4
6 0 U 5
7 1 U 6
8 0 U -1
9 1 U 8
10 0 U 9
11 0 U 10
12 1 U 11
13 0 U 12
14 0 U 13
15 0 U 14
16 0 U -1
17 0 U 16
18 1 U 17
19 0 U 18
20 1 U 19
21 1 U 20
22 1 U 21
23 1 U 22
24 1 U -1
25 0 U 24
26 1 U 25
27 1 U 26
28 0 U 27
29 1 U 28
30 1 U 29
31 0 U 30
32 1 U -1
33 1 U 32
34 1 U 33
35 0 U 34
36 0 U 35
37 1 U 36
38 1 U 37
39 0 U 38
40 0 U -1
41 1 U 40
42 0 U 41
43 0 U 42
44 0 U 43
45 0 U 44
46 1 U 45
47 0 U 46
48 0 U -1
49 0 U 48
50 1 U 49
51 1 U 50
52 1 U 51
53 0 U 52
54 1 U 53
55 0 U 54
56 0 U -1
57 1 U 56
58 0 U 57
59 0 U 58
60 0 U 59
61 0 U 60
62 1 U 61
63 0 U 62
64 0 U -1
65 1 U 64
66 1 U 65
67 1 U 66
68 1 U 67
69 0 U 68
70 0 U 69
71 0 U 70
72 1 U -1
73 0 U 72
74 1 U 73
75 0 U 74
# score :1 1293819
# W : 679829 , H : 609484
76
0 0 U -1
1 0 U 0
2 0 U 1
3 0 U 2
4 0 U 3
5 0 U 4
6 0 U 5
7 0 U 6
8 0 U -1
9 0 U 8
10 0 U 9
11 0 U 10
12 0 U 11
13 0 U 12
14 0 U 13
15 0 U 14
16 0 U -1
17 0 U 16
18 0 U 17
19 0 U 18
20 0 U 19
21 0 U 20
22 0 U 21
23 0 U 22
24 0 U -1
25 0 U 24
26 0 U 25
27 0 U 26
28 0 U 27
29 0 U 28
30 0 U 29
31 0 U 30
32 0 U -1
33 0 U 32
34 0 U 33
35 0 U 34
36 0 U 35
37 0 U 36
38 0 U 37
39 0 U 38
40 0 U -1
41 0 U 40
42 0 U 41
43 0 U 42
44 0 U 43
45 0 U 44
46 0 U 45
47 0 U 46
48 0 U -1
49 0 U 48
50 0 U 49
51 0 U 50
52 0 U 51
53 0 U 52
54 0 U 53
55 0 U 54
56 0 U -1
57 0 U 56
58 0 U 57
59 0 U 58
60 0 U 59
61 0 U 60
62 0 U 61
63 0 U 62
64 0 L 56
65 0 L 57
66 0 L 58
67 0 L 59
68 0 L 60
69 0 L 61
70 0 L 62
71 0 L 63
72 0 U -1
73 0 U 72
74 0 U 73
75 0 U 74
# score :2 1551668
# W : 616163 , H : 759318
76
0 1 U -1
1 1 U 0
2 0 U 1
3 0 U 2
4 1 U 3
5 0 U 4
6 0 U 5
7 1 U 6
8 0 U -1
9 1 U 8
10 0 U 9
11 0 U 10
12 1 U 11
13 0 U 12
14 0 U 13
15 0 U 14
16 0 U -1
17 0 U 16
18 1 U 17
19 0 U 18
20 1 U 19
21 1 U 20
22 1 U 21
23 1 U 22
24 1 U -1
25 0 U 24
26 1 U 25
27 1 U 26
28 0 U 27
29 1 U 28
30 1 U 29
31 0 U 30
32 1 U -1
33 1 U 32
34 1 U 33
35 0 U 34
36 0 U 35
37 1 U 36
38 1 U 37
39 0 U 38
40 0 U -1
41 1 U 40
42 0 U 41
43 0 U 42
44 0 U 43
45 0 U 44
46 1 U 45
47 0 U 46
48 0 U -1
49 0 U 48
50 1 U 49
51 1 U 50
52 1 U 51
53 0 U 52
54 1 U 53
55 0 U 54
56 0 U -1
57 1 U 56
58 0 U 57
59 0 U 58
60 0 U 59
61 0 U 60
62 1 U 61
63 0 U 62
64 0 L 56
65 1 L 57
66 1 L 58
67 1 L 59
68 1 L 60
69 0 L 61
70 0 L 62
71 0 L 63
72 1 U -1
73 0 U 72
74 1 U 73
75 0 U 74
# score :3 1491416
# W : 742347 , H : 507219
76
0 0 U -1
1 0 U 0
2 0 U 1
3 0 U 2
4 0 U 3
5 0 U 4
6 0 U 5
7 0 U 6
8 0 U -1
9 0 U 8
10 0 U 9
11 0 U 10
12 0 U 11
13 0 U 12
14 0 U 13
15 0 U 14
16 0 U -1
17 0 U 16
18 0 U 17
19 0 U 18
20 0 U 19
21 0 U 20
22 0 U 21
23 0 U 22
24 0 U -1
25 0 U 24
26 0 U 25
27 0 U 26
28 0 U 27
29 0 U 28
30 0 U 29
31 0 U 30
32 0 U -1
33 0 U 32
34 0 U 33
35 0 U 34
36 0 U 35
37 0 U 36
38 0 U 37
39 0 U 38
40 0 U -1
41 0 U 40
42 0 U 41
43 0 U 42
44 0 U 43
45 0 U 44
46 0 U 45
47 0 U 46
48 0 U -1
49 0 U 48
50 0 U 49
51 0 U 50
52 0 U 51
53 0 U 52
54 0 U 53
55 0 U 54
56 0 U -1
57 0 U 56
58 0 U 57
59 0 U 58
60 0 U 59
61 0 U 60
62 0 U 61
63 0 U 62
64 0 L 48
65 0 L 49
66 0 L 50
67 0 L 51
68 0 L 52
69 0 L 53
70 0 L 54
71 0 L 55
72 0 U -1
73 0 U 72
74 0 U 73
75 0 U 74
# score :4 1656388
# W : 681877 , H : 679837
76
0 1 U -1
1 1 U 0
2 0 U 1
3 0 U 2
4 1 U 3
5 0 U 4
6 0 U 5
7 1 U 6
8 0 U -1
9 1 U 8
10 0 U 9
11 0 U 10
12 1 U 11
13 0 U 12
14 0 U 13
15 0 U 14
16 0 U -1
17 0 U 16
18 1 U 17
19 0 U 18
20 1 U 19
21 1 U 20
22 1 U 21
23 1 U 22
24 1 U -1
25 0 U 24
26 1 U 25
27 1 U 26
28 0 U 27
29 1 U 28
30 1 U 29
31 0 U 30
32 1 U -1
33 1 U 32
34 1 U 33
35 0 U 34
36 0 U 35
37 1 U 36
38 1 U 37
39 0 U 38
40 0 U -1
41 1 U 40
42 0 U 41
43 0 U 42
44 0 U 43
45 0 U 44
46 1 U 45
47 0 U 46
48 0 U -1
49 0 U 48
50 1 U 49
51 1 U 50
52 1 U 51
53 0 U 52
54 1 U 53
55 0 U 54
56 0 U -1
57 1 U 56
58 0 U 57
59 0 U 58
60 0 U 59
61 0 U 60
62 1 U 61
63 0 U 62
64 0 L 48
65 1 L 49
66 1 L 50
67 1 L 51
68 1 L 52
69 0 L 53
70 0 L 54
71 0 L 55
72 1 U -1
73 0 U 72
74 1 U 73
75 0 U 74
# score :5 1619313
# W : 948625 , H : 527471
76
0 0 U -1
1 0 U 0
2 0 U 1
3 0 U 2
4 0 U 3
5 0 U 4
6 0 U 5
7 0 U 6
8 0 U -1
9 0 U 8
10 0 U 9
11 0 U 10
12 0 U 11
13 0 U 12
14 0 U 13
15 0 U 14
16 0 U -1
17 0 U 16
18 0 U 17
19 0 U 18
20 0 U 19
21 0 U 20
22 0 U 21
23 0 U 22
24 0 U -1
25 0 U 24
26 0 U 25
27 0 U 26
28 0 U 27
29 0 U 28
30 0 U 29
31 0 U 30
32 0 U -1
33 0 U 32
34 0 U 33
35 0 U 34
36 0 U 35
37 0 U 36
38 0 U 37
39 0 U 38
40 0 U -1
41 0 U 40
42 0 U 41
43 0 U 42
44 0 U 43
45 0 U 44
46 0 U 45
47 0 U 46
48 0 U -1
49 0 U 48
50 0 U 49
51 0 U 50
52 0 U 51
53 0 U 52
54 0 U 53
55 0 U 54
56 0 U -1
57 0 U 56
58 0 U 57
59 0 U 58
60 0 U 59
61 0 U 60
62 0 U 61
63 0 U 62
64 0 L 48
65 0 L 49
66 0 L 50
67 0 L 51
68 0 L 52
69 0 L 53
70 0 L 54
71 0 L 55
72 0 U -1
73 0 U 72
74 0 U 73
75 0 U 74
# score :6 1656388
# W : 687853 , H : 701450
76
0 1 U -1
1 1 U 0
2 0 U 1
3 0 U 2
4 1 U 3
5 0 U 4
6 0 U 5
7 1 U 6
8 0 U -1
9 1 U 8
10 0 U 9
11 0 U 10
12 1 U 11
13 0 U 12
14 0 U 13
15 0 U 14
16 0 U -1
17 0 U 16
18 1 U 17
19 0 U 18
20 1 U 19
21 1 U 20
22 1 U 21
23 1 U 22
24 1 U -1
25 0 U 24
26 1 U 25
27 1 U 26
28 0 U 27
29 1 U 28
30 1 U 29
31 0 U 30
32 1 U -1
33 1 U 32
34 1 U 33
35 0 U 34
36 0 U 35
37 1 U 36
38 1 U 37
39 0 U 38
40 0 U -1
41 1 U 40
42 0 U 41
43 0 U 42
44 0 U 43
45 0 U 44
46 1 U 45
47 0 U 46
48 0 U -1
49 0 U 48
50 1 U 49
51 1 U 50
52 1 U 51
53 0 U 52
54 1 U 53
55 0 U 54
56 0 U -1
57 1 U 56
58 0 U 57
59 0 U 58
60 0 U 59
61 0 U 60
62 1 U 61
63 0 U 62
64 0 L 48
65 1 L 49
66 1 L 50
67 1 L 51
68 1 L 52
69 0 L 53
70 0 L 54
71 0 L 55
72 1 U -1
73 0 U 72
74 1 U 73
75 0 U 74
# score :7 1619313
# W : 957117 , H : 530032
76
0 1 U -1
1 1 U 0
2 0 U 1
3 0 U 2
4 0 U 3
5 1 U 4
6 1 U 5
7 0 U 6
8 0 U -1
9 0 U 8
10 1 U 9
11 0 U 10
12 0 U 11
13 0 U 12
14 0 U 13
15 0 U 14
16 0 U -1
17 0 U 16
18 0 U 17
19 1 U 18
20 1 U 19
21 0 U 20
22 0 U 21
23 0 U 22
24 0 U -1
25 1 U 24
26 0 U 25
27 1 U 26
28 1 U 27
29 0 U 28
30 1 U 29
31 1 U 30
32 1 U -1
33 0 U 32
34 1 U 33
35 1 U 34
36 1 U 35
37 0 U 36
38 0 U 37
39 0 U 38
40 0 U -1
41 1 U 40
42 1 U 41
43 1 U 42
44 0 U 43
45 0 U 44
46 0 U 45
47 1 U 46
48 1 U -1
49 0 U 48
50 1 U 49
51 0 U 50
52 1 U 51
53 0 U 52
54 0 U 53
55 0 U 54
56 0 U -1
57 1 U 56
58 0 U 57
59 1 U 58
60 1 U 59
61 0 U 60
62 0 U 61
63 0 U 62
64 0 U -1
65 1 U 64
66 1 U 65
67 1 U 66
68 0 U 67
69 1 U 68
70 0 U 69
71 1 U 70
72 1 U -1
73 0 U 72
74 1 U 73
75 0 U 74
# score :8 1408818
# W : 534167 , H : 829498
76
0 0 U -1
1 0 U 0
2 1 U 1
3 1 U 2
4 1 U 3
5 0 U 4
6 1 U 5
7 1 U 6
8 1 U -1
9 1 U 8
10 0 U 9
11 1 U 10
12 1 U 11
13 1 U 12
14 1 U 13
15 0 U 14
16 1 U -1
17 0 U 16
18 0 U 17
19 0 U 18
20 0 U 19
21 0 U 20
22 1 U 21
23 1 U 22
24 0 U -1
25 0 U 24
26 1 U 25
27 0 U 26
28 0 U 27
29 1 U 28
30 0 U 29
31 1 U 30
32 1 U -1
33 0 U 32
34 0 U 33
35 1 U 34
36 0 U 35
37 0 U 36
38 0 U 37
39 1 U 38
40 1 U -1
41 0 U 40
42 0 U 41
43 1 U 42
44 0 U 43
45 0 U 44
46 1 U 45
47 1 U 46
48 1 U -1
49 1 U 48
50 1 U 49
51 1 U 50
52 0 U 51
53 0 U 52
54 0 U 53
55 0 U 54
56 1 U -1
57 0 U 56
58 1 U 57
59 0 U 58
60 0 U 59
61 1 U 60
62 1 U 61
63 0 U 62
64 1 U -1
65 1 U 64
66 1 U 65
67 1 U 66
68 1 U 67
69 1 U 68
70 0 U 69
71 0 U 70
72 1 U -1
73 1 U 72
74 0 U 73
75 0 U 74
# score :9 1366800
# W : 503067 , H : 762443
76
0 1 U -1
1 1 U 0
2 0 U 1
3 0 U 2
4 0 U 3
5 0 U 4
6 0 U 5
7 0 U 6
8 0 U -1
9 1 U 8
10 1 U 9
11 1 U 10
12 1 U 11
13 0 U 12
14 1 U 13
15 0 U 14
16 0 U -1
17 0 U 16
18 0 U 17
19 1 U 18
20 1 U 19
21 0 U 20
22 0 U 21
23 1 U 22
24 0 U -1
25 1 U 24
26 0 U 25
27 1 U 26
28 1 U 27
29 1 U 28
30 1 U 29
31 1 U 30
32 0 U -1
33 0 U 32
34 0 U 33
35 1 U 34
36 0 U 35
37 0 U 36
38 0 U 37
39 0 U 38
40 0 U -1
41 0 U 40
42 0 U 41
43 0 U 42
44 1 U 43
45 1 U 44
46 1 U 45
47 1 U 46
48 0 U -1
49 1 U 48
50 0 U 49
51 0 U 50
52 1 U 51
53 1 U 52
54 0 U 53
55 0 U 54
56 0 U -1
57 0 U 56
58 1 U 57
59 1 U 58
60 1 U 59
61 1 U 60
62 1 U 61
63 0 U 62
64 0 L 56
65 1 L 57
66 1 L 58
67 0 L 59
68 1 L 60
69 0 L 61
70 1 L 62
71 0 L 63
72 1 U -1
73 0 U 72
74 1 U 73
75 1 U 74
# score :10 1542624
# W : 564774 , H : 755470
76
0 1 U -1
1 1 U 0
2 1 U 1
3 0 U 2
4 0 U 3
5 0 U 4
6 0 U 5
7 1 U 6
8 1 U -1
9 1 U 8
10 1 U 9
11 0 U 10
12 1 U 11
13 1 U 12
14 1 U 13
15 0 U 14
16 1 U -1
17 0 U 16
18 1 U 17
19 1 U 18
20 1 U 19
21 0 U 20
22 0 U 21
23 1 U 22
24 1 U -1
25 0 U 24
26 0 U 25
27 1 U 26
28 0 U 27
29 0 U 28
30 0 U 29
31 1 U 30
32 1 U -1
33 1 U 32
34 0 U 33
35 1 U 34
36 1 U 35
37 1 U 36
38 0 U 37
39 0 U 38
40 0 U -1
41 0 U 40
42 0 U 41
43 0 U 42
44 1 U 43
45 0 U 44
46 1 U 45
47 0 U 46
48 1 U -1
49 1 U 48
50 0 U 49
51 1 U 50
52 1 U 51
53 1 U 52
54 1 U 53
55 1 U 54
56 1 U -1
57 1 U 56
58 0 U 57
59 1 U 58
60 0 U 59
61 1 U 60
62 1 U 61
63 1 U 62
64 1 L 56
65 1 L 57
66 1 L 58
67 1 L 59
68 1 L 60
69 1 L 61
70 1 L 62
71 1 L 63
72 1 U -1
73 0 U 72
74 1 U 73
75 1 U 74
# score :11 1621227
# W : 711286 , H : 733174
76
0 0 U -1
1 0 U 0
2 1 U 1
3 0 U 2
4 1 U 3
5 1 U 4
6 1 U 5
7 1 U 6
8 0 U -1
9 1 U 8
10 1 U 9
11 1 U 10
12 1 U 11
13 0 U 12
14 1 U 13
15 0 U 14
16 1 U -1
17 0 U 16
18 1 U 17
19 1 U 18
20 1 U 19
21 0 U 20
22 0 U 21
23 1 U 22
24 0 U -1
25 0 U 24
26 1 U 25
27 0 U 26
28 0 U 27
29 1 U 28
30 0 U 29
31 1 U 30
32 1 U -1
33 1 U 32
34 0 U 33
35 0 U 34
36 1 U 35
37 0 U 36
38 0 U 37
39 1 U 38
40 1 U -1
41 1 U 40
42 0 U 41
43 1 U 42
44 0 U 43
45 1 U 44
46 1 U 45
47 0 U 46
48 0 U -1
49 0 U 48
50 1 U 49
51 0 U 50
52 0 U 51
53 0 U 52
54 0 U 53
55 0 U 54
56 0 U -1
57 1 U 56
58 1 U 57
59 1 U 58
60 0 U 59
61 0 U 60
62 1 U 61
63 1 U 62
64 0 L 48
65 1 L 49
66 1 L 50
67 1 L 51
68 0 L 52
69 0 L 53
70 0 L 54
71 1 L 55
72 0 U -1
73 1 U 72
74 1 U 73
75 1 U 74
# score :12 1769328
# W : 758984 , H : 592214
76
0 0 U -1
1 1 U 0
2 1 U 1
3 0 U 2
4 0 U 3
5 1 U 4
6 1 U 5
7 1 U 6
8 1 U -1
9 0 U 8
10 0 U 9
11 1 U 10
12 1 U 11
13 0 U 12
14 0 U 13
15 0 U 14
16 0 U -1
17 1 U 16
18 1 U 17
19 1 U 18
20 1 U 19
21 0 U 20
22 1 U 21
23 0 U 22
24 0 U -1
25 0 U 24
26 1 U 25
27 1 U 26
28 1 U 27
29 0 U 28
30 0 U 29
31 0 U 30
32 1 U -1
33 1 U 32
34 0 U 33
35 1 U 34
36 0 U 35
37 1 U 36
38 1 U 37
39 1 U 38
40 1 U -1
41 0 U 40
42 0 U 41
43 1 U 42
44 1 U 43
45 0 U 44
46 1 U 45
47 1 U 46
48 1 U -1
49 0 U 48
50 1 U 49
51 1 U 50
52 0 U 51
53 0 U 52
54 0 U 53
55 1 U 54
56 1 U -1
57 0 U 56
58 0 U 57
59 0 U 58
60 1 U 59
61 0 U 60
62 1 U 61
63 0 U 62
64 1 L 48
65 0 L 49
66 1 L 50
67 1 L 51
68 1 L 52
69 0 L 53
70 1 L 54
71 1 L 55
72 1 U -1
73 1 U 72
74 0 U 73
75 1 U 74
# score :13 1519250
# W : 706109 , H : 684619
76
0 1 U -1
1 0 U 0
2 1 U 1
3 0 U 2
4 1 U 3
5 1 U 4
6 1 U 5
7 0 U 6
8 1 U -1
9 1 U 8
10 1 U 9
11 0 U 10
12 1 U 11
13 1 U 12
14 1 U 13
15 1 U 14
16 1 U -1
17 1 U 16
18 1 U 17
19 0 U 18
20 1 U 19
21 1 U 20
22 1 U 21
23 0 U 22
24 1 U -1
25 1 U 24
26 0 U 25
27 0 U 26
28 0 U 27
29 0 U 28
30 1 U 29
31 0 U 30
32 1 U -1
33 1 U 32
34 1 U 33
35 0 U 34
36 0 U 35
37 0 U 36
38 1 U 37
39 1 U 38
40 1 U -1
41 1 U 40
42 1 U 41
43 1 U 42
44 0 U 43
45 0 U 44
46 0 U 45
47 0 U 46
48 0 U -1
49 1 U 48
50 0 U 49
51 0 U 50
52 0 U 51
53 1 U 52
54 0 U 53
55 1 U 54
56 1 U -1
57 0 U 56
58 0 U 57
59 0 U 58
60 0 U 59
61 1 U 60
62 0 U 61
63 0 U 62
64 0 L 48
65 1 L 49
66 0 L 50
67 0 L 51
68 0 L 52
69 1 L 53
70 0 L 54
71 0 L 55
72 0 U -1
73 0 U 72
74 1 U 73
75 1 U 74
# score :14 1535296
# W : 723741 , H : 693788
76
0 0 U -1
1 1 U 0
2 0 U 1
3 0 U 2
4 0 U 3
5 0 U 4
6 0 U 5
7 1 U 6
8 1 U -1
9 1 U 8
10 1 U 9
11 0 U 10
12 0 U 11
13 0 U 12
14 1 U 13
15 1 U 14
16 0 U -1
17 1 U 16
18 1 U 17
19 1 U 18
20 1 U 19
21 0 U 20
22 1 U 21
23 1 U 22
24 1 U -1
25 1 U 24
26 0 U 25
27 1 U 26
28 1 U 27
29 1 U 28
30 0 U 29
31 0 U 30
32 0 U -1
33 1 U 32
34 1 U 33
35 1 U 34
36 1 U 35
37 1 U 36
38 0 U 37
39 0 U 38
40 0 U -1
41 1 U 40
42 0 U 41
43 1 U 42
44 1 U 43
45 0 U 44
46 1 U 45
47 1 U 46
48 1 U -1
49 0 U 48
50 1 U 49
51 1 U 50
52 1 U 51
53 0 U 52
54 0 U 53
55 1 U 54
56 1 U -1
57 1 U 56
58 0 U 57
59 0 U 58
60 1 U 59
61 1 U 60
62 1 U 61
63 1 U 62
64 1 L 48
65 1 L 49
66 1 L 50
67 1 L 51
68 0 L 52
69 0 L 53
70 1 L 54
71 0 L 55
72 0 U -1
73 1 U 72
74 0 U 73
75 1 U 74
# score :15 1683363
# W : 725912 , H : 646721
76
0 1 U -1
1 0 U 0
2 0 U 1
3 1 U 2
4 0 U 3
5 0 U 4
6 1 U 5
7 0 U 6
8 0 U -1
9 1 U 8
10 0 U 9
11 0 U 10
12 0 U 11
13 0 U 12
14 0 U 13
15 1 U 14
16 0 U -1
17 1 U 16
18 0 U 17
19 1 U 18
20 1 U 19
21 0 U 20
22 0 U 21
23 0 U 22
24 0 U -1
25 1 U 24
26 1 U 25
27 1 U 26
28 1 U 27
29 1 U 28
30 1 U 29
31 0 U 30
32 0 U -1
33 1 U 32
34 0 U 33
35 1 U 34
36 1 U 35
37 1 U 36
38 0 U 37
39 1 U 38
40 1 U -1
41 1 U 40
42 0 U 41
43 1 U 42
44 0 U 43
45 1 U 44
46 1 U 45
47 1 U 46
48 0 U -1
49 1 U 48
50 0 U 49
51 0 U 50
52 1 U 51
53 0 U 52
54 1 U 53
55 1 U 54
56 1 U -1
57 0 U 56
58 0 U 57
59 0 U 58
60 0 U 59
61 1 U 60
62 1 U 61
63 0 U 62
64 0 U -1
65 0 U 64
66 1 U 65
67 1 U 66
68 1 U 67
69 1 U 68
70 1 U 69
71 1 U 70
72 1 U -1
73 1 U 72
74 1 U 73
75 0 U 74
# score :16 1306517
# W : 488405 , H : 725725
76
0 1 U -1
1 1 U 0
2 1 U 1
3 0 U 2
4 0 U 3
5 0 U 4
6 0 U 5
7 1 U 6
8 1 U -1
9 0 U 8
10 1 U 9
11 1 U 10
12 0 U 11
13 0 U 12
14 0 U 13
15 1 U 14
16 0 U -1
17 0 U 16
18 1 U 17
19 1 U 18
20 0 U 19
21 0 U 20
22 1 U 21
23 1 U 22
24 1 U -1
25 0 U 24
26 1 U 25
27 1 U 26
28 1 U 27
29 0 U 28
30 1 U 29
31 1 U 30
32 0 U -1
33 1 U 32
34 1 U 33
35 0 U 34
36 0 U 35
37 1 U 36
38 1 U 37
39 1 U 38
40 1 U -1
41 1 U 40
42 1 U 41
43 1 U 42
44 0 U 43
45 1 U 44
46 1 U 45
47 1 U 46
48 0 U -1
49 1 U 48
50 1 U 49
51 1 U 50
52 0 U 51
53 0 U 52
54 1 U 53
55 0 U 54
56 0 U -1
57 0 U 56
58 0 U 57
59 0 U 58
60 1 U 59
61 0 U 60
62 0 U 61
63 0 U 62
64 0 U -1
65 0 U 64
66 1 U 65
67 0 U 66
68 0 U 67
69 0 U 68
70 1 U 69
71 0 U 70
72 1 U -1
73 1 U 72
74 0 U 73
75 0 U 74
# score :17 1339512
# W : 588691 , H : 735916
76
0 0 U -1
1 1 U 0
2 1 U 1
3 1 U 2
4 1 U 3
5 1 U 4
6 0 U 5
7 0 U 6
8 1 U -1
9 0 U 8
10 1 U 9
11 0 U 10
12 1 U 11
13 1 U 12
14 1 U 13
15 1 U 14
16 0 U -1
17 0 U 16
18 0 U 17
19 1 U 18
20 1 U 19
21 1 U 20
22 0 U 21
23 0 U 22
24 0 U -1
25 1 U 24
26 1 U 25
27 0 U 26
28 0 U 27
29 0 U 28
30 1 U 29
31 1 U 30
32 1 U -1
33 1 U 32
34 0 U 33
35 0 U 34
36 0 U 35
37 1 U 36
38 0 U 37
39 0 U 38
40 0 U -1
41 0 U 40
42 1 U 41
43 1 U 42
44 1 U 43
45 1 U 44
46 0 U 45
47 0 U 46
48 0 U -1
49 0 U 48
50 0 U 49
51 1 U 50
52 0 U 51
53 0 U 52
54 1 U 53
55 1 U 54
56 0 U -1
57 0 U 56
58 0 U 57
59 1 U 58
60 1 U 59
61 1 U 60
62 0 U 61
63 0 U 62
64 0 L 56
65 0 L 57
66 0 L 58
67 1 L 59
68 0 L 60
69 1 L 61
70 0 L 62
71 1 L 63
72 0 U -1
73 1 U 72
74 1 U 73
75 1 U 74
# score :18 1517527
# W : 572771 , H : 700585
76
0 0 U -1
1 0 U 0
2 0 U 1
3 1 U 2
4 1 U 3
5 0 U 4
6 1 U 5
7 1 U 6
8 0 U -1
9 0 U 8
10 1 U 9
11 1 U 10
12 0 U 11
13 1 U 12
14 1 U 13
15 0 U 14
16 0 U -1
17 0 U 16
18 1 U 17
19 0 U 18
20 1 U 19
21 1 U 20
22 1 U 21
23 0 U 22
24 0 U -1
25 0 U 24
26 1 U 25
27 0 U 26
28 0 U 27
29 0 U 28
30 0 U 29
31 0 U 30
32 0 U -1
33 0 U 32
34 0 U 33
35 0 U 34
36 1 U 35
37 0 U 36
38 1 U 37
39 0 U 38
40 1 U -1
41 1 U 40
42 1 U 41
43 1 U 42
44 1 U 43
45 0 U 44
46 0 U 45
47 0 U 46
48 0 U -1
49 0 U 48
50 0 U 49
51 1 U 50
52 0 U 51
53 0 U 52
54 1 U 53
55 0 U 54
56 1 U -1
57 0 U 56
58 1 U 57
59 1 U 58
60 1 U 59
61 1 U 60
62 0 U 61
63 1 U 62
64 1 L 56
65 0 L 57
66 0 L 58
67 0 L 59
68 0 L 60
69 0 L 61
70 0 L 62
71 0 L 63
72 0 U -1
73 1 U 72
74 1 U 73
75 1 U 74
# score :19 1556840
# W : 555251 , H : 710352
76
0 0 U -1
1 0 U 0
2 0 U 1
3 1 U 2
4 0 U 3
5 1 U 4
6 1 U 5
7 1 U 6
8 0 U -1
9 0 U 8
10 0 U 9
11 0 U 10
12 1 U 11
13 0 U 12
14 0 U 13
15 1 U 14
16 1 U -1
17 1 U 16
18 0 U 17
19 1 U 18
20 1 U 19
21 1 U 20
22 1 U 21
23 0 U 22
24 1 U -1
25 0 U 24
26 0 U 25
27 0 U 26
28 1 U 27
29 1 U 28
30 0 U 29
31 0 U 30
32 1 U -1
33 0 U 32
34 0 U 33
35 1 U 34
36 0 U 35
37 0 U 36
38 1 U 37
39 0 U 38
40 1 U -1
41 0 U 40
42 1 U 41
43 0 U 42
44 1 U 43
45 1 U 44
46 0 U 45
47 1 U 46
48 0 U -1
49 1 U 48
50 0 U 49
51 0 U 50
52 1 U 51
53 0 U 52
54 0 U 53
55 1 U 54
56 1 U -1
57 0 U 56
58 0 U 57
59 1 U 58
60 0 U 59
61 1 U 60
62 1 U 61
63 0 U 62
64 0 L 48
65 1 L 49
66 0 L 50
67 1 L 51
68 1 L 52
69 1 L 53
70 1 L 54
71 0 L 55
72 0 U -1
73 1 U 72
74 0 U 73
75 1 U 74
# score :20 1480232
# W : 555322 , H : 773944
76
0 1 U -1
1 1 U 0
2 1 U 1
3 1 U 2
4 0 U 3
5 0 U 4
6 0 U 5
7 0 U 6
8 1 U -1
9 1 U 8
10 0 U 9
11 0 U 10
12 0 U 11
13 1 U 12
14 1 U 13
15 1 U 14
16 0 U -1
17 1 U 16
18 1 U 17
19 0 U 18
20 0 U 19
21 1 U 20
22 1 U 21
23 1 U 22
24 0 U -1
25 0 U 24
26 1 U 25
27 1 U 26
28 1 U 27
29 0 U 28
30 0 U 29
31 0 U 30
32 1 U -1
33 1 U 32
34 1 U 33
35 0 U 34
36 1 U 35
37 0 U 36
38 0 U 37
39 1 U 38
40 1 U -1
41 0 U 40
42 0 U 41
43 1 U 42
44 1 U 43
45 0 U 44
46 0 U 45
47 1 U 46
48 0 U -1
49 1 U 48
50 1 U 49
51 1 U 50
52 0 U 51
53 0 U 52
54 1 U 53
55 0 U 54
56 0 U -1
57 0 U 56
58 0 U 57
59 0 U 58
60 0 U 59
61 1 U 60
62 0 U 61
63 0 U 62
64 1 L 48
65 1 L 49
66 0 L 50
67 1 L 51
68 0 L 52
69 0 L 53
70 0 L 54
71 0 L 55
72 1 U -1
73 0 U 72
74 0 U 73
75 0 U 74
# score :21 1559858
# W : 842361 , H : 647419
76
0 1 U -1
1 0 U 0
2 1 U 1
3 1 U 2
4 1 U 3
5 0 U 4
6 1 U 5
7 0 U 6
8 0 U -1
9 0 U 8
10 1 U 9
11 1 U 10
12 1 U 11
13 0 U 12
14 1 U 13
15 1 U 14
16 1 U -1
17 0 U 16
18 0 U 17
19 1 U 18
20 1 U 19
21 1 U 20
22 0 U 21
23 1 U 22
24 1 U -1
25 1 U 24
26 0 U 25
27 0 U 26
28 0 U 27
29 0 U 28
30 1 U 29
31 1 U 30
32 0 U -1
33 0 U 32
34 1 U 33
35 1 U 34
36 1 U 35
37 0 U 36
38 0 U 37
39 0 U 38
40 0 U -1
41 1 U 40
42 1 U 41
43 0 U 42
44 0 U 43
45 1 U 44
46 1 U 45
47 1 U 46
48 1 U -1
49 0 U 48
50 1 U 49
51 0 U 50
52 0 U 51
53 0 U 52
54 1 U 53
55 0 U 54
56 0 U -1
57 0 U 56
58 1 U 57
59 0 U 58
60 1 U 59
61 0 U 60
62 0 U 61
63 0 U 62
64 1 L 48
65 0 L 49
66 1 L 50
67 1 L 51
68 0 L 52
69 0 L 53
70 0 L 54
71 0 L 55
72 0 U -1
73 0 U 72
74 1 U 73
75 1 U 74
# score :22 1628599
# W : 840466 , H : 738335
76
0 1 U -1
1 1 U 0
2 0 U 1
3 0 U 2
4 1 U 3
5 1 U 4
6 1 U 5
7 1 U 6
8 0 U -1
9 0 U 8
10 1 U 9
11 1 U 10
12 0 U 11
13 0 U 12
14 1 U 13
15 0 U 14
16 1 U -1
17 0 U 16
18 0 U 17
19 0 U 18
20 0 U 19
21 1 U 20
22 1 U 21
23 1 U 22
24 1 U -1
25 1 U 24
26 1 U 25
27 1 U 26
28 0 U 27
29 0 U 28
30 0 U 29
31 0 U 30
32 1 U -1
33 0 U 32
34 1 U 33
35 1 U 34
36 1 U 35
37 1 U 36
38 1 U 37
39 1 U 38
40 1 U -1
41 0 U 40
42 0 U 41
43 1 U 42
44 1 U 43
45 1 U 44
46 1 U 45
47 0 U 46
48 1 U -1
49 0 U 48
50 0 U 49
51 0 U 50
52 1 U 51
53 0 U 52
54 0 U 53
55 0 U 54
56 0 U -1
57 0 U 56
58 0 U 57
59 0 U 58
60 1 U 59
61 1 U 60
62 0 U 61
63 1 U 62
64 1 L 48
65 0 L 49
66 1 L 50
67 1 L 51
68 0 L 52
69 0 L 53
70 0 L 54
71 0 L 55
72 1 U -1
73 1 U 72
74 1 U 73
75 1 U 74
# score :23 1550742
# W : 650862 , H : 682191
76
0 0 U -1
1 0 U 0
2 0 U 1
3 1 U 2
4 0 U 3
5 0 U 4
6 1 U 5
7 0 U 6
8 1 U -1
9 0 U 8
10 0 U 9
11 1 U 10
12 0 U 11
13 0 U 12
14 1 U 13
15 0 U 14
16 1 U -1
17 0 U 16
18 1 U 17
19 0 U 18
20 0 U 19
21 1 U 20
22 0 U 21
23 0 U 22
24 1 U -1
25 0 U 24
26 0 U 25
27 0 U 26
28 1 U 27
29 1 U 28
30 1 U 29
31 1 U 30
32 0 U -1
33 0 U 32
34 0 U 33
35 0 U 34
36 1 U 35
37 1 U 36
38 0 U 37
39 1 U 38
40 1 U -1
41 1 U 40
42 0 U 41
43 0 U 42
44 1 U 43
45 1 U 44
46 0 U 45
47 0 U 46
48 1 U -1
49 1 U 48
50 1 U 49
51 0 U 50
52 1 U 51
53 0 U 52
54 1 U 53
55 1 U 54
56 0 U -1
57 1 U 56
58 0 U 57
59 1 U 58
60 0 U 59
61 1 U 60
62 1 U 61
63 0 U 62
64 0 U -1
65 0 U 64
66 0 U 65
67 1 U 66
68 0 U 67
69 1 U 68
70 0 U 69
71 0 U 70
72 0 U -1
73 0 U 72
74 1 U 73
75 0 U 74
# score :24 1368251
# W : 509873 , H : 793687
76
0 1 U -1
1 1 U 0
2 0 U 1
3 1 U 2
4 0 U 3
5 0 U 4
6 1 U 5
7 1 U 6
8 1 U -1
9 0 U 8
10 1 U 9
11 1 U 10
12 1 U 11
13 1 U 12
14 0 U 13
15 0 U 14
16 1 U -1
17 1 U 16
18 0 U 17
19 1 U 18
20 1 U 19
21 1 U 20
22 0 U 21
23 1 U 22
24 0 U -1
25 1 U 24
26 1 U 25
27 0 U 26
28 1 U 27
29 1 U 28
30 1 U 29
31 0 U 30
32 1 U -1
33 1 U 32
34 1 U 33
35 0 U 34
36 1 U 35
37 1 U 36
38 0 U 37
39 1 U 38
40 0 U -1
41 1 U 40
42 1 U 41
43 0 U 42
44 0 U 43
45 0 U 44
46 0 U 45
47 1 U 46
48 1 U -1
49 0 U 48
50 0 U 49
51 0 U 50
52 0 U 51
53 0 U 52
54 1 U 53
55 0 U 54
56 1 U -1
57 0 U 56
58 0 U 57
59 1 U 58
60 1 U 59
61 1 U 60
62 0 U 61
63 1 U 62
64 0 U -1
65 1 U 64
66 1 U 65
67 1 U 66
68 1 U 67
69 0 U 68
70 1 U 69
71 0 U 70
72 1 U -1
73 0 U 72
74 1 U 73
75 0 U 74
# score :25 1358735
# W : 575479 , H : 762712
76
0 1 U -1
1 0 U 0
2 0 U 1
3 1 U 2
4 0 U 3
5 1 U 4
6 1 U 5
7 1 U 6
8 0 U -1
9 1 U 8
10 1 U 9
11 1 U 10
12 1 U 11
13 1 U 12
14 1 U 13
15 0 U 14
16 1 U -1
17 1 U 16
18 1 U 17
19 1 U 18
20 1 U 19
21 0 U 20
22 1 U 21
23 1 U 22
24 0 U -1
25 0 U 24
26 1 U 25
27 1 U 26
28 0 U 27
29 1 U 28
30 1 U 29
31 0 U 30
32 1 U -1
33 0 U 32
34 1 U 33
35 1 U 34
36 0 U 35
37 1 U 36
38 0 U 37
39 0 U 38
40 1 U -1
41 0 U 40
42 0 U 41
43 1 U 42
44 0 U 43
45 0 U 44
46 0 U 45
47 1 U 46
48 1 U -1
49 1 U 48
50 1 U 49
51 1 U 50
52 1 U 51
53 0 U 52
54 0 U 53
55 0 U 54
56 0 U -1
57 0 U 56
58 1 U 57
59 1 U 58
60 1 U 59
61 1 U 60
62 0 U 61
63 0 U 62
64 1 L 56
65 1 L 57
66 0 L 58
67 1 L 59
68 0 L 60
69 0 L 61
70 0 L 62
71 0 L 63
72 1 U -1
73 0 U 72
74 0 U 73
75 0 U 74
# score :26 1518052
# W : 565301 , H : 774571
76
0 0 U -1
1 1 U 0
2 1 U 1
3 0 U 2
4 0 U 3
5 0 U 4
6 0 U 5
7 0 U 6
8 0 U -1
9 1 U 8
10 1 U 9
11 0 U 10
12 0 U 11
13 0 U 12
14 0 U 13
15 1 U 14
16 1 U -1
17 1 U 16
18 0 U 17
19 0 U 18
20 1 U 19
21 1 U 20
22 1 U 21
23 1 U 22
24 0 U -1
25 1 U 24
26 1 U 25
27 1 U 26
28 1 U 27
29 0 U 28
30 1 U 29
31 1 U 30
32 0 U -1
33 0 U 32
34 1 U 33
35 1 U 34
36 0 U 35
37 1 U 36
38 0 U 37
39 1 U 38
40 1 U -1
41 0 U 40
42 0 U 41
43 0 U 42
44 1 U 43
45 0 U 44
46 0 U 45
47 1 U 46
48 0 U -1
49 0 U 48
50 0 U 49
51 0 U 50
52 1 U 51
53 0 U 52
54 0 U 53
55 1 U 54
56 0 U -1
57 1 U 56
58 0 U 57
59 0 U 58
60 1 U 59
61 1 U 60
62 1 U 61
63 0 U 62
64 1 L 56
65 0 L 57
66 1 L 58
67 0 L 59
68 1 L 60
69 1 L 61
70 1 L 62
71 1 L 63
72 0 U -1
73 1 U 72
74 1 U 73
75 1 U 74
# score :27 1515289
# W : 573980 , H : 644270
76
0 1 U -1
1 1 U 0
2 1 U 1
3 0 U 2
4 1 U 3
5 0 U 4
6 0 U 5
7 0 U 6
8 0 U -1
9 0 U 8
10 1 U 9
11 1 U 10
12 0 U 11
13 1 U 12
14 0 U 13
15 0 U 14
16 0 U -1
17 1 U 16
18 1 U 17
19 0 U 18
20 1 U 19
21 1 U 20
22 1 U 21
23 0 U 22
24 0 U -1
25 1 U 24
26 1 U 25
27 1 U 26
28 0 U 27
29 1 U 28
30 0 U 29
31 1 U 30
32 0 U -1
33 0 U 32
34 1 U 33
35 0 U 34
36 1 U 35
37 0 U 36
38 1 U 37
39 1 U 38
40 0 U -1
41 1 U 40
42 0 U 41
43 0 U 42
44 0 U 43
45 0 U 44
46 1 U 45
47 0 U 46
48 1 U -1
49 1 U 48
50 1 U 49
51 1 U 50
52 1 U 51
53 0 U 52
54 1 U 53
55 0 U 54
56 0 U -1
57 1 U 56
58 0 U 57
59 1 U 58
60 1 U 59
61 1 U 60
62 1 U 61
63 0 U 62
64 0 L 48
65 0 L 49
66 0 L 50
67 0 L 51
68 0 L 52
69 0 L 53
70 1 L 54
71 0 L 55
72 1 U -1
73 0 U 72
74 0 U 73
75 1 U 74
# score :28 1460236
# W : 672959 , H : 707751
76
0 1 U -1
1 0 U 0
2 0 U 1
3 1 U 2
4 1 U 3
5 1 U 4
6 0 U 5
7 1 U 6
8 0 U -1
9 0 U 8
10 0 U 9
11 0 U 10
12 1 U 11
13 0 U 12
14 0 U 13
15 0 U 14
16 1 U -1
17 0 U 16
18 0 U 17
19 1 U 18
20 0 U 19
21 1 U 20
22 1 U 21
23 0 U 22
24 0 U -1
25 1 U 24
26 1 U 25
27 0 U 26
28 0 U 27
29 1 U 28
30 1 U 29
31 0 U 30
32 0 U -1
33 0 U 32
34 1 U 33
35 1 U 34
36 1 U 35
37 0 U 36
38 0 U 37
39 0 U 38
40 1 U -1
41 0 U 40
42 1 U 41
43 0 U 42
44 0 U 43
45 1 U 44
46 0 U 45
47 0 U 46
48 0 U -1
49 1 U 48
50 1 U 49
51 1 U 50
52 0 U 51
53 1 U 52
54 0 U 53
55 0 U 54
56 1 U -1
57 0 U 56
58 0 U 57
59 0 U 58
60 0 U 59
61 1 U 60
62 1 U 61
63 1 U 62
64 1 L 48
65 0 L 49
66 1 L 50
67 1 L 51
68 1 L 52
69 1 L 53
70 1 L 54
71 0 L 55
72 1 U -1
73 0 U 72
74 1 U 73
75 0 U 74
# score :29 1513579
# W : 637618 , H : 695696
76
0 1 U -1
1 0 U 0
2 1 U 1
3 1 U 2
4 0 U 3
5 1 U 4
6 1 U 5
7 1 U 6
8 1 U -1
9 1 U 8
10 0 U 9
11 1 U 10
12 1 U 11
13 0 U 12
14 1 U 13
15 1 U 14
16 0 U -1
17 1 U 16
18 0 U 17
19 1 U 18
20 0 U 19
21 1 U 20
22 0 U 21
23 0 U 22
24 0 U -1
25 0 U 24
26 1 U 25
27 1 U 26
28 0 U 27
29 1 U 28
30 1 U 29
31 0 U 30
32 1 U -1
33 0 U 32
34 0 U 33
35 1 U 34
36 1 U 35
37 0 U 36
38 0 U 37
39 0 U 38
40 1 U -1
41 1 U 40
42 1 U 41
43 1 U 42
44 0 U 43
45 1 U 44
46 1 U 45
47 0 U 46
48 0 U -1
49 0 U 48
50 1 U 49
51 0 U 50
52 0 U 51
53 0 U 52
54 1 U 53
55 1 U 54
56 1 U -1
57 1 U 56
58 0 U 57
59 1 U 58
60 1 U 59
61 1 U 60
62 1 U 61
63 1 U 62
64 0 L 48
65 0 L 49
66 1 L 50
67 0 L 51
68 0 L 52
69 1 L 53
70 0 L 54
71 1 L 55
72 0 U -1
73 1 U 72
74 1 U 73
75 0 U 74
# score :30 1589734
# W : 733412 , H : 699888
76
0 1 U -1
1 0 U 0
2 0 U 1
3 1 U 2
4 0 U 3
5 1 U 4
6 1 U 5
7 1 U 6
8 1 U -1
9 0 U 8
10 1 U 9
11 0 U 10
12 0 U 11
13 0 U 12
14 1 U 13
15 1 U 14
16 0 U -1
17 0 U 16
18 1 U 17
19 1 U 18
20 1 U 19
21 0 U 20
22 1 U 21
23 1 U 22
24 0 U -1
25 1 U 24
26 1 U 25
27 1 U 26
28 1 U 27
29 1 U 28
30 1 U 29
31 0 U 30
32 0 U -1
33 1 U 32
34 1 U 33
35 0 U 34
36 1 U 35
37 0 U 36
38 1 U 37
39 1 U 38
40 0 U -1
41 0 U 40
42 0 U 41
43 0 U 42
44 1 U 43
45 0 U 44
46 1 U 45
47 0 U 46
48 1 U -1
49 1 U 48
50 0 U 49
51 1 U 50
52 0 U 51
53 1 U 52
54 1 U 53
55 1 U 54
56 0 U -1
57 0 U 56
58 0 U 57
59 1 U 58
60 0 U 59
61 1 U 60
62 0 U 61
63 0 U 62
64 0 L 48
65 0 L 49
66 1 L 50
67 0 L 51
68 0 L 52
69 1 L 53
70 1 L 54
71 1 L 55
72 0 U -1
73 1 U 72
74 1 U 73
75 0 U 74
# score :31 1520974
# W : 724288 , H : 705355
76
0 1 U -1
1 1 U 0
2 1 U 1
3 0 U 2
4 0 U 3
5 0 U 4
6 0 U 5
7 1 U 6
8 0 U -1
9 0 U 8
10 1 U 9
11 1 U 10
12 0 U 11
13 0 U 12
14 0 U 13
15 0 U 14
16 0 U -1
17 1 U 16
18 1 U 17
19 0 U 18
20 1 U 19
21 0 U 20
22 0 U 21
23 1 U 22
24 0 U -1
25 0 U 24
26 0 U 25
27 0 U 26
28 0 U 27
29 0 U 28
30 0 U 29
31 1 U 30
32 1 U -1
33 1 U 32
34 1 U 33
35 1 U 34
36 1 U 35
37 1 U 36
38 0 U 37
39 0 U 38
40 1 U -1
41 1 U 40
42 1 U 41
43 1 U 42
44 0 U 43
45 0 U 44
46 0 U 45
47 0 U 46
48 0 U -1
49 1 U 48
50 1 U 49
51 0 U 50
52 0 U 51
53 0 U 52
54 0 U 53
55 1 U 54
56 0 U -1
57 1 U 56
58 1 U 57
59 0 U 58
60 1 U 59
61 1 U 60
62 1 U 61
63 0 U 62
64 0 U -1
65 0 U 64
66 0 U 65
67 1 U 66
68 0 U 67
69 1 U 68
70 0 U 69
71 1 U 70
72 1 U -1
73 1 U 72
74 1 U 73
75 0 U 74
# score :32 1412878
# W : 563581 , H : 802355
76
0 0 U -1
1 0 U 0
2 1 U 1
3 1 U 2
4 1 U 3
5 0 U 4
6 1 U 5
7 0 U 6
8 1 U -1
9 0 U 8
10 0 U 9
11 1 U 10
12 0 U 11
13 0 U 12
14 1 U 13
15 1 U 14
16 0 U -1
17 1 U 16
18 1 U 17
19 0 U 18
20 0 U 19
21 0 U 20
22 1 U 21
23 0 U 22
24 0 U -1
25 0 U 24
26 1 U 25
27 1 U 26
28 0 U 27
29 1 U 28
30 1 U 29
31 0 U 30
32 0 U -1
33 1 U 32
34 0 U 33
35 1 U 34
36 1 U 35
37 1 U 36
38 1 U 37
39 0 U 38
40 1 U -1
41 1 U 40
42 0 U 41
43 0 U 42
44 1 U 43
45 0 U 44
46 0 U 45
47 1 U 46
48 1 U -1
49 0 U 48
50 1 U 49
51 1 U 50
52 0 U 51
53 0 U 52
54 0 U 53
55 1 U 54
56 0 U -1
57 1 U 56
58 1 U 57
59 1 U 58
60 1 U 59
61 0 U 60
62 1 U 61
63 0 U 62
64 0 U -1
65 1 U 64
66 1 U 65
67 1 U 66
68 0 U 67
69 0 U 68
70 0 U 69
71 1 U 70
72 1 U -1
73 0 U 72
74 1 U 73
75 1 U 74
# score :33 1323415
# W : 498846 , H : 742066
76
0 0 U -1
1 0 U 0
2 0 U 1
3 1 U 2
4 1 U 3
5 0 U 4
6 1 U 5
7 1 U 6
8 0 U -1
9 1 U 8
10 1 U 9
11 1 U 10
12 1 U 11
13 1 U 12
14 0 U 13
15 1 U 14
16 1 U -1
17 1 U 16
18 0 U 17
19 0 U 18
20 0 U 19
21 0 U 20
22 0 U 21
23 1 U 22
24 0 U -1
25 1 U 24
26 1 U 25
27 1 U 26
28 0 U 27
29 1 U 28
30 1 U 29
31 0 U 30
32 1 U -1
33 0 U 32
34 1 U 33
35 0 U 34
36 1 U 35
37 0 U 36
38 1 U 37
39 1 U 38
40 1 U -1
41 1 U 40
42 0 U 41
43 0 U 42
44 1 U 43
45 0 U 44
46 1 U 45
47 0 U 46
48 1 U -1
49 0 U 48
50 1 U 49
51 1 U 50
52 1 U 51
53 0 U 52
54 1 U 53
55 0 U 54
56 1 U -1
57 0 U 56
58 1 U 57
59 0 U 58
60 0 U 59
61 0 U 60
62 1 U 61
63 0 U 62
64 0 L 56
65 0 L 57
66 1 L 58
67 1 L 59
68 0 L 60
69 1 L 61
70 0 L 62
71 1 L 63
72 0 U -1
73 1 U 72
74 0 U 73
75 1 U 74
# score :34 1481316
# W : 581983 , H : 760328
76
0 1 U -1
1 0 U 0
2 0 U 1
3 0 U 2
4 0 U 3
5 0 U 4
6 1 U 5
7 0 U 6
8 0 U -1
9 0 U 8
10 0 U 9
11 0 U 10
12 1 U 11
13 0 U 12
14 1 U 13
15 0 U 14
16 1 U -1
17 1 U 16
18 0 U 17
19 1 U 18
20 1 U 19
21 1 U 20
22 1 U 21
23 0 U 22
24 1 U -1
25 0 U 24
26 1 U 25
27 1 U 26
28 1 U 27
29 0 U 28
30 1 U 29
31 0 U 30
32 1 U -1
33 0 U 32
34 0 U 33
35 1 U 34
36 0 U 35
37 1 U 36
38 1 U 37
39 1 U 38
40 0 U -1
41 0 U 40
42 1 U 41
43 0 U 42
44 1 U 43
45 0 U 44
46 1 U 45
47 0 U 46
48 1 U -1
49 0 U 48
50 1 U 49
51 1 U 50
52 0 U 51
53 1 U 52
54 1 U 53
55 0 U 54
56 0 U -1
57 1 U 56
58 1 U 57
59 0 U 58
60 0 U 59
61 1 U 60
62 0 U 61
63 1 U 62
64 0 L 56
65 0 L 57
66 1 L 58
67 0 L 59
68 0 L 60
69 1 L 61
70 1 L 62
71 1 L 63
72 1 U -1
73 0 U 72
74 1 U 73
75 0 U 74
# score :35 1486479
# W : 538009 , H : 750029
76
0 1 U -1
1 1 U 0
2 0 U 1
3 1 U 2
4 0 U 3
5 0 U 4
6 1 U 5
7 0 U 6
8 1 U -1
9 1 U 8
10 1 U 9
11 0 U 10
12 1 U 11
13 1 U 12
14 0 U 13
15 0 U 14
16 1 U -1
17 0 U 16
18 1 U 17
19 0 U 18
20 0 U 19
21 0 U 20
22 0 U 21
23 1 U 22
24 1 U -1
25 1 U 24
26 1 U 25
27 1 U 26
28 0 U 27
29 0 U 28
30 1 U 29
31 1 U 30
32 0 U -1
33 1 U 32
34 1 U 33
35 1 U 34
36 1 U 35
37 0 U 36
38 0 U 37
39 1 U 38
40 0 U -1
41 1 U 40
42 1 U 41
43 1 U 42
44 1 U 43
45 1 U 44
46 0 U 45
47 1 U 46
48 1 U -1
49 1 U 48
50 0 U 49
51 0 U 50
52 0 U 51
53 0 U 52
54 0 U 53
55 1 U 54
56 0 U -1
57 1 U 56
58 0 U 57
59 0 U 58
60 0 U 59
61 1 U 60
62 1 U 61
63 1 U 62
64 1 L 48
65 1 L 49
66 1 L 50
67 0 L 51
68 1 L 52
69 0 L 53
70 0 L 54
71 0 L 55
72 1 U -1
73 0 U 72
74 0 U 73
75 0 U 74
# score :36 1777036
# W : 684891 , H : 668564
76
0 1 U -1
1 0 U 0
2 1 U 1
3 0 U 2
4 1 U 3
5 0 U 4
6 1 U 5
7 0 U 6
8 0 U -1
9 1 U 8
10 0 U 9
11 1 U 10
12 1 U 11
13 0 U 12
14 0 U 13
15 0 U 14
16 0 U -1
17 0 U 16
18 0 U 17
19 0 U 18
20 0 U 19
21 0 U 20
22 1 U 21
23 0 U 22
24 0 U -1
25 0 U 24
26 1 U 25
27 1 U 26
28 1 U 27
29 0 U 28
30 1 U 29
31 0 U 30
32 1 U -1
33 0 U 32
34 0 U 33
35 0 U 34
36 1 U 35
37 0 U 36
38 0 U 37
39 1 U 38
40 1 U -1
41 1 U 40
42 1 U 41
43 0 U 42
44 0 U 43
45 1 U 44
46 1 U 45
47 1 U 46
48 1 U -1
49 1 U 48
50 0 U 49
51 1 U 50
52 1 U 51
53 1 U 52
54 1 U 53
55 1 U 54
56 1 U -1
57 0 U 56
58 0 U 57
59 0 U 58
60 1 U 59
61 0 U 60
62 0 U 61
63 1 U 62
64 1 L 48
65 0 L 49
66 1 L 50
67 0 L 51
68 1 L 52
69 0 L 53
70 0 L 54
71 0 L 55
72 1 U -1
73 0 U 72
74 1 U 73
75 1 U 74
# score :37 1639107
# W : 705351 , H : 688345
76
0 0 U -1
1 1 U 0
2 1 U 1
3 0 U 2
4 1 U 3
5 1 U 4
6 1 U 5
7 0 U 6
8 0 U -1
9 0 U 8
10 1 U 9
11 0 U 10
12 1 U 11
13 0 U 12
14 0 U 13
15 0 U 14
16 0 U -1
17 0 U 16
18 1 U 17
19 0 U 18
20 0 U 19
21 0 U 20
22 0 U 21
23 0 U 22
24 0 U -1
25 0 U 24
26 0 U 25
27 0 U 26
28 1 U 27
29 0 U 28
30 0 U 29
31 1 U 30
32 0 U -1
33 0 U 32
34 1 U 33
35 1 U 34
36 1 U 35
37 1 U 36
38 1 U 37
39 0 U 38
40 0 U -1
41 1 U 40
42 1 U 41
43 1 U 42
44 1 U 43
45 0 U 44
46 0 U 45
47 1 U 46
48 1 U -1
49 0 U 48
50 1 U 49
51 1 U 50
52 0 U 51
53 0 U 52
54 1 U 53
55 0 U 54
56 0 U -1
57 1 U 56
58 0 U 57
59 0 U 58
60 1 U 59
61 0 U 60
62 0 U 61
63 1 U 62
64 0 L 48
65 0 L 49
66 0 L 50
67 0 L 51
68 0 L 52
69 1 L 53
70 0 L 54
71 0 L 55
72 0 U -1
73 1 U 72
74 1 U 73
75 0 U 74
# score :38 1551196
# W : 761733 , H : 675255
76
0 0 U -1
1 1 U 0
2 1 U 1
3 1 U 2
4 0 U 3
5 0 U 4
6 1 U 5
7 1 U 6
8 1 U -1
9 1 U 8
10 0 U 9
11 0 U 10
12 1 U 11
13 1 U 12
14 1 U 13
15 0 U 14
16 1 U -1
17 0 U 16
18 1 U 17
19 0 U 18
20 0 U 19
21 0 U 20
22 0 U 21
23 0 U 22
24 0 U -1
25 0 U 24
26 0 U 25
27 0 U 26
28 1 U 27
29 0 U 28
30 0 U 29
31 0 U 30
32 1 U -1
33 1 U 32
34 0 U 33
35 1 U 34
36 0 U 35
37 0 U 36
38 1 U 37
39 0 U 38
40 1 U -1
41 0 U 40
42 1 U 41
43 0 U 42
44 1 U 43
45 0 U 44
46 0 U 45
47 1 U 46
48 1 U -1
49 1 U 48
50 1 U 49
51 1 U 50
52 0 U 51
53 1 U 52
54 1 U 53
55 1 U 54
56 0 U -1
57 0 U 56
58 0 U 57
59 1 U 58
60 1 U 59
61 0 U 60
62 1 U 61
63 1 U 62
64 0 L 48
65 0 L 49
66 0 L 50
67 1 L 51
68 1 L 52
69 1 L 53
70 1 L 54
71 0 L 55
72 0 U -1
73 0 U 72
74 0 U 73
75 1 U 74
# score :39 1531838
# W : 712814 , H : 680997
76
0 1 U -1
1 1 U 0
2 0 U 1
3 1 U 2
4 0 U 3
5 0 U 4
6 0 U 5
7 1 U 6
8 0 U -1
9 0 U 8
10 1 U 9
11 1 U 10
12 1 U 11
13 0 U 12
14 0 U 13
15 0 U 14
16 0 U -1
17 0 U 16
18 0 U 17
19 1 U 18
20 0 U 19
21 1 U 20
22 1 U 21
23 0 U 22
24 0 U -1
25 0 U 24
26 1 U 25
27 0 U 26
28 0 U 27
29 0 U 28
30 1 U 29
31 0 U 30
32 1 U -1
33 0 U 32
34 1 U 33
35 0 U 34
36 0 U 35
37 0 U 36
38 0 U 37
39 1 U 38
40 1 U -1
41 1 U 40
42 0 U 41
43 1 U 42
44 1 U 43
45 1 U 44
46 0 U 45
47 0 U 46
48 1 U -1
49 1 U 48
50 0 U 49
51 1 U 50
52 1 U 51
53 1 U 52
54 1 U 53
55 1 U 54
56 0 U -1
57 0 U 56
58 0 U 57
59 1 U 58
60 0 U 59
61 0 U 60
62 1 U 61
63 1 U 62
64 0 U -1
65 0 U 64
66 1 U 65
67 1 U 66
68 0 U 67
69 0 U 68
70 1 U 69
71 0 U 70
72 0 U -1
73 0 U 72
74 1 U 73
75 0 U 74
# score :40 1359340
# W : 499074 , H : 730318
76
0 1 U -1
1 0 U 0
2 1 U 1
3 0 U 2
4 0 U 3
5 1 U 4
6 0 U 5
7 1 U 6
8 1 U -1
9 0 U 8
10 1 U 9
11 1 U 10
12 1 U 11
13 1 U 12
14 0 U 13
15 0 U 14
16 1 U -1
17 1 U 16
18 1 U 17
19 0 U 18
20 1 U 19
21 0 U 20
22 1 U 21
23 1 U 22
24 0 U -1
25 1 U 24
26 0 U 25
27 0 U 26
28 1 U 27
29 0 U 28
30 1 U 29
31 1 U 30
32 0 U -1
33 1 U 32
34 1 U 33
35 1 U 34
36 1 U 35
37 0 U 36
38 1 U 37
39 0 U 38
40 1 U -1
41 1 U 40
42 0 U 41
43 0 U 42
44 1 U 43
45 1 U 44
46 1 U 45
47 0 U 46
48 1 U -1
49 1 U 48
50 1 U 49
51 1 U 50
52 0 U 51
53 1 U 52
54 0 U 53
55 0 U 54
56 1 U -1
57 1 U 56
58 1 U 57
59 1 U 58
60 0 U 59
61 0 U 60
62 1 U 61
63 1 U 62
64 0 U -1
65 1 U 64
66 0 U 65
67 0 U 66
68 1 U 67
69 1 U 68
70 1 U 69
71 0 U 70
72 1 U -1
73 0 U 72
74 0 U 73
75 1 U 74
# score :41 1365294
# W : 502307 , H : 761056
76
0 0 U -1
1 1 U 0
2 0 U 1
3 0 U 2
4 0 U 3
5 0 U 4
6 0 U 5
7 1 U 6
8 1 U -1
9 0 U 8
10 1 U 9
11 0 U 10
12 0 U 11
13 0 U 12
14 0 U 13
15 1 U 14
16 0 U -1
17 0 U 16
18 1 U 17
19 0 U 18
20 1 U 19
21 1 U 20
22 1 U 21
23 1 U 22
24 0 U -1
25 0 U 24
26 1 U 25
27 0 U 26
28 1 U 27
29 1 U 28
30 0 U 29
31 0 U 30
32 0 U -1
33 0 U 32
34 0 U 33
35 0 U 34
36 0 U 35
37 1 U 36
38 0 U 37
39 0 U 38
40 1 U -1
41 1 U 40
42 0 U 41
43 1 U 42
44 1 U 43
45 0 U 44
46 0 U 45
47 1 U 46
48 1 U -1
49 0 U 48
50 1 U 49
51 1 U 50
52 0 U 51
53 0 U 52
54 1 U 53
55 0 U 54
56 1 U -1
57 0 U 56
58 1 U 57
59 0 U 58
60 1 U 59
61 0 U 60
62 0 U 61
63 0 U 62
64 0 L 56
65 1 L 57
66 1 L 58
67 0 L 59
68 1 L 60
69 0 L 61
70 0 L 62
71 1 L 63
72 0 U -1
73 0 U 72
74 0 U 73
75 0 U 74
# score :42 1331835
# W : 762873 , H : 594939
76
0 1 U -1
1 0 U 0
2 0 U 1
3 0 U 2
4 1 U 3
5 1 U 4
6 1 U 5
7 1 U 6
8 0 U -1
9 0 U 8
10 0 U 9
11 0 U 10
12 0 U 11
13 0 U 12
14 1 U 13
15 1 U 14
16 0 U -1
17 0 U 16
18 0 U 17
19 0 U 18
20 1 U 19
21 0 U 20
22 1 U 21
23 0 U 22
24 1 U -1
25 0 U 24
26 1 U 25
27 0 U 26
28 0 U 27
29 1 U 28
30 1 U 29
31 1 U 30
32 0 U -1
33 1 U 32
34 0 U 33
35 1 U 34
36 0 U 35
37 1 U 36
38 0 U 37
39 0 U 38
40 1 U -1
41 1 U 40
42 0 U 41
43 0 U 42
44 1 U 43
45 1 U 44
46 1 U 45
47 1 U 46
48 0 U -1
49 0 U 48
50 0 U 49
51 1 U 50
52 1 U 51
53 1 U 52
54 1 U 53
55 0 U 54
56 1 U -1
57 0 U 56
58 1 U 57
59 1 U 58
60 0 U 59
61 1 U 60
62 1 U 61
63 0 U 62
64 1 L 56
65 0 L 57
66 0 L 58
67 0 L 59
68 0 L 60
69 1 L 61
70 0 L 62
71 1 L 63
72 1 U -1
73 0 U 72
74 0 U 73
75 1 U 74
# score :43 1493035
# W : 587826 , H : 710117
76
0 0 U -1
1 0 U 0
2 1 U 1
3 1 U 2
4 0 U 3
5 1 U 4
6 1 U 5
7 0 U 6
8 1 U -1
9 1 U 8
10 0 U 9
11 0 U 10
12 1 U 11
13 1 U 12
14 1 U 13
15 0 U 14
16 0 U -1
17 1 U 16
18 0 U 17
19 0 U 18
20 0 U 19
21 1 U 20
22 0 U 21
23 0 U 22
24 0 U -1
25 1 U 24
26 1 U 25
27 0 U 26
28 1 U 27
29 0 U 28
30 0 U 29
31 0 U 30
32 0 U -1
33 0 U 32
34 1 U 33
35 1 U 34
36 1 U 35
37 1 U 36
38 1 U 37
39 1 U 38
40 1 U -1
41 0 U 40
42 0 U 41
43 1 U 42
44 1 U 43
45 0 U 44
46 0 U 45
47 1 U 46
48 1 U -1
49 1 U 48
50 0 U 49
51 0 U 50
52 0 U 51
53 0 U 52
54 0 U 53
55 0 U 54
56 0 U -1
57 0 U 56
58 0 U 57
59 0 U 58
60 0 U 59
61 1 U 60
62 1 U 61
63 0 U 62
64 1 L 48
65 1 L 49
66 0 L 50
67 1 L 51
68 0 L 52
69 0 L 53
70 1 L 54
71 1 L 55
72 0 U -1
73 1 U 72
74 1 U 73
75 0 U 74
# score :44 1620636
# W : 652070 , H : 783943
76
0 0 U -1
1 1 U 0
2 1 U 1
3 1 U 2
4 0 U 3
5 1 U 4
6 0 U 5
7 0 U 6
8 1 U -1
9 1 U 8
10 0 U 9
11 0 U 10
12 1 U 11
13 0 U 12
14 1 U 13
15 0 U 14
16 1 U -1
17 0 U 16
18 1 U 17
19 0 U 18
20 1 U 19
21 0 U 20
22 0 U 21
23 0 U 22
24 1 U -1
25 1 U 24
26 1 U 25
27 0 U 26
28 0 U 27
29 0 U 28
30 0 U 29
31 0 U 30
32 0 U -1
33 1 U 32
34 0 U 33
35 1 U 34
36 1 U 35
37 0 U 36
38 1 U 37
39 0 U 38
40 1 U -1
41 1 U 40
42 0 U 41
43 0 U 42
44 0 U 43
45 1 U 44
46 1 U 45
47 1 U 46
48 0 U -1
49 1 U 48
50 0 U 49
51 1 U 50
52 1 U 51
53 1 U 52
54 1 U 53
55 1 U 54
56 1 U -1
57 0 U 56
58 1 U 57
59 0 U 58
60 1 U 59
61 1 U 60
62 1 U 61
63 0 U 62
64 0 L 48
65 0 L 49
66 0 L 50
67 0 L 51
68 1 L 52
69 0 L 53
70 0 L 54
71 0 L 55
72 1 U -1
73 1 U 72
74 0 U 73
75 0 U 74
# score :45 1592946
# W : 758111 , H : 672784
76
0 1 U -1
1 1 U 0
2 0 U 1
3 1 U 2
4 0 U 3
5 1 U 4
6 0 U 5
7 1 U 6
8 0 U -1
9 0 U 8
10 0 U 9
11 0 U 10
12 0 U 11
13 0 U 12
14 0 U 13
15 1 U 14
16 1 U -1
17 0 U 16
18 1 U 17
19 0 U 18
20 0 U 19
21 0 U 20
22 1 U 21
23 0 U 22
24 0 U -1
25 1 U 24
26 0 U 25
27 0 U 26
28 0 U 27
29 1 U 28
30 1 U 29
31 0 U 30
32 1 U -1
33 0 U 32
34 0 U 33
35 1 U 34
36 0 U 35
37 0 U 36
38 1 U 37
39 1 U 38
40 1 U -1
41 1 U 40
42 0 U 41
43 0 U 42
44 1 U 43
45 1 U 44
46 0 U 45
47 1 U 46
48 0 U -1
49 0 U 48
50 0 U 49
51 1 U 50
52 0 U 51
53 1 U 52
54 1 U 53
55 0 U 54
56 0 U -1
57 0 U 56
58 1 U 57
59 1 U 58
60 0 U 59
61 0 U 60
62 1 U 61
63 1 U 62
64 0 L 48
65 1 L 49
66 1 L 50
67 0 L 51
68 0 L 52
69 0 L 53
70 0 L 54
71 1 L 55
72 1 U -1
73 0 U 72
74 0 U 73
75 0 U 74
# score :46 1599343
# W : 844995 , H : 626736
76
0 0 U -1
1 0 U 0
2 1 U 1
3 0 U 2
4 0 U 3
5 0 U 4
6 1 U 5
7 1 U 6
8 1 U -1
9 0 U 8
10 1 U 9
11 0 U 10
12 0 U 11
13 0 U 12
14 0 U 13
15 0 U 14
16 0 U -1
17 1 U 16
18 1 U 17
19 1 U 18
20 0 U 19
21 0 U 20
22 0 U 21
23 0 U 22
24 0 U -1
25 0 U 24
26 1 U 25
27 1 U 26
28 1 U 27
29 0 U 28
30 0 U 29
31 1 U 30
32 1 U -1
33 1 U 32
34 1 U 33
35 1 U 34
36 1 U 35
37 0 U 36
38 0 U 37
39 0 U 38
40 0 U -1
41 1 U 40
42 0 U 41
43 1 U 42
44 1 U 43
45 0 U 44
46 0 U 45
47 1 U 46
48 0 U -1
49 1 U 48
50 0 U 49
51 0 U 50
52 1 U 51
53 1 U 52
54 0 U 53
55 0 U 54
56 0 U -1
57 0 U 56
58 1 U 57
59 0 U 58
60 0 U 59
61 0 U 60
62 0 U 61
63 1 U 62
64 0 L 48
65 1 L 49
66 1 L 50
67 1 L 51
68 0 L 52
69 1 L 53
70 0 L 54
71 1 L 55
72 0 U -1
73 0 U 72
74 0 U 73
75 0 U 74
# score :47 1557686
# W : 791702 , H : 737768
76
0 0 U -1
1 1 U 0
2 0 U 1
3 1 U 2
4 1 U 3
5 0 U 4
6 1 U 5
7 1 U 6
8 0 U -1
9 1 U 8
10 0 U 9
11 0 U 10
12 0 U 11
13 1 U 12
14 0 U 13
15 1 U 14
16 0 U -1
17 1 U 16
18 1 U 17
19 0 U 18
20 0 U 19
21 1 U 20
22 0 U 21
23 0 U 22
24 1 U -1
25 1 U 24
26 0 U 25
27 0 U 26
28 1 U 27
29 0 U 28
30 1 U 29
31 1 U 30
32 0 U -1
33 1 U 32
34 0 U 33
35 1 U 34
36 1 U 35
37 0 U 36
38 0 U 37
39 0 U 38
40 1 U -1
41 0 U 40
42 1 U 41
43 0 U 42
44 1 U 43
45 0 U 44
46 1 U 45
47 1 U 46
48 0 U -1
49 0 U 48
50 0 U 49
51 0 U 50
52 0 U 51
53 1 U 52
54 0 U 53
55 0 U 54
56 1 U -1
57 1 U 56
58 0 U 57
59 1 U 58
60 1 U 59
61 1 U 60
62 0 U 61
63 1 U 62
64 1 U -1
65 1 U 64
66 0 U 65
67 0 U 66
68 0 U 67
69 1 U 68
70 1 U 69
71 0 U 70
72 0 U -1
73 1 U 72
74 0 U 73
75 0 U 74
# score :48 1351858
# W : 502525 , H : 769127
76
0 1 U -1
1 1 U 0
2 0 U 1
3 0 U 2
4 0 U 3
5 0 U 4
6 0 U 5
7 1 U 6
8 0 U -1
9 0 U 8
10 0 U 9
11 1 U 10
12 0 U 11
13 1 U 12
14 1 U 13
15 1 U 14
16 1 U -1
17 0 U 16
18 0 U 17
19 1 U 18
20 1 U 19
21 1 U 20
22 0 U 21
23 1 U 22
24 0 U -1
25 1 U 24
26 0 U 25
27 1 U 26
28 0 U 27
29 1 U 28
30 0 U 29
31 0 U 30
32 1 U -1
33 0 U 32
34 0 U 33
35 1 U 34
36 1 U 35
37 1 U 36
38 1 U 37
39 0 U 38
40 1 U -1
41 0 U 40
42 1 U 41
43 1 U 42
44 1 U 43
45 0 U 44
46 1 U 45
47 0 U 46
48 0 U -1
49 0 U 48
50 0 U 49
51 1 U 50
52 0 U 51
53 1 U 52
54 1 U 53
55 0 U 54
56 0 U -1
57 1 U 56
58 1 U 57
59 0 U 58
60 1 U 59
61 0 U 60
62 0 U 61
63 0 U 62
64 1 U -1
65 1 U 64
66 0 U 65
67 0 U 66
68 1 U 67
69 1 U 68
70 1 U 69
71 0 U 70
72 1 U -1
73 0 U 72
74 1 U 73
75 0 U 74
# score :49 1357169
# W : 521037 , H : 771323
76
0 1 U -1
1 1 U 0
2 1 U 1
3 0 U 2
4 1 U 3
5 0 U 4
6 0 U 5
7 0 U 6
8 1 U -1
9 0 U 8
10 1 U 9
11 1 U 10
12 1 U 11
13 0 U 12
14 1 U 13
15 1 U 14
16 0 U -1
17 1 U 16
18 1 U 17
19 0 U 18
20 1 U 19
21 0 U 20
22 0 U 21
23 0 U 22
24 0 U -1
25 0 U 24
26 1 U 25
27 0 U 26
28 0 U 27
29 1 U 28
30 0 U 29
31 0 U 30
32 1 U -1
33 1 U 32
34 1 U 33
35 1 U 34
36 1 U 35
37 0 U 36
38 1 U 37
39 0 U 38
40 0 U -1
41 1 U 40
42 0 U 41
43 0 U 42
44 1 U 43
45 1 U 44
46 0 U 45
47 0 U 46
48 0 U -1
49 0 U 48
50 1 U 49
51 0 U 50
52 1 U 51
53 1 U 52
54 1 U 53
55 0 U 54
56 0 U -1
57 0 U 56
58 0 U 57
59 1 U 58
60 1 U 59
61 1 U 60
62 1 U 61
63 0 U 62
64 1 L 56
65 1 L 57
66 1 L 58
67 0 L 59
68 0 L 60
69 1 L 61
70 1 L 62
71 1 L 63
72 1 U -1
73 0 U 72
74 1 U 73
75 0 U 74
# score :50 1499938
# W : 647848 , H : 747177
76
0 1 U -1
1 0 U 0
2 1 U 1
3 1 U 2
4 0 U 3
5 0 U 4
6 1 U 5
7 0 U 6
8 0 U -1
9 0 U 8
10 1 U 9
11 1 U 10
12 0 U 11
13 0 U 12
14 0 U 13
15 1 U 14
16 0 U -1
17 1 U 16
18 0 U 17
19 1 U 18
20 0 U 19
21 1 U 20
22 0 U 21
23 0 U 22
24 0 U -1
25 0 U 24
26 0 U 25
27 1 U 26
28 0 U 27
29 1 U 28
30 0 U 29
31 1 U 30
32 1 U -1
33 0 U 32
34 1 U 33
35 1 U 34
36 0 U 35
37 1 U 36
38 1 U 37
39 1 U 38
40 1 U -1
41 0 U 40
42 1 U 41
43 1 U 42
44 0 U 43
45 0 U 44
46 0 U 45
47 1 U 46
48 1 U -1
49 0 U 48
50 0 U 49
51 0 U 50
52 1 U 51
53 0 U 52
54 1 U 53
55 0 U 54
56 0 U -1
57 1 U 56
58 1 U 57
59 0 U 58
60 1 U 59
61 1 U 60
62 1 U 61
63 1 U 62
64 1 L 56
65 0 L 57
66 1 L 58
67 0 L 59
68 1 L 60
69 1 L 61
70 1 L 62
71 1 L 63
72 0 U -1
73 0 U 72
74 0 U 73
75 0 U 74
# score :51 1482181
# W : 567561 , H : 777637
76
0 0 U -1
1 1 U 0
2 1 U 1
3 1 U 2
4 0 U 3
5 0 U 4
6 1 U 5
7 0 U 6
8 0 U -1
9 0 U 8
10 1 U 9
11 1 U 10
12 0 U 11
13 0 U 12
14 0 U 13
15 1 U 14
16 0 U -1
17 0 U 16
18 1 U 17
19 0 U 18
20 1 U 19
21 0 U 20
22 1 U 21
23 1 U 22
24 1 U -1
25 0 U 24
26 0 U 25
27 1 U 26
28 0 U 27
29 1 U 28
30 1 U 29
31 0 U 30
32 1 U -1
33 1 U 32
34 0 U 33
35 1 U 34
36 1 U 35
37 0 U 36
38 1 U 37
39 0 U 38
40 0 U -1
41 1 U 40
42 1 U 41
43 0 U 42
44 0 U 43
45 0 U 44
46 1 U 45
47 0 U 46
48 0 U -1
49 1 U 48
50 0 U 49
51 0 U 50
52 1 U 51
53 1 U 52
54 1 U 53
55 0 U 54
56 1 U -1
57 1 U 56
58 1 U 57
59 0 U 58
60 1 U 59
61 1 U 60
62 1 U 61
63 1 U 62
64 1 L 48
65 1 L 49
66 0 L 50
67 1 L 51
68 1 L 52
69 1 L 53
70 1 L 54
71 1 L 55
72 1 U -1
73 1 U 72
74 0 U 73
75 1 U 74
# score :52 1463442
# W : 576358 , H : 725993
76
0 0 U -1
1 0 U 0
2 1 U 1
3 0 U 2
4 0 U 3
5 0 U 4
6 0 U 5
7 0 U 6
8 0 U -1
9 1 U 8
10 1 U 9
11 1 U 10
12 1 U 11
13 1 U 12
14 1 U 13
15 0 U 14
16 0 U -1
17 1 U 16
18 1 U 17
19 1 U 18
20 0 U 19
21 0 U 20
22 0 U 21
23 0 U 22
24 0 U -1
25 0 U 24
26 1 U 25
27 0 U 26
28 0 U 27
29 0 U 28
30 1 U 29
31 1 U 30
32 0 U -1
33 1 U 32
34 1 U 33
35 0 U 34
36 1 U 35
37 0 U 36
38 1 U 37
39 1 U 38
40 0 U -1
41 0 U 40
42 0 U 41
43 0 U 42
44 0 U 43
45 0 U 44
46 0 U 45
47 0 U 46
48 0 U -1
49 0 U 48
50 0 U 49
51 1 U 50
52 0 U 51
53 1 U 52
54 1 U 53
55 1 U 54
56 1 U -1
57 1 U 56
58 0 U 57
59 1 U 58
60 0 U 59
61 0 U 60
62 0 U 61
63 1 U 62
64 0 L 48
65 0 L 49
66 1 L 50
67 0 L 51
68 0 L 52
69 1 L 53
70 1 L 54
71 1 L 55
72 0 U -1
73 0 U 72
74 1 U 73
75 1 U 74
# score :53 1585133
# W : 761342 , H : 639225
76
0 0 U -1
1 0 U 0
2 0 U 1
3 0 U 2
4 1 U 3
5 1 U 4
6 1 U 5
7 0 U 6
8 0 U -1
9 0 U 8
10 0 U 9
11 0 U 10
12 0 U 11
13 1 U 12
14 1 U 13
15 1 U 14
16 0 U -1
17 1 U 16
18 1 U 17
19 0 U 18
20 1 U 19
21 0 U 20
22 1 U 21
23 1 U 22
24 1 U -1
25 1 U 24
26 1 U 25
27 0 U 26
28 0 U 27
29 1 U 28
30 1 U 29
31 1 U 30
32 1 U -1
33 1 U 32
34 0 U 33
35 0 U 34
36 1 U 35
37 0 U 36
38 1 U 37
39 1 U 38
40 1 U -1
41 0 U 40
42 1 U 41
43 0 U 42
44 0 U 43
45 0 U 44
46 0 U 45
47 0 U 46
48 0 U -1
49 0 U 48
50 0 U 49
51 0 U 50
52 1 U 51
53 0 U 52
54 1 U 53
55 1 U 54
56 0 U -1
57 1 U 56
58 0 U 57
59 0 U 58
60 1 U 59
61 0 U 60
62 0 U 61
63 0 U 62
64 0 L 48
65 0 L 49
66 1 L 50
67 0 L 51
68 1 L 52
69 1 L 53
70 0 L 54
71 1 L 55
72 1 U -1
73 1 U 72
74 1 U 73
75 1 U 74
# score :54 1650132
# W : 636393 , H : 670084
76
0 1 U -1
1 1 U 0
2 0 U 1
3 0 U 2
4 0 U 3
5 1 U 4
6 0 U 5
7 1 U 6
8 1 U -1
9 0 U 8
10 1 U 9
11 0 U 10
12 0 U 11
13 1 U 12
14 1 U 13
15 1 U 14
16 1 U -1
17 0 U 16
18 0 U 17
19 1 U 18
20 1 U 19
21 0 U 20
22 1 U 21
23 0 U 22
24 1 U -1
25 1 U 24
26 1 U 25
27 1 U 26
28 1 U 27
29 1 U 28
30 0 U 29
31 0 U 30
32 1 U -1
33 1 U 32
34 0 U 33
35 1 U 34
36 0 U 35
37 0 U 36
38 0 U 37
39 0 U 38
40 1 U -1
41 1 U 40
42 1 U 41
43 1 U 42
44 1 U 43
45 1 U 44
46 1 U 45
47 0 U 46
48 1 U -1
49 0 U 48
50 0 U 49
51 0 U 50
52 1 U 51
53 0 U 52
54 1 U 53
55 1 U 54
56 1 U -1
57 0 U 56
58 1 U 57
59 0 U 58
60 1 U 59
61 1 U 60
62 0 U 61
63 1 U 62
64 0 L 48
65 1 L 49
66 1 L 50
67 1 L 51
68 0 L 52
69 1 L 53
70 0 L 54
71 0 L 55
72 1 U -1
73 0 U 72
74 0 U 73
75 1 U 74
# score :55 1522270
# W : 627014 , H : 744208
76
0 1 U -1
1 1 U 0
2 1 U 1
3 0 U 2
4 1 U 3
5 1 U 4
6 0 U 5
7 0 U 6
8 1 U -1
9 1 U 8
10 1 U 9
11 1 U 10
12 1 U 11
13 0 U 12
14 0 U 13
15 0 U 14
16 1 U -1
17 0 U 16
18 0 U 17
19 0 U 18
20 0 U 19
21 1 U 20
22 1 U 21
23 0 U 22
24 1 U -1
25 1 U 24
26 0 U 25
27 0 U 26
28 0 U 27
29 0 U 28
30 1 U 29
31 1 U 30
32 1 U -1
33 0 U 32
34 0 U 33
35 0 U 34
36 1 U 35
37 0 U 36
38 1 U 37
39 0 U 38
40 0 U -1
41 1 U 40
42 1 U 41
43 0 U 42
44 1 U 43
45 0 U 44
46 0 U 45
47 0 U 46
48 1 U -1
49 1 U 48
50 0 U 49
51 1 U 50
52 1 U 51
53 0 U 52
54 1 U 53
55 0 U 54
56 0 U -1
57 1 U 56
58 1 U 57
59 1 U 58
60 0 U 59
61 1 U 60
62 0 U 61
63 1 U 62
64 1 U -1
65 0 U 64
66 1 U 65
67 0 U 66
68 1 U 67
69 0 U 68
70 0 U 69
71 0 U 70
72 0 U -1
73 0 U 72
74 0 U 73
75 0 U 74
# score :56 1364479
# W : 507491 , H : 793220
76
0 0 U -1
1 0 U 0
2 1 U 1
3 1 U 2
4 0 U 3
5 1 U 4
6 0 U 5
7 0 U 6
8 1 U -1
9 0 U 8
10 0 U 9
11 0 U 10
12 1 U 11
13 0 U 12
14 1 U 13
15 0 U 14
16 0 U -1
17 0 U 16
18 1 U 17
19 1 U 18
20 0 U 19
21 1 U 20
22 0 U 21
23 1 U 22
24 0 U -1
25 0 U 24
26 1 U 25
27 0 U 26
28 0 U 27
29 1 U 28
30 0 U 29
31 1 U 30
32 1 U -1
33 1 U 32
34 0 U 33
35 0 U 34
36 1 U 35
37 1 U 36
38 0 U 37
39 0 U 38
40 1 U -1
41 0 U 40
42 1 U 41
43 0 U 42
44 0 U 43
45 0 U 44
46 0 U 45
47 0 U 46
48 0 U -1
49 0 U 48
50 0 U 49
51 0 U 50
52 0 U 51
53 0 U 52
54 0 U 53
55 1 U 54
56 0 U -1
57 1 U 56
58 1 U 57
59 0 U 58
60 1 U 59
61 1 U 60
62 0 U 61
63 1 U 62
64 1 U -1
65 0 U 64
66 0 U 65
67 1 U 66
68 1 U 67
69 0 U 68
70 1 U 69
71 0 U 70
72 0 U -1
73 0 U 72
74 1 U 73
75 0 U 74
# score :57 1364543
# W : 544203 , H : 743367
76
0 0 U -1
1 0 U 0
2 1 U 1
3 0 U 2
4 0 U 3
5 0 U 4
6 0 U 5
7 0 U 6
8 0 U -1
9 0 U 8
10 0 U 9
11 0 U 10
12 1 U 11
13 0 U 12
14 0 U 13
15 0 U 14
16 0 U -1
17 0 U 16
18 1 U 17
19 0 U 18
20 1 U 19
21 1 U 20
22 1 U 21
23 0 U 22
24 0 U -1
25 1 U 24
26 1 U 25
27 0 U 26
28 1 U 27
29 1 U 28
30 1 U 29
31 1 U 30
32 1 U -1
33 1 U 32
34 0 U 33
35 0 U 34
36 0 U 35
37 0 U 36
38 1 U 37
39 1 U 38
40 1 U -1
41 1 U 40
42 1 U 41
43 0 U 42
44 0 U 43
45 0 U 44
46 0 U 45
47 1 U 46
48 1 U -1
49 1 U 48
50 1 U 49
51 1 U 50
52 0 U 51
53 1 U 52
54 0 U 53
55 1 U 54
56 1 U -1
57 0 U 56
58 1 U 57
59 1 U 58
60 1 U 59
61 0 U 60
62 1 U 61
63 1 U 62
64 1 L 56
65 1 L 57
66 0 L 58
67 1 L 59
68 0 L 60
69 0 L 61
70 1 L 62
71 0 L 63
72 1 U -1
73 1 U 72
74 0 U 73
75 0 U 74
# score :58 1343713
# W : 572467 , H : 727717
76
0 1 U -1
1 1 U 0
2 1 U 1
3 1 U 2
4 0 U 3
5 1 U 4
6 1 U 5
7 0 U 6
8 1 U -1
9 1 U 8
10 1 U 9
11 1 U 10
12 0 U 11
13 1 U 12
14 0 U 13
15 0 U 14
16 1 U -1
17 0 U 16
18 0 U 17
19 0 U 18
20 1 U 19
21 1 U 20
22 1 U 21
23 0 U 22
24 0 U -1
25 1 U 24
26 0 U 25
27 1 U 26
28 0 U 27
29 1 U 28
30 0 U 29
31 0 U 30
32 0 U -1
33 1 U 32
34 0 U 33
35 1 U 34
36 1 U 35
37 0 U 36
38 0 U 37
39 1 U 38
40 0 U -1
41 0 U 40
42 1 U 41
43 1 U 42
44 0 U 43
45 1 U 44
46 1 U 45
47 0 U 46
48 0 U -1
49 0 U 48
50 1 U 49
51 0 U 50
52 0 U 51
53 1 U 52
54 0 U 53
55 1 U 54
56 0 U -1
57 0 U 56
58 1 U 57
59 0 U 58
60 1 U 59
61 0 U 60
62 0 U 61
63 0 U 62
64 1 L 56
65 1 L 57
66 0 L 58
67 1 L 59
68 0 L 60
69 1 L 61
70 0 L 62
71 1 L 63
72 0 U -1
73 0 U 72
74 1 U 73
75 0 U 74
# score :59 1582603
# W : 511450 , H : 739142
76
0 1 U -1
1 0 U 0
2 1 U 1
3 0 U 2
4 1 U 3
5 0 U 4
6 0 U 5
7 1 U 6
8 1 U -1
9 1 U 8
10 0 U 9
11 1 U 10
12 0 U 11
13 1 U 12
14 0 U 13
15 1 U 14
16 1 U -1
17 1 U 16
18 0 U 17
19 0 U 18
20 0 U 19
21 1 U 20
22 1 U 21
23 0 U 22
24 0 U -1
25 1 U 24
26 0 U 25
27 1 U 26
28 0 U 27
29 0 U 28
30 1 U 29
31 0 U 30
32 0 U -1
33 0 U 32
34 1 U 33
35 0 U 34
36 1 U 35
37 0 U 36
38 1 U 37
39 1 U 38
40 0 U -1
41 1 U 40
42 1 U 41
43 0 U 42
44 0 U 43
45 0 U 44
46 1 U 45
47 1 U 46
48 1 U -1
49 0 U 48
50 0 U 49
51 0 U 50
52 0 U 51
53 0 U 52
54 1 U 53
55 1 U 54
56 0 U -1
57 0 U 56
58 0 U 57
59 1 U 58
60 0 U 59
61 1 U 60
62 0 U 61
63 0 U 62
64 0 L 48
65 0 L 49
66 1 L 50
67 0 L 51
68 1 L 52
69 0 L 53
70 1 L 54
71 1 L 55
72 1 U -1
73 1 U 72
74 1 U 73
75 1 U 74
# score :60 1544462
# W : 652146 , H : 699056
76
0 1 U -1
1 0 U 0
2 0 U 1
3 1 U 2
4 1 U 3
5 1 U 4
6 0 U 5
7 1 U 6
8 1 U -1
9 1 U 8
10 1 U 9
11 1 U 10
12 0 U 11
13 1 U 12
14 0 U 13
15 0 U 14
16 0 U -1
17 1 U 16
18 0 U 17
19 1 U 18
20 1 U 19
21 1 U 20
22 1 U 21
23 0 U 22
24 1 U -1
25 0 U 24
26 0 U 25
27 1 U 26
28 1 U 27
29 0 U 28
30 1 U 29
31 0 U 30
32 1 U -1
33 0 U 32
34 0 U 33
35 1 U 34
36 0 U 35
37 1 U 36
38 1 U 37
39 0 U 38
40 0 U -1
41 0 U 40
42 0 U 41
43 0 U 42
44 0 U 43
45 1 U 44
46 1 U 45
47 1 U 46
48 0 U -1
49 0 U 48
50 1 U 49
51 0 U 50
52 0 U 51
53 0 U 52
54 0 U 53
55 0 U 54
56 0 U -1
57 1 U 56
58 1 U 57
59 1 U 58
60 1 U 59
61 1 U 60
62 0 U 61
63 0 U 62
64 0 L 48
65 1 L 49
66 0 L 50
67 0 L 51
68 1 L 52
69 1 L 53
70 1 L 54
71 0 L 55
72 1 U -1
73 1 U 72
74 1 U 73
75 0 U 74
# score :61 1524182
# W : 669145 , H : 699836
76
0 0 U -1
1 0 U 0
2 0 U 1
3 1 U 2
4 0 U 3
5 1 U 4
6 1 U 5
7 0 U 6
8 0 U -1
9 0 U 8
10 1 U 9
11 0 U 10
12 0 U 11
13 0 U 12
14 0 U 13
15 1 U 14
16 1 U -1
17 1 U 16
18 1 U 17
19 1 U 18
20 1 U 19
21 1 U 20
22 0 U 21
23 0 U 22
24 1 U -1
25 0 U 24
26 1 U 25
27 1 U 26
28 1 U 27
29 0 U 28
30 1 U 29
31 0 U 30
32 1 U -1
33 1 U 32
34 1 U 33
35 0 U 34
36 1 U 35
37 0 U 36
38 0 U 37
39 1 U 38
40 0 U -1
41 0 U 40
42 0 U 41
43 1 U 42
44 1 U 43
45 0 U 44
46 1 U 45
47 0 U 46
48 0 U -1
49 0 U 48
50 1 U 49
51 0 U 50
52 0 U 51
53 1 U 52
54 0 U 53
55 0 U 54
56 1 U -1
57 1 U 56
58 1 U 57
59 0 U 58
60 0 U 59
61 1 U 60
62 1 U 61
63 1 U 62
64 1 L 48
65 1 L 49
66 1 L 50
67 0 L 51
68 0 L 52
69 1 L 53
70 1 L 54
71 1 L 55
72 0 U -1
73 1 U 72
74 1 U 73
75 0 U 74
# score :62 1510142
# W : 692058 , H : 645390
76
0 0 U -1
1 0 U 0
2 1 U 1
3 1 U 2
4 1 U 3
5 1 U 4
6 1 U 5
7 1 U 6
8 0 U -1
9 1 U 8
10 1 U 9
11 0 U 10
12 0 U 11
13 0 U 12
14 0 U 13
15 0 U 14
16 1 U -1
17 1 U 16
18 0 U 17
19 0 U 18
20 0 U 19
21 0 U 20
22 0 U 21
23 0 U 22
24 0 U -1
25 0 U 24
26 0 U 25
27 0 U 26
28 0 U 27
29 1 U 28
30 0 U 29
31 0 U 30
32 1 U -1
33 0 U 32
34 1 U 33
35 1 U 34
36 1 U 35
37 1 U 36
38 0 U 37
39 1 U 38
40 1 U -1
41 1 U 40
42 1 U 41
43 0 U 42
44 1 U 43
45 1 U 44
46 1 U 45
47 0 U 46
48 0 U -1
49 1 U 48
50 0 U 49
51 1 U 50
52 1 U 51
53 1 U 52
54 0 U 53
55 0 U 54
56 1 U -1
57 1 U 56
58 1 U 57
59 1 U 58
60 1 U 59
61 0 U 60
62 1 U 61
63 1 U 62
64 0 L 48
65 0 L 49
66 0 L 50
67 0 L 51
68 1 L 52
69 0 L 53
70 0 L 54
71 0 L 55
72 0 U -1
73 1 U 72
74 0 U 73
75 0 U 74
# score :63 1566058
# W : 637251 , H : 720151
76
0 0 U -1
1 0 U 0
2 1 U 1
3 0 U 2
4 0 U 3
5 0 U 4
6 0 U 5
7 0 U 6
8 0 U -1
9 0 U 8
10 0 U 9
11 1 U 10
12 1 U 11
13 1 U 12
14 0 U 13
15 1 U 14
16 1 U -1
17 1 U 16
18 1 U 17
19 0 U 18
20 1 U 19
21 1 U 20
22 1 U 21
23 1 U 22
24 1 U -1
25 1 U 24
26 1 U 25
27 0 U 26
28 0 U 27
29 1 U 28
30 0 U 29
31 1 U 30
32 0 U -1
33 0 U 32
34 0 U 33
35 1 U 34
36 0 U 35
37 1 U 36
38 1 U 37
39 1 U 38
40 1 U -1
41 1 U 40
42 1 U 41
43 1 U 42
44 1 U 43
45 1 U 44
46 1 U 45
47 1 U 46
48 1 U -1
49 0 U 48
50 0 U 49
51 1 U 50
52 1 U 51
53 0 U 52
54 1 U 53
55 1 U 54
56 1 U -1
57 0 U 56
58 0 U 57
59 0 U 58
60 1 U 59
61 0 U 60
62 1 U 61
63 0 U 62
64 0 U -1
65 0 U 64
66 0 U 65
67 0 U 66
68 0 U 67
69 1 U 68
70 1 U 69
71 1 U 70
72 0 U -1
73 0 U 72
74 0 U 73
75 1 U 74
# score :64 1395430
# W : 480963 , H : 792663
76
0 0 U -1
1 0 U 0
2 1 U 1
3 0 U 2
4 1 U 3
5 0 U 4
6 0 U 5
7 1 U 6
8 1 U -1
9 1 U 8
10 0 U 9
11 0 U 10
12 1 U 11
13 0 U 12
14 1 U 13
15 1 U 14
16 1 U -1
17 1 U 16
18 0 U 17
19 0 U 18
20 1 U 19
21 0 U 20
22 1 U 21
23 1 U 22
24 0 U -1
25 0 U 24
26 1 U 25
27 0 U 26
28 1 U 27
29 0 U 28
30 0 U 29
31 0 U 30
32 1 U -1
33 1 U 32
34 0 U 33
35 1 U 34
36 0 U 35
37 0 U 36
38 1 U 37
39 0 U 38
40 0 U -1
41 1 U 40
42 1 U 41
43 1 U 42
44 0 U 43
45 0 U 44
46 0 U 45
47 0 U 46
48 0 U -1
49 0 U 48
50 1 U 49
51 1 U 50
52 0 U 51
53 1 U 52
54 0 U 53
55 1 U 54
56 0 U -1
57 1 U 56
58 0 U 57
59 1 U 58
60 1 U 59
61 0 U 60
62 1 U 61
63 0 U 62
64 1 U -1
65 1 U 64
66 0 U 65
67 0 U 66
68 0 U 67
69 0 U 68
70 0 U 69
71 0 U 70
72 1 U -1
73 1 U 72
74 0 U 73
75 0 U 74
# score :65 1363304
# W : 539657 , H : 672729
76
0 0 U -1
1 1 U 0
2 1 U 1
3 0 U 2
4 1 U 3
5 1 U 4
6 0 U 5
7 1 U 6
8 0 U -1
9 0 U 8
10 0 U 9
11 0 U 10
12 1 U 11
13 0 U 12
14 0 U 13
15 0 U 14
16 0 U -1
17 1 U 16
18 1 U 17
19 1 U 18
20 1 U 19
21 0 U 20
22 0 U 21
23 0 U 22
24 1 U -1
25 0 U 24
26 0 U 25
27 0 U 26
28 0 U 27
29 1 U 28
30 1 U 29
31 0 U 30
32 0 U -1
33 0 U 32
34 1 U 33
35 1 U 34
36 1 U 35
37 0 U 36
38 1 U 37
39 0 U 38
40 1 U -1
41 1 U 40
42 1 U 41
43 1 U 42
44 1 U 43
45 1 U 44
46 0 U 45
47 0 U 46
48 1 U -1
49 0 U 48
50 0 U 49
51 0 U 50
52 0 U 51
53 0 U 52
54 0 U 53
55 0 U 54
56 0 U -1
57 0 U 56
58 0 U 57
59 1 U 58
60 0 U 59
61 0 U 60
62 1 U 61
63 0 U 62
64 0 L 56
65 1 L 57
66 0 L 58
67 0 L 59
68 0 L 60
69 1 L 61
70 1 L 62
71 0 L 63
72 1 U -1
73 0 U 72
74 0 U 73
75 1 U 74
# score :66 1475738
# W : 512708 , H : 706880
76
0 0 U -1
1 1 U 0
2 1 U 1
3 1 U 2
4 0 U 3
5 1 U 4
6 1 U 5
7 1 U 6
8 1 U -1
9 0 U 8
10 0 U 9
11 1 U 10
12 0 U 11
13 0 U 12
14 1 U 13
15 0 U 14
16 1 U -1
17 0 U 16
18 0 U 17
19 0 U 18
20 1 U 19
21 0 U 20
22 1 U 21
23 0 U 22
24 1 U -1
25 1 U 24
26 0 U 25
27 1 U 26
28 1 U 27
29 0 U 28
30 0 U 29
31 0 U 30
32 1 U -1
33 0 U 32
34 0 U 33
35 0 U 34
36 0 U 35
37 0 U 36
38 1 U 37
39 1 U 38
40 0 U -1
41 1 U 40
42 0 U 41
43 1 U 42
44 1 U 43
45 1 U 44
46 0 U 45
47 1 U 46
48 1 U -1
49 1 U 48
50 1 U 49
51 1 U 50
52 1 U 51
53 1 U 52
54 0 U 53
55 0 U 54
56 0 U -1
57 0 U 56
58 1 U 57
59 0 U 58
60 1 U 59
61 1 U 60
62 1 U 61
63 1 U 62
64 0 L 56
65 1 L 57
66 0 L 58
67 0 L 59
68 0 L 60
69 0 L 61
70 1 L 62
71 0 L 63
72 1 U -1
73 1 U 72
74 1 U 73
75 1 U 74
# score :67 1346153
# W : 549855 , H : 760119
76
0 1 U -1
1 0 U 0
2 1 U 1
3 1 U 2
4 1 U 3
5 0 U 4
6 1 U 5
7 1 U 6
8 1 U -1
9 0 U 8
10 1 U 9
11 1 U 10
12 0 U 11
13 0 U 12
14 0 U 13
15 1 U 14
16 1 U -1
17 1 U 16
18 1 U 17
19 0 U 18
20 1 U 19
21 1 U 20
22 1 U 21
23 1 U 22
24 1 U -1
25 0 U 24
26 1 U 25
27 1 U 26
28 1 U 27
29 1 U 28
30 1 U 29
31 0 U 30
32 1 U -1
33 1 U 32
34 0 U 33
35 1 U 34
36 0 U 35
37 1 U 36
38 0 U 37
39 0 U 38
40 0 U -1
41 0 U 40
42 1 U 41
43 0 U 42
44 1 U 43
45 1 U 44
46 0 U 45
47 0 U 46
48 0 U -1
49 0 U 48
50 0 U 49
51 1 U 50
52 0 U 51
53 0 U 52
54 1 U 53
55 1 U 54
56 0 U -1
57 1 U 56
58 1 U 57
59 1 U 58
60 1 U 59
61 1 U 60
62 0 U 61
63 1 U 62
64 1 L 48
65 1 L 49
66 0 L 50
67 0 L 51
68 1 L 52
69 0 L 53
70 0 L 54
71 1 L 55
72 0 U -1
73 1 U 72
74 1 U 73
75 1 U 74
# score :68 1547010
# W : 527282 , H : 713525
76
0 1 U -1
1 1 U 0
2 1 U 1
3 0 U 2
4 0 U 3
5 0 U 4
6 0 U 5
7 1 U 6
8 1 U -1
9 0 U 8
10 0 U 9
11 1 U 10
12 0 U 11
13 0 U 12
14 1 U 13
15 1 U 14
16 0 U -1
17 0 U 16
18 1 U 17
19 1 U 18
20 0 U 19
21 1 U 20
22 1 U 21
23 0 U 22
24 1 U -1
25 0 U 24
26 1 U 25
27 1 U 26
28 1 U 27
29 0 U 28
30 0 U 29
31 1 U 30
32 1 U -1
33 0 U 32
34 0 U 33
35 0 U 34
36 0 U 35
37 1 U 36
38 1 U 37
39 1 U 38
40 0 U -1
41 1 U 40
42 0 U 41
43 1 U 42
44 0 U 43
45 1 U 44
46 1 U 45
47 1 U 46
48 0 U -1
49 0 U 48
50 0 U 49
51 0 U 50
52 1 U 51
53 0 U 52
54 0 U 53
55 1 U 54
56 1 U -1
57 1 U 56
58 0 U 57
59 1 U 58
60 1 U 59
61 0 U 60
62 0 U 61
63 0 U 62
64 1 L 48
65 1 L 49
66 0 L 50
67 0 L 51
68 0 L 52
69 0 L 53
70 1 L 54
71 0 L 55
72 1 U -1
73 0 U 72
74 0 U 73
75 1 U 74
# score :69 1546791
# W : 638409 , H : 679424
76
0 0 U -1
1 0 U 0
2 1 U 1
3 1 U 2
4 1 U 3
5 1 U 4
6 0 U 5
7 1 U 6
8 0 U -1
9 0 U 8
10 1 U 9
11 0 U 10
12 1 U 11
13 1 U 12
14 1 U 13
15 0 U 14
16 0 U -1
17 0 U 16
18 1 U 17
19 0 U 18
20 0 U 19
21 1 U 20
22 1 U 21
23 0 U 22
24 0 U -1
25 1 U 24
26 0 U 25
27 0 U 26
28 0 U 27
29 1 U 28
30 1 U 29
31 0 U 30
32 0 U -1
33 1 U 32
34 0 U 33
35 0 U 34
36 0 U 35
37 0 U 36
38 0 U 37
39 0 U 38
40 1 U -1
41 0 U 40
42 1 U 41
43 1 U 42
44 0 U 43
45 0 U 44
46 1 U 45
47 0 U 46
48 0 U -1
49 0 U 48
50 1 U 49
51 0 U 50
52 0 U 51
53 1 U 52
54 1 U 53
55 1 U 54
56 1 U -1
57 0 U 56
58 1 U 57
59 1 U 58
60 0 U 59
61 1 U 60
62 1 U 61
63 0 U 62
64 1 L 48
65 0 L 49
66 1 L 50
67 0 L 51
68 0 L 52
69 0 L 53
70 0 L 54
71 1 L 55
72 0 U -1
73 1 U 72
74 0 U 73
75 1 U 74
# score :70 1542382
# W : 667806 , H : 689922
76
0 1 U -1
1 0 U 0
2 0 U 1
3 0 U 2
4 1 U 3
5 1 U 4
6 1 U 5
7 0 U 6
8 1 U -1
9 1 U 8
10 0 U 9
11 1 U 10
12 0 U 11
13 0 U 12
14 1 U 13
15 1 U 14
16 1 U -1
17 0 U 16
18 0 U 17
19 0 U 18
20 0 U 19
21 1 U 20
22 1 U 21
23 0 U 22
24 0 U -1
25 1 U 24
26 1 U 25
27 1 U 26
28 1 U 27
29 1 U 28
30 0 U 29
31 0 U 30
32 0 U -1
33 0 U 32
34 1 U 33
35 1 U 34
36 1 U 35
37 1 U 36
38 0 U 37
39 0 U 38
40 0 U -1
41 0 U 40
42 0 U 41
43 1 U 42
44 0 U 43
45 1 U 44
46 1 U 45
47 0 U 46
48 0 U -1
49 1 U 48
50 0 U 49
51 1 U 50
52 0 U 51
53 1 U 52
54 1 U 53
55 0 U 54
56 1 U -1
57 1 U 56
58 0 U 57
59 0 U 58
60 1 U 59
61 0 U 60
62 1 U 61
63 1 U 62
64 1 L 48
65 0 L 49
66 0 L 50
67 0 L 51
68 1 L 52
69 0 L 53
70 1 L 54
71 0 L 55
72 0 U -1
73 0 U 72
74 1 U 73
75 0 U 74
# score :71 1578560
# W : 703353 , H : 689354
76
0 0 U -1
1 0 U 0
2 0 U 1
3 0 U 2
4 0 U 3
5 0 U 4
6 1 U 5
7 0 U 6
8 1 U -1
9 1 U 8
10 0 U 9
11 1 U 10
12 0 U 11
13 0 U 12
14 1 U 13
15 0 U 14
16 1 U -1
17 1 U 16
18 1 U 17
19 1 U 18
20 0 U 19
21 0 U 20
22 0 U 21
23 0 U 22
24 0 U -1
25 1 U 24
26 1 U 25
27 1 U 26
28 1 U 27
29 1 U 28
30 0 U 29
31 1 U 30
32 1 U -1
33 0 U 32
34 1 U 33
35 1 U 34
36 1 U 35
37 0 U 36
38 1 U 37
39 1 U 38
40 1 U -1
41 1 U 40
42 0 U 41
43 1 U 42
44 1 U 43
45 1 U 44
46 1 U 45
47 0 U 46
48 0 U -1
49 0 U 48
50 0 U 49
51 0 U 50
52 0 U 51
53 0 U 52
54 0 U 53
55 0 U 54
56 1 U -1
57 0 U 56
58 1 U 57
59 1 U 58
60 1 U 59
61 0 U 60
62 0 U 61
63 0 U 62
64 1 U -1
65 1 U 64
66 0 U 65
67 1 U 66
68 0 U 67
69 1 U 68
70 0 U 69
71 0 U 70
72 1 U -1
73 1 U 72
74 1 U 73
75 0 U 74
# score :72 1398952
# W : 497010 , H : 814050
76
0 0 U -1
1 0 U 0
2 0 U 1
3 0 U 2
4 0 U 3
5 0 U 4
6 1 U 5
7 0 U 6
8 0 U -1
9 0 U 8
10 0 U 9
11 0 U 10
12 1 U 11
13 0 U 12
14 1 U 13
15 1 U 14
16 1 U -1
17 0 U 16
18 0 U 17
19 0 U 18
20 1 U 19
21 1 U 20
22 0 U 21
23 1 U 22
24 1 U -1
25 1 U 24
26 1 U 25
27 1 U 26
28 1 U 27
29 1 U 28
30 0 U 29
31 0 U 30
32 0 U -1
33 0 U 32
34 1 U 33
35 0 U 34
36 0 U 35
37 1 U 36
38 1 U 37
39 0 U 38
40 1 U -1
41 0 U 40
42 1 U 41
43 1 U 42
44 1 U 43
45 1 U 44
46 0 U 45
47 1 U 46
48 0 U -1
49 1 U 48
50 0 U 49
51 1 U 50
52 0 U 51
53 0 U 52
54 0 U 53
55 0 U 54
56 0 U -1
57 1 U 56
58 0 U 57
59 1 U 58
60 1 U 59
61 0 U 60
62 1 U 61
63 0 U 62
64 1 U -1
65 0 U 64
66 0 U 65
67 1 U 66
68 0 U 67
69 0 U 68
70 0 U 69
71 0 U 70
72 1 U -1
73 1 U 72
74 1 U 73
75 1 U 74
# score :73 1376332
# W : 602878 , H : 763676
76
0 1 U -1
1 1 U 0
2 1 U 1
3 0 U 2
4 0 U 3
5 1 U 4
6 0 U 5
7 1 U 6
8 0 U -1
9 1 U 8
10 1 U 9
11 0 U 10
12 1 U 11
13 1 U 12
14 1 U 13
15 0 U 14
16 0 U -1
17 0 U 16
18 0 U 17
19 0 U 18
20 1 U 19
21 0 U 20
22 1 U 21
23 0 U 22
24 0 U -1
25 0 U 24
26 0 U 25
27 1 U 26
28 0 U 27
29 0 U 28
30 0 U 29
31 0 U 30
32 0 U -1
33 1 U 32
34 1 U 33
35 0 U 34
36 1 U 35
37 1 U 36
38 1 U 37
39 0 U 38
40 0 U -1
41 0 U 40
42 1 U 41
43 0 U 42
44 0 U 43
45 0 U 44
46 1 U 45
47 0 U 46
48 1 U -1
49 0 U 48
50 0 U 49
51 0 U 50
52 0 U 51
53 1 U 52
54 1 U 53
55 0 U 54
56 0 U -1
57 0 U 56
58 0 U 57
59 0 U 58
60 0 U 59
61 1 U 60
62 1 U 61
63 1 U 62
64 1 L 56
65 0 L 57
66 1 L 58
67 0 L 59
68 1 L 60
69 0 L 61
70 1 L 62
71 1 L 63
72 1 U -1
73 0 U 72
74 1 U 73
75 1 U 74
# score :74 1634529
# W : 599858 , H : 760348
76
0 0 U -1
1 0 U 0
2 1 U 1
3 0 U 2
4 0 U 3
5 1 U 4
6 1 U 5
7 0 U 6
8 0 U -1
9 1 U 8
10 0 U 9
11 1 U 10
12 1 U 11
13 1 U 12
14 1 U 13
15 0 U 14
16 0 U -1
17 0 U 16
18 0 U 17
19 1 U 18
20 0 U 19
21 0 U 20
22 1 U 21
23 0 U 22
24 1 U -1
25 1 U 24
26 0 U 25
27 1 U 26
28 1 U 27
29 0 U 28
30 0 U 29
31 0 U 30
32 0 U -1
33 0 U 32
34 0 U 33
35 1 U 34
36 0 U 35
37 1 U 36
38 0 U 37
39 0 U 38
40 1 U -1
41 1 U 40
42 1 U 41
43 1 U 42
44 1 U 43
45 0 U 44
46 0 U 45
47 0 U 46
48 1 U -1
49 1 U 48
50 1 U 49
51 1 U 50
52 1 U 51
53 1 U 52
54 1 U 53
55 1 U 54
56 0 U -1
57 0 U 56
58 0 U 57
59 1 U 58
60 1 U 59
61 1 U 60
62 0 U 61
63 1 U 62
64 1 L 56
65 1 L 57
66 1 L 58
67 1 L 59
68 1 L 60
69 1 L 61
70 1 L 62
71 0 L 63
72 0 U -1
73 0 U 72
74 0 U 73
75 1 U 74
# score :75 1514912
# W : 607757 , H : 738375
76
0 0 U -1
1 0 U 0
2 0 U 1
3 0 U 2
4 0 U 3
5 1 U 4
6 0 U 5
7 0 U 6
8 1 U -1
9 1 U 8
10 1 U 9
11 1 U 10
12 1 U 11
13 0 U 12
14 0 U 13
15 1 U 14
16 1 U -1
17 1 U 16
18 1 U 17
19 1 U 18
20 0 U 19
21 0 U 20
22 0 U 21
23 0 U 22
24 0 U -1
25 0 U 24
26 0 U 25
27 1 U 26
28 0 U 27
29 0 U 28
30 0 U 29
31 1 U 30
32 0 U -1
33 0 U 32
34 1 U 33
35 0 U 34
36 0 U 35
37 0 U 36
38 0 U 37
39 0 U 38
40 1 U -1
41 1 U 40
42 0 U 41
43 0 U 42
44 1 U 43
45 0 U 44
46 1 U 45
47 1 U 46
48 1 U -1
49 1 U 48
50 0 U 49
51 1 U 50
52 1 U 51
53 1 U 52
54 1 U 53
55 0 U 54
56 1 U -1
57 0 U 56
58 0 U 57
59 1 U 58
60 0 U 59
61 0 U 60
62 0 U 61
63 1 U 62
64 1 L 48
65 0 L 49
66 0 L 50
67 1 L 51
68 0 L 52
69 0 L 53
70 0 L 54
71 1 L 55
72 0 U -1
73 0 U 72
74 1 U 73
75 0 U 74
# score :76 1590449
# W : 652063 , H : 716812
76
0 1 U -1
1 1 U 0
2 1 U 1
3 0 U 2
4 1 U 3
5 1 U 4
6 0 U 5
7 1 U 6
8 1 U -1
9 0 U 8
10 1 U 9
11 0 U 10
12 0 U 11
13 1 U 12
14 0 U 13
15 0 U 14
16 0 U -1
17 1 U 16
18 1 U 17
19 0 U 18
20 0 U 19
21 0 U 20
22 0 U 21
23 1 U 22
24 0 U -1
25 1 U 24
26 1 U 25
27 1 U 26
28 1 U 27
29 0 U 28
30 1 U 29
31 1 U 30
32 1 U -1
33 1 U 32
34 1 U 33
35 0 U 34
36 0 U 35
37 1 U 36
38 0 U 37
39 1 U 38
40 0 U -1
41 0 U 40
42 0 U 41
43 0 U 42
44 1 U 43
45 0 U 44
46 1 U 45
47 0 U 46
48 1 U -1
49 0 U 48
50 1 U 49
51 0 U 50
52 1 U 51
53 1 U 52
54 0 U 53
55 1 U 54
56 1 U -1
57 0 U 56
58 0 U 57
59 1 U 58
60 0 U 59
61 1 U 60
62 0 U 61
63 0 U 62
64 0 L 48
65 0 L 49
66 1 L 50
67 0 L 51
68 1 L 52
69 0 L 53
70 0 L 54
71 1 L 55
72 1 U -1
73 0 U 72
74 0 U 73
75 1 U 74
# score :77 1571509
# W : 780935 , H : 641890
