31
0 0 U -1
1 0 U 0
2 0 U 1
3 0 U 2
4 0 U 3
5 0 U -1
6 0 U 5
7 0 U 6
8 0 U 7
9 0 U 8
10 0 U -1
11 0 U 10
12 0 U 11
13 0 U 12
14 0 U 13
15 0 U -1
16 0 U 15
17 0 U 16
18 0 U 17
19 0 U 18
20 0 U -1
21 0 U 20
22 0 U 21
23 0 U 22
24 0 U 23
25 0 U -1
26 0 U 25
27 0 U 26
28 0 U 27
29 0 U 28
30 0 U -1
# score :0 917019
# W : 336891 , H : 527437
31
0 0 U -1
1 1 U 0
2 1 U 1
3 1 U 2
4 1 U 3
5 1 U -1
6 0 U 5
7 1 U 6
8 1 U 7
9 1 U 8
10 0 U -1
11 1 U 10
12 1 U 11
13 1 U 12
14 1 U 13
15 0 U -1
16 1 U 15
17 1 U 16
18 1 U 17
19 1 U 18
20 0 U -1
21 1 U 20
22 1 U 21
23 1 U 22
24 0 U 23
25 1 U -1
26 1 U 25
27 1 U 26
28 1 U 27
29 0 U 28
30 0 U -1
# score :1 827319
# W : 405655 , H : 380216
31
0 0 U -1
1 0 U 0
2 0 U 1
3 0 U 2
4 0 U 3
5 0 U -1
6 0 U 5
7 0 U 6
8 0 U 7
9 0 U 8
10 0 U -1
11 0 U 10
12 0 U 11
13 0 U 12
14 0 U 13
15 0 U -1
16 0 U 15
17 0 U 16
18 0 U 17
19 0 U 18
20 0 U -1
21 0 U 20
22 0 U 21
23 0 U 22
24 0 U 23
25 0 L 20
26 0 L 21
27 0 L 22
28 0 L 23
29 0 L 24
30 0 U -1
# score :2 1029784
# W : 351592 , H : 523771
31
0 0 U -1
1 1 U 0
2 1 U 1
3 1 U 2
4 1 U 3
5 1 U -1
6 0 U 5
7 1 U 6
8 1 U 7
9 1 U 8
10 0 U -1
11 1 U 10
12 1 U 11
13 1 U 12
14 1 U 13
15 0 U -1
16 1 U 15
17 1 U 16
18 1 U 17
19 1 U 18
20 0 U -1
21 1 U 20
22 1 U 21
23 1 U 22
24 0 U 23
25 1 L 20
26 1 L 21
27 1 L 22
28 1 L 23
29 0 L 24
30 0 U -1
# score :3 1083395
# W : 683844 , H : 397497
31
0 0 U -1
1 0 U 0
2 0 U 1
3 0 U 2
4 0 U 3
5 0 U -1
6 0 U 5
7 0 U 6
8 0 U 7
9 0 U 8
10 0 U -1
11 0 U 10
12 0 U 11
13 0 U 12
14 0 U 13
15 0 U -1
16 0 U 15
17 0 U 16
18 0 U 17
19 0 U 18
20 0 U -1
21 0 U 20
22 0 U 21
23 0 U 22
24 0 U 23
25 0 L 15
26 0 L 16
27 0 L 17
28 0 L 18
29 0 L 19
30 0 U -1
# score :4 1032605
# W : 458095 , H : 452614
31
0 0 U -1
1 1 U 0
2 1 U 1
3 1 U 2
4 1 U 3
5 1 U -1
6 0 U 5
7 1 U 6
8 1 U 7
9 1 U 8
10 0 U -1
11 1 U 10
12 1 U 11
13 1 U 12
14 1 U 13
15 0 U -1
16 1 U 15
17 1 U 16
18 1 U 17
19 1 U 18
20 0 U -1
21 1 U 20
22 1 U 21
23 1 U 22
24 0 U 23
25 1 L 15
26 1 L 16
27 1 L 17
28 1 L 18
29 0 L 19
30 0 U -1
# score :5 1112287
# W : 763011 , H : 304296
31
0 0 U -1
1 0 U 0
2 0 U 1
3 0 U 2
4 0 U 3
5 0 U -1
6 0 U 5
7 0 U 6
8 0 U 7
9 0 U 8
10 0 U -1
11 0 U 10
12 0 U 11
13 0 U 12
14 0 U 13
15 0 U -1
16 0 U 15
17 0 U 16
18 0 U 17
19 0 U 18
20 0 U -1
21 0 U 20
22 0 U 21
23 0 U 22
24 0 U 23
25 0 L 15
26 0 L 16
27 0 L 17
28 0 L 18
29 0 L 19
30 0 U -1
# score :6 1032605
# W : 453530 , H : 446592
31
0 0 U -1
1 1 U 0
2 1 U 1
3 1 U 2
4 1 U 3
5 1 U -1
6 0 U 5
7 1 U 6
8 1 U 7
9 1 U 8
10 0 U -1
11 1 U 10
12 1 U 11
13 1 U 12
14 1 U 13
15 0 U -1
16 1 U 15
17 1 U 16
18 1 U 17
19 1 U 18
20 0 U -1
21 1 U 20
22 1 U 21
23 1 U 22
24 0 U 23
25 1 L 15
26 1 L 16
27 1 L 17
28 1 L 18
29 0 L 19
30 0 U -1
# score :7 1112287
# W : 769779 , H : 303555
31
0 0 U -1
1 1 U 0
2 1 U 1
3 1 U 2
4 1 U 3
5 0 U -1
6 0 U 5
7 0 U 6
8 0 U 7
9 0 U 8
10 1 U -1
11 0 U 10
12 1 U 11
13 1 U 12
14 0 U 13
15 0 U -1
16 0 U 15
17 0 U 16
18 0 U 17
19 0 U 18
20 0 U -1
21 0 U 20
22 0 U 21
23 0 U 22
24 0 U 23
25 0 U -1
26 0 U 25
27 0 U 26
28 1 U 27
29 1 U 28
30 0 U -1
# score :8 881070
# W : 337225 , H : 468013
31
0 1 U -1
1 1 U 0
2 1 U 1
3 0 U 2
4 0 U 3
5 0 U -1
6 1 U 5
7 1 U 6
8 0 U 7
9 1 U 8
10 1 U -1
11 0 U 10
12 0 U 11
13 1 U 12
14 1 U 13
15 1 U -1
16 0 U 15
17 0 U 16
18 1 U 17
19 1 U 18
20 0 U -1
21 1 U 20
22 0 U 21
23 0 U 22
24 0 U 23
25 0 U -1
26 1 U 25
27 0 U 26
28 1 U 27
29 0 U 28
30 1 U -1
# score :9 941959
# W : 336726 , H : 570849
31
0 0 U -1
1 1 U 0
2 1 U 1
3 1 U 2
4 0 U 3
5 1 U -1
6 1 U 5
7 1 U 6
8 1 U 7
9 0 U 8
10 1 U -1
11 1 U 10
12 1 U 11
13 1 U 12
14 1 U 13
15 1 U -1
16 1 U 15
17 0 U 16
18 0 U 17
19 0 U 18
20 1 U -1
21 1 U 20
22 0 U 21
23 0 U 22
24 1 U 23
25 1 L 20
26 1 L 21
27 0 L 22
28 0 L 23
29 1 L 24
30 1 U -1
# score :10 969849
# W : 436206 , H : 444203
31
0 1 U -1
1 1 U 0
2 1 U 1
3 0 U 2
4 1 U 3
5 1 U -1
6 1 U 5
7 0 U 6
8 0 U 7
9 1 U 8
10 0 U -1
11 1 U 10
12 1 U 11
13 1 U 12
14 0 U 13
15 1 U -1
16 0 U 15
17 1 U 16
18 1 U 17
19 1 U 18
20 1 U -1
21 1 U 20
22 0 U 21
23 0 U 22
24 1 U 23
25 1 L 20
26 1 L 21
27 0 L 22
28 1 L 23
29 1 L 24
30 0 U -1
# score :11 860101
# W : 449874 , H : 428386
31
0 1 U -1
1 0 U 0
2 1 U 1
3 1 U 2
4 1 U 3
5 0 U -1
6 0 U 5
7 1 U 6
8 1 U 7
9 1 U 8
10 1 U -1
11 0 U 10
12 1 U 11
13 1 U 12
14 0 U 13
15 1 U -1
16 0 U 15
17 1 U 16
18 0 U 17
19 0 U 18
20 1 U -1
21 0 U 20
22 0 U 21
23 1 U 22
24 0 U 23
25 1 L 15
26 0 L 16
27 1 L 17
28 1 L 18
29 1 L 19
30 1 U -1
# score :12 1029470
# W : 568941 , H : 398935
31
0 1 U -1
1 1 U 0
2 1 U 1
3 0 U 2
4 0 U 3
5 0 U -1
6 1 U 5
7 0 U 6
8 1 U 7
9 0 U 8
10 0 U -1
11 0 U 10
12 0 U 11
13 1 U 12
14 1 U 13
15 0 U -1
16 0 U 15
17 1 U 16
18 0 U 17
19 1 U 18
20 1 U -1
21 1 U 20
22 0 U 21
23 0 U 22
24 1 U 23
25 0 L 15
26 1 L 16
27 1 L 17
28 0 L 18
29 1 L 19
30 1 U -1
# score :13 1069174
# W : 562462 , H : 381285
31
0 0 U -1
1 0 U 0
2 0 U 1
3 0 U 2
4 0 U 3
5 1 U -1
6 1 U 5
7 0 U 6
8 1 U 7
9 0 U 8
10 0 U -1
11 1 U 10
12 1 U 11
13 0 U 12
14 0 U 13
15 1 U -1
16 1 U 15
17 0 U 16
18 0 U 17
19 1 U 18
20 1 U -1
21 1 U 20
22 0 U 21
23 1 U 22
24 0 U 23
25 1 L 15
26 1 L 16
27 1 L 17
28 0 L 18
29 1 L 19
30 0 U -1
# score :14 985229
# W : 543091 , H : 390883
31
0 1 U -1
1 0 U 0
2 0 U 1
3 0 U 2
4 0 U 3
5 0 U -1
6 0 U 5
7 0 U 6
8 1 U 7
9 1 U 8
10 1 U -1
11 1 U 10
12 0 U 11
13 1 U 12
14 0 U 13
15 0 U -1
16 0 U 15
17 0 U 16
18 0 U 17
19 0 U 18
20 0 U -1
21 1 U 20
22 1 U 21
23 1 U 22
24 0 U 23
25 1 L 15
26 0 L 16
27 0 L 17
28 1 L 18
29 0 L 19
30 1 U -1
# score :15 1046486
# W : 613939 , H : 389829
31
0 1 U -1
1 1 U 0
2 0 U 1
3 0 U 2
4 1 U 3
5 1 U -1
6 1 U 5
7 0 U 6
8 1 U 7
9 0 U 8
10 0 U -1
11 1 U 10
12 1 U 11
13 0 U 12
14 1 U 13
15 1 U -1
16 1 U 15
17 1 U 16
18 1 U 17
19 1 U 18
20 0 U -1
21 0 U 20
22 0 U 21
23 1 U 22
24 0 U 23
25 0 U -1
26 1 U 25
27 1 U 26
28 0 U 27
29 0 U 28
30 1 U -1
# score :16 902119
# W : 393533 , H : 449293
31
0 0 U -1
1 1 U 0
2 1 U 1
3 1 U 2
4 0 U 3
5 0 U -1
6 0 U 5
7 0 U 6
8 0 U 7
9 0 U 8
10 1 U -1
11 0 U 10
12 1 U 11
13 0 U 12
14 0 U 13
15 0 U -1
16 0 U 15
17 1 U 16
18 0 U 17
19 1 U 18
20 1 U -1
21 1 U 20
22 0 U 21
23 1 U 22
24 0 U 23
25 1 U -1
26 0 U 25
27 0 U 26
28 0 U 27
29 0 U 28
30 0 U -1
# score :17 873432
# W : 341036 , H : 490479
31
0 0 U -1
1 1 U 0
2 0 U 1
3 0 U 2
4 1 U 3
5 0 U -1
6 1 U 5
7 1 U 6
8 1 U 7
9 1 U 8
10 1 U -1
11 0 U 10
12 0 U 11
13 0 U 12
14 0 U 13
15 0 U -1
16 1 U 15
17 1 U 16
18 1 U 17
19 0 U 18
20 1 U -1
21 0 U 20
22 0 U 21
23 1 U 22
24 0 U 23
25 0 L 20
26 1 L 21
27 1 L 22
28 1 L 23
29 1 L 24
30 0 U -1
# score :18 889916
# W : 471953 , H : 443682
31
0 0 U -1
1 0 U 0
2 0 U 1
3 0 U 2
4 1 U 3
5 1 U -1
6 1 U 5
7 0 U 6
8 0 U 7
9 1 U 8
10 1 U -1
11 0 U 10
12 1 U 11
13 0 U 12
14 1 U 13
15 0 U -1
16 1 U 15
17 0 U 16
18 1 U 17
19 1 U 18
20 0 U -1
21 1 U 20
22 0 U 21
23 0 U 22
24 0 U 23
25 1 L 20
26 0 L 21
27 0 L 22
28 0 L 23
29 0 L 24
30 1 U -1
# score :19 1044980
# W : 466798 , H : 604476
31
0 0 U -1
1 1 U 0
2 0 U 1
3 1 U 2
4 0 U 3
5 0 U -1
6 0 U 5
7 1 U 6
8 1 U 7
9 1 U 8
10 0 U -1
11 0 U 10
12 0 U 11
13 0 U 12
14 0 U 13
15 0 U -1
16 0 U 15
17 1 U 16
18 1 U 17
19 0 U 18
20 0 U -1
21 1 U 20
22 1 U 21
23 0 U 22
24 0 U 23
25 1 L 15
26 1 L 16
27 0 L 17
28 1 L 18
29 1 L 19
30 0 U -1
# score :20 1070872
# W : 560089 , H : 367512
31
0 0 U -1
1 0 U 0
2 1 U 1
3 1 U 2
4 0 U 3
5 1 U -1
6 1 U 5
7 0 U 6
8 1 U 7
9 1 U 8
10 1 U -1
11 1 U 10
12 1 U 11
13 1 U 12
14 0 U 13
15 0 U -1
16 0 U 15
17 0 U 16
18 1 U 17
19 1 U 18
20 0 U -1
21 1 U 20
22 0 U 21
23 1 U 22
24 0 U 23
25 0 L 15
26 0 L 16
27 1 L 17
28 1 L 18
29 1 L 19
30 0 U -1
# score :21 1053611
# W : 594285 , H : 383741
31
0 0 U -1
1 0 U 0
2 0 U 1
3 1 U 2
4 1 U 3
5 0 U -1
6 0 U 5
7 1 U 6
8 1 U 7
9 1 U 8
10 0 U -1
11 1 U 10
12 0 U 11
13 1 U 12
14 1 U 13
15 1 U -1
16 1 U 15
17 1 U 16
18 0 U 17
19 0 U 18
20 0 U -1
21 1 U 20
22 1 U 21
23 1 U 22
24 0 U 23
25 1 L 15
26 1 L 16
27 1 L 17
28 0 L 18
29 1 L 19
30 0 U -1
# score :22 1074473
# W : 592502 , H : 342822
31
0 1 U -1
1 0 U 0
2 0 U 1
3 1 U 2
4 0 U 3
5 0 U -1
6 0 U 5
7 0 U 6
8 0 U 7
9 0 U 8
10 1 U -1
11 0 U 10
12 1 U 11
13 1 U 12
14 1 U 13
15 1 U -1
16 0 U 15
17 0 U 16
18 0 U 17
19 1 U 18
20 1 U -1
21 0 U 20
22 0 U 21
23 0 U 22
24 1 U 23
25 1 L 15
26 0 L 16
27 0 L 17
28 1 L 18
29 0 L 19
30 1 U -1
# score :23 1028698
# W : 497380 , H : 384798
31
0 1 U -1
1 0 U 0
2 0 U 1
3 1 U 2
4 1 U 3
5 0 U -1
6 1 U 5
7 1 U 6
8 1 U 7
9 0 U 8
10 0 U -1
11 1 U 10
12 1 U 11
13 1 U 12
14 1 U 13
15 1 U -1
16 0 U 15
17 0 U 16
18 0 U 17
19 1 U 18
20 1 U -1
21 1 U 20
22 1 U 21
23 1 U 22
24 0 U 23
25 1 U -1
26 1 U 25
27 1 U 26
28 1 U 27
29 1 U 28
30 1 U -1
# score :24 909829
# W : 362405 , H : 489124
31
0 1 U -1
1 0 U 0
2 0 U 1
3 0 U 2
4 0 U 3
5 1 U -1
6 1 U 5
7 0 U 6
8 0 U 7
9 1 U 8
10 0 U -1
11 0 U 10
12 1 U 11
13 0 U 12
14 1 U 13
15 1 U -1
16 1 U 15
17 0 U 16
18 1 U 17
19 1 U 18
20 0 U -1
21 0 U 20
22 1 U 21
23 0 U 22
24 1 U 23
25 0 U -1
26 1 U 25
27 0 U 26
28 0 U 27
29 1 U 28
30 0 U -1
# score :25 870821
# W : 298503 , H : 504908
31
0 1 U -1
1 0 U 0
2 0 U 1
3 1 U 2
4 0 U 3
5 0 U -1
6 0 U 5
7 0 U 6
8 1 U 7
9 0 U 8
10 1 U -1
11 0 U 10
12 1 U 11
13 1 U 12
14 1 U 13
15 1 U -1
16 1 U 15
17 1 U 16
18 1 U 17
19 0 U 18
20 0 U -1
21 0 U 20
22 0 U 21
23 0 U 22
24 0 U 23
25 0 L 20
26 0 L 21
27 1 L 22
28 0 L 23
29 0 L 24
30 0 U -1
# score :26 937995
# W : 523101 , H : 386195
31
0 1 U -1
1 0 U 0
2 1 U 1
3 1 U 2
4 0 U 3
5 0 U -1
6 1 U 5
7 0 U 6
8 0 U 7
9 0 U 8
10 0 U -1
11 1 U 10
12 0 U 11
13 1 U 12
14 1 U 13
15 0 U -1
16 0 U 15
17 1 U 16
18 1 U 17
19 0 U 18
20 1 U -1
21 0 U 20
22 1 U 21
23 0 U 22
24 1 U 23
25 0 L 20
26 0 L 21
27 0 L 22
28 0 L 23
29 1 L 24
30 1 U -1
# score :27 1045272
# W : 549855 , H : 483801
31
0 1 U -1
1 1 U 0
2 1 U 1
3 1 U 2
4 0 U 3
5 1 U -1
6 1 U 5
7 1 U 6
8 1 U 7
9 0 U 8
10 0 U -1
11 0 U 10
12 0 U 11
13 1 U 12
14 1 U 13
15 0 U -1
16 1 U 15
17 0 U 16
18 1 U 17
19 1 U 18
20 0 U -1
21 0 U 20
22 1 U 21
23 1 U 22
24 0 U 23
25 1 L 15
26 1 L 16
27 0 L 17
28 0 L 18
29 0 L 19
30 1 U -1
# score :28 1177076
# W : 543945 , H : 449017
31
0 1 U -1
1 1 U 0
2 0 U 1
3 1 U 2
4 0 U 3
5 1 U -1
6 1 U 5
7 0 U 6
8 1 U 7
9 0 U 8
10 0 U -1
11 0 U 10
12 0 U 11
13 0 U 12
14 0 U 13
15 1 U -1
16 1 U 15
17 0 U 16
18 1 U 17
19 0 U 18
20 1 U -1
21 1 U 20
22 1 U 21
23 1 U 22
24 0 U 23
25 1 L 15
26 1 L 16
27 0 L 17
28 0 L 18
29 0 L 19
30 0 U -1
# score :29 1126132
# W : 620353 , H : 398065
31
0 1 U -1
1 1 U 0
2 1 U 1
3 1 U 2
4 1 U 3
5 1 U -1
6 0 U 5
7 1 U 6
8 0 U 7
9 1 U 8
10 0 U -1
11 0 U 10
12 1 U 11
13 1 U 12
14 0 U 13
15 0 U -1
16 0 U 15
17 1 U 16
18 1 U 17
19 1 U 18
20 0 U -1
21 1 U 20
22 1 U 21
23 1 U 22
24 1 U 23
25 1 L 15
26 0 L 16
27 1 L 17
28 1 L 18
29 0 L 19
30 1 U -1
# score :30 1125389
# W : 546253 , H : 374540
31
0 1 U -1
1 0 U 0
2 0 U 1
3 0 U 2
4 0 U 3
5 0 U -1
6 1 U 5
7 1 U 6
8 1 U 7
9 0 U 8
10 1 U -1
11 1 U 10
12 0 U 11
13 0 U 12
14 0 U 13
15 1 U -1
16 1 U 15
17 1 U 16
18 1 U 17
19 1 U 18
20 1 U -1
21 0 U 20
22 1 U 21
23 0 U 22
24 0 U 23
25 1 L 15
26 0 L 16
27 1 L 17
28 0 L 18
29 1 L 19
30 1 U -1
# score :31 1017316
# W : 596996 , H : 427922
31
0 0 U -1
1 0 U 0
2 0 U 1
3 1 U 2
4 1 U 3
5 0 U -1
6 0 U 5
7 0 U 6
8 1 U 7
9 0 U 8
10 1 U -1
11 0 U 10
12 1 U 11
13 1 U 12
14 0 U 13
15 1 U -1
16 1 U 15
17 1 U 16
18 0 U 17
19 1 U 18
20 1 U -1
21 1 U 20
22 1 U 21
23 0 U 22
24 1 U 23
25 0 U -1
26 1 U 25
27 1 U 26
28 0 U 27
29 1 U 28
30 0 U -1
# score :32 871869
# W : 376001 , H : 433124
31
0 0 U -1
1 0 U 0
2 1 U 1
3 1 U 2
4 0 U 3
5 0 U -1
6 0 U 5
7 1 U 6
8 1 U 7
9 0 U 8
10 0 U -1
11 0 U 10
12 0 U 11
13 1 U 12
14 0 U 13
15 0 U -1
16 1 U 15
17 1 U 16
18 0 U 17
19 0 U 18
20 0 U -1
21 0 U 20
22 1 U 21
23 0 U 22
24 1 U 23
25 0 U -1
26 1 U 25
27 1 U 26
28 1 U 27
29 1 U 28
30 1 U -1
# score :33 922661
# W : 369850 , H : 452316
31
0 1 U -1
1 1 U 0
2 0 U 1
3 0 U 2
4 0 U 3
5 1 U -1
6 0 U 5
7 1 U 6
8 1 U 7
9 0 U 8
10 1 U -1
11 0 U 10
12 0 U 11
13 1 U 12
14 0 U 13
15 0 U -1
16 1 U 15
17 0 U 16
18 1 U 17
19 1 U 18
20 0 U -1
21 1 U 20
22 1 U 21
23 0 U 22
24 1 U 23
25 0 L 20
26 0 L 21
27 0 L 22
28 0 L 23
29 0 L 24
30 0 U -1
# score :34 911400
# W : 491116 , H : 462766
31
0 0 U -1
1 0 U 0
2 0 U 1
3 0 U 2
4 0 U 3
5 1 U -1
6 1 U 5
7 1 U 6
8 1 U 7
9 1 U 8
10 0 U -1
11 0 U 10
12 0 U 11
13 0 U 12
14 1 U 13
15 0 U -1
16 0 U 15
17 0 U 16
18 1 U 17
19 1 U 18
20 1 U -1
21 1 U 20
22 0 U 21
23 1 U 22
24 1 U 23
25 1 L 20
26 0 L 21
27 0 L 22
28 1 L 23
29 0 L 24
30 1 U -1
# score :35 998540
# W : 410374 , H : 598132
31
0 1 U -1
1 0 U 0
2 1 U 1
3 1 U 2
4 1 U 3
5 0 U -1
6 1 U 5
7 0 U 6
8 0 U 7
9 0 U 8
10 0 U -1
11 0 U 10
12 1 U 11
13 1 U 12
14 1 U 13
15 0 U -1
16 1 U 15
17 0 U 16
18 1 U 17
19 1 U 18
20 1 U -1
21 1 U 20
22 0 U 21
23 0 U 22
24 0 U 23
25 1 L 15
26 0 L 16
27 1 L 17
28 0 L 18
29 0 L 19
30 0 U -1
# score :36 1029214
# W : 624840 , H : 403279
31
0 1 U -1
1 0 U 0
2 1 U 1
3 0 U 2
4 0 U 3
5 0 U -1
6 1 U 5
7 0 U 6
8 1 U 7
9 1 U 8
10 1 U -1
11 0 U 10
12 1 U 11
13 0 U 12
14 1 U 13
15 1 U -1
16 1 U 15
17 0 U 16
18 0 U 17
19 0 U 18
20 1 U -1
21 1 U 20
22 1 U 21
23 1 U 22
24 0 U 23
25 0 L 15
26 1 L 16
27 1 L 17
28 0 L 18
29 0 L 19
30 1 U -1
# score :37 1050440
# W : 535892 , H : 458262
31
0 1 U -1
1 1 U 0
2 1 U 1
3 1 U 2
4 0 U 3
5 0 U -1
6 0 U 5
7 1 U 6
8 1 U 7
9 0 U 8
10 1 U -1
11 0 U 10
12 0 U 11
13 0 U 12
14 0 U 13
15 1 U -1
16 0 U 15
17 0 U 16
18 1 U 17
19 0 U 18
20 1 U -1
21 1 U 20
22 1 U 21
23 1 U 22
24 0 U 23
25 1 L 15
26 1 L 16
27 1 L 17
28 1 L 18
29 0 L 19
30 0 U -1
# score :38 1041226
# W : 549570 , H : 364246
31
0 1 U -1
1 0 U 0
2 1 U 1
3 1 U 2
4 0 U 3
5 1 U -1
6 0 U 5
7 0 U 6
8 1 U 7
9 0 U 8
10 1 U -1
11 0 U 10
12 1 U 11
13 1 U 12
14 1 U 13
15 1 U -1
16 1 U 15
17 1 U 16
18 1 U 17
19 0 U 18
20 1 U -1
21 0 U 20
22 0 U 21
23 0 U 22
24 1 U 23
25 0 L 15
26 0 L 16
27 1 L 17
28 1 L 18
29 1 L 19
30 0 U -1
# score :39 977577
# W : 614721 , H : 354961
31
0 1 U -1
1 1 U 0
2 0 U 1
3 1 U 2
4 0 U 3
5 0 U -1
6 0 U 5
7 0 U 6
8 1 U 7
9 0 U 8
10 0 U -1
11 0 U 10
12 0 U 11
13 1 U 12
14 1 U 13
15 0 U -1
16 1 U 15
17 1 U 16
18 0 U 17
19 0 U 18
20 1 U -1
21 1 U 20
22 0 U 21
23 0 U 22
24 1 U 23
25 1 U -1
26 0 U 25
27 0 U 26
28 0 U 27
29 0 U 28
30 1 U -1
# score :40 920547
# W : 373547 , H : 477166
31
0 0 U -1
1 0 U 0
2 1 U 1
3 1 U 2
4 1 U 3
5 0 U -1
6 1 U 5
7 1 U 6
8 1 U 7
9 1 U 8
10 0 U -1
11 0 U 10
12 1 U 11
13 1 U 12
14 0 U 13
15 1 U -1
16 0 U 15
17 0 U 16
18 0 U 17
19 0 U 18
20 1 U -1
21 0 U 20
22 1 U 21
23 0 U 22
24 1 U 23
25 0 U -1
26 1 U 25
27 1 U 26
28 1 U 27
29 1 U 28
30 0 U -1
# score :41 901547
# W : 374017 , H : 501047
31
0 0 U -1
1 0 U 0
2 0 U 1
3 0 U 2
4 0 U 3
5 1 U -1
6 1 U 5
7 0 U 6
8 0 U 7
9 0 U 8
10 0 U -1
11 1 U 10
12 0 U 11
13 1 U 12
14 0 U 13
15 0 U -1
16 1 U 15
17 0 U 16
18 1 U 17
19 1 U 18
20 0 U -1
21 0 U 20
22 0 U 21
23 1 U 22
24 1 U 23
25 1 L 20
26 0 L 21
27 1 L 22
28 1 L 23
29 0 L 24
30 0 U -1
# score :42 1075588
# W : 399002 , H : 475824
31
0 1 U -1
1 1 U 0
2 0 U 1
3 0 U 2
4 0 U 3
5 1 U -1
6 0 U 5
7 0 U 6
8 1 U 7
9 0 U 8
10 0 U -1
11 0 U 10
12 1 U 11
13 0 U 12
14 1 U 13
15 1 U -1
16 0 U 15
17 0 U 16
18 0 U 17
19 0 U 18
20 0 U -1
21 0 U 20
22 1 U 21
23 0 U 22
24 1 U 23
25 0 L 20
26 1 L 21
27 0 L 22
28 1 L 23
29 0 L 24
30 1 U -1
# score :43 1081126
# W : 426510 , H : 556411
31
0 1 U -1
1 1 U 0
2 1 U 1
3 1 U 2
4 1 U 3
5 0 U -1
6 1 U 5
7 1 U 6
8 1 U 7
9 1 U 8
10 0 U -1
11 1 U 10
12 0 U 11
13 0 U 12
14 1 U 13
15 0 U -1
16 1 U 15
17 0 U 16
18 0 U 17
19 0 U 18
20 1 U -1
21 1 U 20
22 1 U 21
23 1 U 22
24 1 U 23
25 1 L 15
26 0 L 16
27 0 L 17
28 1 L 18
29 1 L 19
30 0 U -1
# score :44 953304
# W : 521074 , H : 376383
31
0 0 U -1
1 0 U 0
2 1 U 1
3 1 U 2
4 0 U 3
5 0 U -1
6 1 U 5
7 0 U 6
8 0 U 7
9 0 U 8
10 1 U -1
11 0 U 10
12 1 U 11
13 1 U 12
14 1 U 13
15 0 U -1
16 1 U 15
17 1 U 16
18 1 U 17
19 0 U 18
20 0 U -1
21 0 U 20
22 1 U 21
23 1 U 22
24 1 U 23
25 0 L 15
26 0 L 16
27 1 L 17
28 0 L 18
29 1 L 19
30 1 U -1
# score :45 1061122
# W : 555350 , H : 375219
31
0 1 U -1
1 0 U 0
2 1 U 1
3 0 U 2
4 0 U 3
5 0 U -1
6 0 U 5
7 0 U 6
8 1 U 7
9 0 U 8
10 0 U -1
11 1 U 10
12 0 U 11
13 1 U 12
14 0 U 13
15 0 U -1
16 0 U 15
17 1 U 16
18 1 U 17
19 0 U 18
20 0 U -1
21 1 U 20
22 0 U 21
23 0 U 22
24 1 U 23
25 0 L 15
26 0 L 16
27 0 L 17
28 1 L 18
29 0 L 19
30 1 U -1
# score :46 1035104
# W : 499784 , H : 353668
31
0 0 U -1
1 1 U 0
2 1 U 1
3 1 U 2
4 0 U 3
5 0 U -1
6 1 U 5
7 0 U 6
8 0 U 7
9 1 U 8
10 0 U -1
11 0 U 10
12 0 U 11
13 0 U 12
14 1 U 13
15 1 U -1
16 1 U 15
17 0 U 16
18 0 U 17
19 1 U 18
20 0 U -1
21 1 U 20
22 1 U 21
23 0 U 22
24 1 U 23
25 1 L 15
26 0 L 16
27 0 L 17
28 1 L 18
29 1 L 19
30 0 U -1
# score :47 1029136
# W : 532765 , H : 409486
31
0 0 U -1
1 0 U 0
2 1 U 1
3 0 U 2
4 0 U 3
5 1 U -1
6 1 U 5
7 0 U 6
8 0 U 7
9 1 U 8
10 1 U -1
11 1 U 10
12 1 U 11
13 0 U 12
14 1 U 13
15 1 U -1
16 0 U 15
17 1 U 16
18 0 U 17
19 1 U 18
20 1 U -1
21 0 U 20
22 1 U 21
23 1 U 22
24 0 U 23
25 0 U -1
26 0 U 25
27 1 U 26
28 1 U 27
29 0 U 28
30 0 U -1
# score :48 870769
# W : 338712 , H : 487375
31
0 0 U -1
1 0 U 0
2 1 U 1
3 1 U 2
4 1 U 3
5 0 U -1
6 1 U 5
7 0 U 6
8 1 U 7
9 1 U 8
10 1 U -1
11 0 U 10
12 0 U 11
13 0 U 12
14 0 U 13
15 0 U -1
16 1 U 15
17 1 U 16
18 1 U 17
19 0 U 18
20 0 U -1
21 1 U 20
22 0 U 21
23 1 U 22
24 0 U 23
25 1 U -1
26 0 U 25
27 1 U 26
28 0 U 27
29 0 U 28
30 0 U -1
# score :49 824290
# W : 351057 , H : 427931
31
0 0 U -1
1 0 U 0
2 1 U 1
3 0 U 2
4 1 U 3
5 1 U -1
6 0 U 5
7 0 U 6
8 1 U 7
9 1 U 8
10 1 U -1
11 0 U 10
12 1 U 11
13 1 U 12
14 1 U 13
15 1 U -1
16 0 U 15
17 0 U 16
18 0 U 17
19 1 U 18
20 1 U -1
21 1 U 20
22 1 U 21
23 1 U 22
24 1 U 23
25 1 L 20
26 0 L 21
27 0 L 22
28 0 L 23
29 0 L 24
30 0 U -1
# score :50 945028
# W : 430709 , H : 420555
31
0 1 U -1
1 1 U 0
2 1 U 1
3 1 U 2
4 0 U 3
5 1 U -1
6 1 U 5
7 0 U 6
8 0 U 7
9 0 U 8
10 1 U -1
11 1 U 10
12 1 U 11
13 1 U 12
14 1 U 13
15 1 U -1
16 1 U 15
17 0 U 16
18 1 U 17
19 1 U 18
20 1 U -1
21 0 U 20
22 0 U 21
23 0 U 22
24 0 U 23
25 1 L 20
26 1 L 21
27 1 L 22
28 0 L 23
29 0 L 24
30 0 U -1
# score :51 1019327
# W : 481500 , H : 435864
31
0 1 U -1
1 0 U 0
2 0 U 1
3 1 U 2
4 1 U 3
5 0 U -1
6 0 U 5
7 1 U 6
8 1 U 7
9 1 U 8
10 0 U -1
11 0 U 10
12 1 U 11
13 0 U 12
14 0 U 13
15 0 U -1
16 1 U 15
17 0 U 16
18 0 U 17
19 0 U 18
20 0 U -1
21 0 U 20
22 1 U 21
23 0 U 22
24 1 U 23
25 0 L 15
26 0 L 16
27 0 L 17
28 0 L 18
29 0 L 19
30 0 U -1
# score :52 1001064
# W : 460082 , H : 416364
31
0 0 U -1
1 0 U 0
2 0 U 1
3 0 U 2
4 0 U 3
5 1 U -1
6 1 U 5
7 1 U 6
8 0 U 7
9 1 U 8
10 1 U -1
11 0 U 10
12 0 U 11
13 1 U 12
14 1 U 13
15 1 U -1
16 0 U 15
17 1 U 16
18 0 U 17
19 0 U 18
20 0 U -1
21 1 U 20
22 0 U 21
23 0 U 22
24 0 U 23
25 0 L 15
26 0 L 16
27 1 L 17
28 1 L 18
29 0 L 19
30 1 U -1
# score :53 1111104
# W : 620199 , H : 456948
31
0 1 U -1
1 1 U 0
2 0 U 1
3 1 U 2
4 0 U 3
5 1 U -1
6 1 U 5
7 1 U 6
8 1 U 7
9 0 U 8
10 1 U -1
11 1 U 10
12 0 U 11
13 0 U 12
14 0 U 13
15 1 U -1
16 0 U 15
17 1 U 16
18 0 U 17
19 1 U 18
20 0 U -1
21 0 U 20
22 0 U 21
23 0 U 22
24 1 U 23
25 1 L 15
26 1 L 16
27 1 L 17
28 1 L 18
29 0 L 19
30 1 U -1
# score :54 1139350
# W : 569562 , H : 407133
31
0 0 U -1
1 0 U 0
2 1 U 1
3 1 U 2
4 0 U 3
5 0 U -1
6 1 U 5
7 0 U 6
8 0 U 7
9 1 U 8
10 1 U -1
11 1 U 10
12 1 U 11
13 0 U 12
14 1 U 13
15 0 U -1
16 0 U 15
17 1 U 16
18 0 U 17
19 0 U 18
20 0 U -1
21 1 U 20
22 0 U 21
23 1 U 22
24 1 U 23
25 0 L 15
26 0 L 16
27 1 L 17
28 1 L 18
29 1 L 19
30 0 U -1
# score :55 1016109
# W : 586420 , H : 410220
31
0 1 U -1
1 1 U 0
2 0 U 1
3 1 U 2
4 1 U 3
5 0 U -1
6 1 U 5
7 0 U 6
8 0 U 7
9 0 U 8
10 0 U -1
11 0 U 10
12 0 U 11
13 1 U 12
14 1 U 13
15 0 U -1
16 0 U 15
17 0 U 16
18 0 U 17
19 1 U 18
20 1 U -1
21 1 U 20
22 0 U 21
23 0 U 22
24 1 U 23
25 0 U -1
26 1 U 25
27 0 U 26
28 0 U 27
29 1 U 28
30 0 U -1
# score :56 886224
# W : 318489 , H : 482097
31
0 1 U -1
1 1 U 0
2 1 U 1
3 0 U 2
4 1 U 3
5 1 U -1
6 0 U 5
7 1 U 6
8 1 U 7
9 1 U 8
10 0 U -1
11 1 U 10
12 0 U 11
13 0 U 12
14 0 U 13
15 1 U -1
16 0 U 15
17 1 U 16
18 1 U 17
19 1 U 18
20 1 U -1
21 1 U 20
22 1 U 21
23 0 U 22
24 1 U 23
25 0 U -1
26 1 U 25
27 1 U 26
28 1 U 27
29 1 U 28
30 1 U -1
# score :57 915104
# W : 380536 , H : 439133
31
0 1 U -1
1 0 U 0
2 0 U 1
3 1 U 2
4 1 U 3
5 0 U -1
6 0 U 5
7 1 U 6
8 0 U 7
9 0 U 8
10 0 U -1
11 0 U 10
12 1 U 11
13 1 U 12
14 1 U 13
15 1 U -1
16 1 U 15
17 1 U 16
18 0 U 17
19 0 U 18
20 1 U -1
21 0 U 20
22 1 U 21
23 1 U 22
24 1 U 23
25 0 L 20
26 0 L 21
27 1 L 22
28 0 L 23
29 1 L 24
30 0 U -1
# score :58 985383
# W : 473661 , H : 450032
31
0 1 U -1
1 0 U 0
2 0 U 1
3 1 U 2
4 0 U 3
5 1 U -1
6 0 U 5
7 1 U 6
8 1 U 7
9 0 U 8
10 0 U -1
11 0 U 10
12 0 U 11
13 0 U 12
14 1 U 13
15 0 U -1
16 1 U 15
17 1 U 16
18 1 U 17
19 1 U 18
20 1 U -1
21 0 U 20
22 1 U 21
23 0 U 22
24 1 U 23
25 0 L 20
26 0 L 21
27 1 L 22
28 1 L 23
29 0 L 24
30 1 U -1
# score :59 1047413
# W : 436245 , H : 425546
31
0 0 U -1
1 0 U 0
2 1 U 1
3 1 U 2
4 0 U 3
5 0 U -1
6 0 U 5
7 1 U 6
8 0 U 7
9 0 U 8
10 0 U -1
11 1 U 10
12 1 U 11
13 1 U 12
14 0 U 13
15 0 U -1
16 1 U 15
17 1 U 16
18 0 U 17
19 1 U 18
20 0 U -1
21 0 U 20
22 0 U 21
23 1 U 22
24 0 U 23
25 1 L 15
26 0 L 16
27 0 L 17
28 0 L 18
29 1 L 19
30 0 U -1
# score :60 1016651
# W : 556024 , H : 398770
31
0 1 U -1
1 0 U 0
2 1 U 1
3 1 U 2
4 0 U 3
5 0 U -1
6 1 U 5
7 1 U 6
8 1 U 7
9 0 U 8
10 1 U -1
11 1 U 10
12 1 U 11
13 0 U 12
14 0 U 13
15 1 U -1
16 0 U 15
17 1 U 16
18 0 U 17
19 0 U 18
20 1 U -1
21 1 U 20
22 0 U 21
23 0 U 22
24 1 U 23
25 1 L 15
26 0 L 16
27 0 L 17
28 1 L 18
29 1 L 19
30 1 U -1
# score :61 999616
# W : 495640 , H : 416040
31
0 1 U -1
1 0 U 0
2 1 U 1
3 0 U 2
4 0 U 3
5 0 U -1
6 0 U 5
7 0 U 6
8 0 U 7
9 1 U 8
10 1 U -1
11 1 U 10
12 1 U 11
13 0 U 12
14 0 U 13
15 0 U -1
16 1 U 15
17 0 U 16
18 0 U 17
19 1 U 18
20 0 U -1
21 0 U 20
22 1 U 21
23 0 U 22
24 1 U 23
25 0 L 15
26 1 L 16
27 0 L 17
28 1 L 18
29 0 L 19
30 0 U -1
# score :62 1034101
# W : 445168 , H : 471737
31
0 0 U -1
1 0 U 0
2 1 U 1
3 1 U 2
4 0 U 3
5 1 U -1
6 0 U 5
7 1 U 6
8 1 U 7
9 0 U 8
10 0 U -1
11 1 U 10
12 0 U 11
13 0 U 12
14 0 U 13
15 0 U -1
16 0 U 15
17 0 U 16
18 0 U 17
19 1 U 18
20 1 U -1
21 0 U 20
22 0 U 21
23 0 U 22
24 1 U 23
25 0 L 15
26 1 L 16
27 1 L 17
28 1 L 18
29 0 L 19
30 0 U -1
# score :63 1018732
# W : 463457 , H : 367359
31
0 0 U -1
1 1 U 0
2 0 U 1
3 0 U 2
4 0 U 3
5 0 U -1
6 0 U 5
7 0 U 6
8 0 U 7
9 1 U 8
10 1 U -1
11 0 U 10
12 0 U 11
13 1 U 12
14 1 U 13
15 0 U -1
16 0 U 15
17 1 U 16
18 1 U 17
19 1 U 18
20 0 U -1
21 1 U 20
22 1 U 21
23 1 U 22
24 0 U 23
25 0 U -1
26 0 U 25
27 0 U 26
28 1 U 27
29 1 U 28
30 0 U -1
# score :64 864514
# W : 350752 , H : 428022
31
0 0 U -1
1 1 U 0
2 0 U 1
3 0 U 2
4 0 U 3
5 1 U -1
6 1 U 5
7 0 U 6
8 1 U 7
9 0 U 8
10 1 U -1
11 1 U 10
12 0 U 11
13 1 U 12
14 1 U 13
15 0 U -1
16 0 U 15
17 0 U 16
18 0 U 17
19 0 U 18
20 0 U -1
21 1 U 20
22 1 U 21
23 0 U 22
24 1 U 23
25 1 U -1
26 1 U 25
27 0 U 26
28 1 U 27
29 0 U 28
30 1 U -1
# score :65 923272
# W : 345085 , H : 488718
31
0 0 U -1
1 1 U 0
2 1 U 1
3 0 U 2
4 1 U 3
5 0 U -1
6 0 U 5
7 0 U 6
8 0 U 7
9 0 U 8
10 0 U -1
11 0 U 10
12 1 U 11
13 0 U 12
14 0 U 13
15 1 U -1
16 0 U 15
17 1 U 16
18 1 U 17
19 1 U 18
20 0 U -1
21 0 U 20
22 1 U 21
23 0 U 22
24 0 U 23
25 1 L 20
26 1 L 21
27 1 L 22
28 0 L 23
29 0 L 24
30 0 U -1
# score :66 1077378
# W : 558097 , H : 428161
31
0 1 U -1
1 0 U 0
2 0 U 1
3 0 U 2
4 1 U 3
5 1 U -1
6 1 U 5
7 1 U 6
8 0 U 7
9 1 U 8
10 1 U -1
11 1 U 10
12 1 U 11
13 0 U 12
14 0 U 13
15 0 U -1
16 0 U 15
17 0 U 16
18 1 U 17
19 0 U 18
20 1 U -1
21 1 U 20
22 0 U 21
23 1 U 22
24 0 U 23
25 0 L 20
26 1 L 21
27 1 L 22
28 1 L 23
29 0 L 24
30 0 U -1
# score :67 983927
# W : 591838 , H : 445202
31
0 0 U -1
1 0 U 0
2 0 U 1
3 1 U 2
4 1 U 3
5 1 U -1
6 0 U 5
7 0 U 6
8 1 U 7
9 0 U 8
10 1 U -1
11 0 U 10
12 1 U 11
13 0 U 12
14 1 U 13
15 1 U -1
16 1 U 15
17 1 U 16
18 0 U 17
19 1 U 18
20 0 U -1
21 0 U 20
22 1 U 21
23 0 U 22
24 1 U 23
25 1 L 15
26 0 L 16
27 0 L 17
28 0 L 18
29 1 L 19
30 1 U -1
# score :68 977444
# W : 515219 , H : 372283
31
0 1 U -1
1 1 U 0
2 1 U 1
3 1 U 2
4 1 U 3
5 1 U -1
6 1 U 5
7 1 U 6
8 0 U 7
9 0 U 8
10 1 U -1
11 1 U 10
12 1 U 11
13 1 U 12
14 0 U 13
15 1 U -1
16 1 U 15
17 0 U 16
18 1 U 17
19 0 U 18
20 1 U -1
21 0 U 20
22 0 U 21
23 0 U 22
24 1 U 23
25 1 L 15
26 1 L 16
27 1 L 17
28 0 L 18
29 1 L 19
30 0 U -1
# score :69 979285
# W : 524881 , H : 392716
