30
0 0 U -1
1 0 U 0
2 0 U 1
3 0 U 2
4 0 U 3
5 0 U -1
6 0 U 5
7 0 U 6
8 0 U 7
9 0 U 8
10 0 U -1
11 0 U 10
12 0 U 11
13 0 U 12
14 0 U 13
15 0 U -1
16 0 U 15
17 0 U 16
18 0 U 17
19 0 U 18
20 0 U -1
21 0 U 20
22 0 U 21
23 0 U 22
24 0 U 23
25 0 U -1
26 0 U 25
27 0 U 26
28 0 U 27
29 0 U 28
# score :0 931560
# W : 377428 , H : 515302
30
0 0 U -1
1 1 U 0
2 1 U 1
3 1 U 2
4 1 U 3
5 0 U -1
6 0 U 5
7 1 U 6
8 1 U 7
9 1 U 8
10 1 U -1
11 1 U 10
12 0 U 11
13 1 U 12
14 0 U 13
15 1 U -1
16 1 U 15
17 1 U 16
18 0 U 17
19 0 U 18
20 1 U -1
21 0 U 20
22 1 U 21
23 0 U 22
24 1 U 23
25 0 U -1
26 1 U 25
27 1 U 26
28 1 U 27
29 0 U 28
# score :1 907245
# W : 423037 , H : 460707
30
0 0 U -1
1 0 U 0
2 0 U 1
3 0 U 2
4 0 U 3
5 0 U -1
6 0 U 5
7 0 U 6
8 0 U 7
9 0 U 8
10 0 U -1
11 0 U 10
12 0 U 11
13 0 U 12
14 0 U 13
15 0 U -1
16 0 U 15
17 0 U 16
18 0 U 17
19 0 U 18
20 0 U -1
21 0 U 20
22 0 U 21
23 0 U 22
24 0 U 23
25 0 L 20
26 0 L 21
27 0 L 22
28 0 L 23
29 0 L 24
# score :2 988926
# W : 517303 , H : 498484
30
0 0 U -1
1 1 U 0
2 1 U 1
3 1 U 2
4 1 U 3
5 0 U -1
6 0 U 5
7 1 U 6
8 1 U 7
9 1 U 8
10 1 U -1
11 1 U 10
12 0 U 11
13 1 U 12
14 0 U 13
15 1 U -1
16 1 U 15
17 1 U 16
18 0 U 17
19 0 U 18
20 1 U -1
21 0 U 20
22 1 U 21
23 0 U 22
24 1 U 23
25 0 L 20
26 1 L 21
27 1 L 22
28 1 L 23
29 0 L 24
# score :3 1026906
# W : 483477 , H : 407161
30
0 0 U -1
1 0 U 0
2 0 U 1
3 0 U 2
4 0 U 3
5 0 U -1
6 0 U 5
7 0 U 6
8 0 U 7
9 0 U 8
10 0 U -1
11 0 U 10
12 0 U 11
13 0 U 12
14 0 U 13
15 0 U -1
16 0 U 15
17 0 U 16
18 0 U 17
19 0 U 18
20 0 U -1
21 0 U 20
22 0 U 21
23 0 U 22
24 0 U 23
25 0 L 15
26 0 L 16
27 0 L 17
28 0 L 18
29 0 L 19
# score :4 1054485
# W : 573547 , H : 434835
30
0 0 U -1
1 1 U 0
2 1 U 1
3 1 U 2
4 1 U 3
5 0 U -1
6 0 U 5
7 1 U 6
8 1 U 7
9 1 U 8
10 1 U -1
11 1 U 10
12 0 U 11
13 1 U 12
14 0 U 13
15 1 U -1
16 1 U 15
17 1 U 16
18 0 U 17
19 0 U 18
20 1 U -1
21 0 U 20
22 1 U 21
23 0 U 22
24 1 U 23
25 0 L 15
26 1 L 16
27 1 L 17
28 1 L 18
29 0 L 19
# score :5 1175705
# W : 687933 , H : 385856
30
0 0 U -1
1 0 U 0
2 0 U 1
3 0 U 2
4 0 U 3
5 0 U -1
6 0 U 5
7 0 U 6
8 0 U 7
9 0 U 8
10 0 U -1
11 0 U 10
12 0 U 11
13 0 U 12
14 0 U 13
15 0 U -1
16 0 U 15
17 0 U 16
18 0 U 17
19 0 U 18
20 0 U -1
21 0 U 20
22 0 U 21
23 0 U 22
24 0 U 23
25 0 L 15
26 0 L 16
27 0 L 17
28 0 L 18
29 0 L 19
# score :6 1054485
# W : 575350 , H : 432681
30
0 0 U -1
1 1 U 0
2 1 U 1
3 1 U 2
4 1 U 3
5 0 U -1
6 0 U 5
7 1 U 6
8 1 U 7
9 1 U 8
10 1 U -1
11 1 U 10
12 0 U 11
13 1 U 12
14 0 U 13
15 1 U -1
16 1 U 15
17 1 U 16
18 0 U 17
19 0 U 18
20 1 U -1
21 0 U 20
22 1 U 21
23 0 U 22
24 1 U 23
25 0 L 15
26 1 L 16
27 1 L 17
28 1 L 18
29 0 L 19
# score :7 1175705
# W : 697369 , H : 391008
30
0 1 U -1
1 0 U 0
2 1 U 1
3 0 U 2
4 1 U 3
5 0 U -1
6 0 U 5
7 0 U 6
8 0 U 7
9 0 U 8
10 0 U -1
11 1 U 10
12 1 U 11
13 1 U 12
14 0 U 13
15 1 U -1
16 0 U 15
17 0 U 16
18 0 U 17
19 1 U 18
20 0 U -1
21 0 U 20
22 1 U 21
23 1 U 22
24 1 U 23
25 1 U -1
26 1 U 25
27 1 U 26
28 1 U 27
29 1 U 28
# score :8 931534
# W : 368961 , H : 548326
30
0 0 U -1
1 0 U 0
2 0 U 1
3 1 U 2
4 1 U 3
5 0 U -1
6 0 U 5
7 1 U 6
8 0 U 7
9 0 U 8
10 0 U -1
11 0 U 10
12 0 U 11
13 1 U 12
14 1 U 13
15 0 U -1
16 0 U 15
17 0 U 16
18 1 U 17
19 0 U 18
20 1 U -1
21 1 U 20
22 0 U 21
23 0 U 22
24 1 U 23
25 1 U -1
26 0 U 25
27 1 U 26
28 0 U 27
29 0 U 28
# score :9 910358
# W : 387366 , H : 489579
30
0 0 U -1
1 1 U 0
2 0 U 1
3 0 U 2
4 1 U 3
5 1 U -1
6 1 U 5
7 1 U 6
8 0 U 7
9 1 U 8
10 0 U -1
11 1 U 10
12 0 U 11
13 1 U 12
14 0 U 13
15 1 U -1
16 1 U 15
17 0 U 16
18 0 U 17
19 0 U 18
20 0 U -1
21 1 U 20
22 0 U 21
23 1 U 22
24 0 U 23
25 0 L 20
26 1 L 21
27 1 L 22
28 0 L 23
29 1 L 24
# score :10 1060931
# W : 538273 , H : 492056
30
0 1 U -1
1 1 U 0
2 0 U 1
3 0 U 2
4 0 U 3
5 1 U -1
6 1 U 5
7 1 U 6
8 0 U 7
9 0 U 8
10 0 U -1
11 0 U 10
12 1 U 11
13 1 U 12
14 1 U 13
15 1 U -1
16 0 U 15
17 1 U 16
18 0 U 17
19 0 U 18
20 1 U -1
21 1 U 20
22 0 U 21
23 1 U 22
24 0 U 23
25 0 L 20
26 1 L 21
27 0 L 22
28 1 L 23
29 1 L 24
# score :11 1054711
# W : 548309 , H : 463521
30
0 0 U -1
1 1 U 0
2 0 U 1
3 1 U 2
4 1 U 3
5 1 U -1
6 0 U 5
7 1 U 6
8 1 U 7
9 0 U 8
10 1 U -1
11 1 U 10
12 1 U 11
13 1 U 12
14 0 U 13
15 0 U -1
16 0 U 15
17 0 U 16
18 0 U 17
19 0 U 18
20 1 U -1
21 1 U 20
22 1 U 21
23 0 U 22
24 1 U 23
25 0 L 15
26 0 L 16
27 0 L 17
28 0 L 18
29 0 L 19
# score :12 936841
# W : 666986 , H : 392870
30
0 0 U -1
1 0 U 0
2 1 U 1
3 0 U 2
4 0 U 3
5 1 U -1
6 0 U 5
7 0 U 6
8 1 U 7
9 0 U 8
10 0 U -1
11 0 U 10
12 1 U 11
13 1 U 12
14 1 U 13
15 1 U -1
16 0 U 15
17 0 U 16
18 1 U 17
19 0 U 18
20 1 U -1
21 1 U 20
22 1 U 21
23 1 U 22
24 0 U 23
25 1 L 15
26 1 L 16
27 0 L 17
28 1 L 18
29 1 L 19
# score :13 1050680
# W : 621959 , H : 417764
30
0 1 U -1
1 1 U 0
2 0 U 1
3 1 U 2
4 1 U 3
5 1 U -1
6 1 U 5
7 0 U 6
8 0 U 7
9 0 U 8
10 0 U -1
11 1 U 10
12 0 U 11
13 1 U 12
14 1 U 13
15 1 U -1
16 1 U 15
17 0 U 16
18 0 U 17
19 0 U 18
20 1 U -1
21 0 U 20
22 1 U 21
23 1 U 22
24 0 U 23
25 0 L 15
26 0 L 16
27 0 L 17
28 0 L 18
29 0 L 19
# score :14 1043372
# W : 529377 , H : 447503
30
0 1 U -1
1 1 U 0
2 0 U 1
3 0 U 2
4 0 U 3
5 0 U -1
6 1 U 5
7 0 U 6
8 0 U 7
9 1 U 8
10 0 U -1
11 1 U 10
12 1 U 11
13 0 U 12
14 0 U 13
15 0 U -1
16 1 U 15
17 0 U 16
18 1 U 17
19 1 U 18
20 1 U -1
21 1 U 20
22 0 U 21
23 0 U 22
24 0 U 23
25 0 L 15
26 0 L 16
27 0 L 17
28 1 L 18
29 1 L 19
# score :15 1081677
# W : 489767 , H : 461873
30
0 0 U -1
1 0 U 0
2 0 U 1
3 1 U 2
4 0 U 3
5 1 U -1
6 0 U 5
7 0 U 6
8 0 U 7
9 0 U 8
10 1 U -1
11 1 U 10
12 1 U 11
13 1 U 12
14 0 U 13
15 0 U -1
16 0 U 15
17 1 U 16
18 0 U 17
19 1 U 18
20 0 U -1
21 0 U 20
22 1 U 21
23 1 U 22
24 0 U 23
25 0 U -1
26 0 U 25
27 0 U 26
28 1 U 27
29 0 U 28
# score :16 945516
# W : 367451 , H : 529259
30
0 1 U -1
1 0 U 0
2 1 U 1
3 1 U 2
4 1 U 3
5 1 U -1
6 1 U 5
7 0 U 6
8 1 U 7
9 1 U 8
10 1 U -1
11 0 U 10
12 0 U 11
13 0 U 12
14 0 U 13
15 0 U -1
16 1 U 15
17 0 U 16
18 1 U 17
19 0 U 18
20 0 U -1
21 0 U 20
22 0 U 21
23 1 U 22
24 1 U 23
25 0 U -1
26 0 U 25
27 1 U 26
28 1 U 27
29 1 U 28
# score :17 918124
# W : 387245 , H : 492974
30
0 0 U -1
1 1 U 0
2 0 U 1
3 0 U 2
4 0 U 3
5 0 U -1
6 0 U 5
7 0 U 6
8 1 U 7
9 1 U 8
10 1 U -1
11 1 U 10
12 0 U 11
13 0 U 12
14 0 U 13
15 1 U -1
16 0 U 15
17 1 U 16
18 1 U 17
19 0 U 18
20 1 U -1
21 1 U 20
22 0 U 21
23 0 U 22
24 1 U 23
25 0 L 20
26 1 L 21
27 1 L 22
28 1 L 23
29 0 L 24
# score :18 1006243
# W : 391355 , H : 459899
30
0 1 U -1
1 1 U 0
2 1 U 1
3 0 U 2
4 1 U 3
5 0 U -1
6 1 U 5
7 0 U 6
8 1 U 7
9 0 U 8
10 0 U -1
11 0 U 10
12 1 U 11
13 0 U 12
14 1 U 13
15 1 U -1
16 1 U 15
17 1 U 16
18 1 U 17
19 1 U 18
20 1 U -1
21 0 U 20
22 1 U 21
23 0 U 22
24 0 U 23
25 0 L 20
26 0 L 21
27 1 L 22
28 0 L 23
29 1 L 24
# score :19 1011469
# W : 432302 , H : 441489
30
0 0 U -1
1 1 U 0
2 0 U 1
3 1 U 2
4 1 U 3
5 1 U -1
6 0 U 5
7 0 U 6
8 0 U 7
9 0 U 8
10 0 U -1
11 0 U 10
12 0 U 11
13 0 U 12
14 0 U 13
15 0 U -1
16 1 U 15
17 0 U 16
18 1 U 17
19 1 U 18
20 1 U -1
21 1 U 20
22 0 U 21
23 0 U 22
24 0 U 23
25 1 L 15
26 1 L 16
27 0 L 17
28 1 L 18
29 0 L 19
# score :20 1080593
# W : 516541 , H : 433905
30
0 1 U -1
1 0 U 0
2 0 U 1
3 1 U 2
4 1 U 3
5 0 U -1
6 0 U 5
7 0 U 6
8 0 U 7
9 1 U 8
10 1 U -1
11 1 U 10
12 1 U 11
13 0 U 12
14 1 U 13
15 0 U -1
16 1 U 15
17 1 U 16
18 1 U 17
19 0 U 18
20 0 U -1
21 1 U 20
22 1 U 21
23 0 U 22
24 0 U 23
25 1 L 15
26 0 L 16
27 0 L 17
28 0 L 18
29 0 L 19
# score :21 943972
# W : 564949 , H : 450501
30
0 1 U -1
1 0 U 0
2 1 U 1
3 1 U 2
4 1 U 3
5 1 U -1
6 1 U 5
7 1 U 6
8 0 U 7
9 1 U 8
10 0 U -1
11 1 U 10
12 1 U 11
13 1 U 12
14 0 U 13
15 0 U -1
16 1 U 15
17 1 U 16
18 1 U 17
19 1 U 18
20 1 U -1
21 1 U 20
22 1 U 21
23 1 U 22
24 1 U 23
25 0 L 15
26 0 L 16
27 0 L 17
28 0 L 18
29 0 L 19
# score :22 1069933
# W : 557860 , H : 434033
30
0 0 U -1
1 0 U 0
2 1 U 1
3 1 U 2
4 1 U 3
5 0 U -1
6 0 U 5
7 1 U 6
8 0 U 7
9 1 U 8
10 0 U -1
11 1 U 10
12 1 U 11
13 0 U 12
14 0 U 13
15 0 U -1
16 0 U 15
17 0 U 16
18 1 U 17
19 1 U 18
20 0 U -1
21 1 U 20
22 0 U 21
23 0 U 22
24 0 U 23
25 0 L 15
26 1 L 16
27 0 L 17
28 1 L 18
29 1 L 19
# score :23 1055970
# W : 456926 , H : 451963
30
0 0 U -1
1 0 U 0
2 0 U 1
3 1 U 2
4 1 U 3
5 1 U -1
6 1 U 5
7 0 U 6
8 1 U 7
9 0 U 8
10 0 U -1
11 0 U 10
12 0 U 11
13 0 U 12
14 0 U 13
15 0 U -1
16 0 U 15
17 1 U 16
18 0 U 17
19 0 U 18
20 0 U -1
21 1 U 20
22 0 U 21
23 0 U 22
24 0 U 23
25 0 U -1
26 0 U 25
27 0 U 26
28 1 U 27
29 1 U 28
# score :24 938409
# W : 388329 , H : 477530
30
0 1 U -1
1 1 U 0
2 1 U 1
3 1 U 2
4 1 U 3
5 1 U -1
6 0 U 5
7 0 U 6
8 0 U 7
9 0 U 8
10 0 U -1
11 0 U 10
12 0 U 11
13 1 U 12
14 1 U 13
15 1 U -1
16 0 U 15
17 1 U 16
18 1 U 17
19 0 U 18
20 1 U -1
21 1 U 20
22 0 U 21
23 0 U 22
24 0 U 23
25 1 U -1
26 1 U 25
27 1 U 26
28 1 U 27
29 0 U 28
# score :25 880990
# W : 365434 , H : 487501
30
0 0 U -1
1 1 U 0
2 0 U 1
3 0 U 2
4 0 U 3
5 1 U -1
6 0 U 5
7 1 U 6
8 1 U 7
9 0 U 8
10 1 U -1
11 1 U 10
12 1 U 11
13 0 U 12
14 0 U 13
15 1 U -1
16 0 U 15
17 0 U 16
18 1 U 17
19 1 U 18
20 1 U -1
21 0 U 20
22 1 U 21
23 0 U 22
24 0 U 23
25 0 L 20
26 1 L 21
27 0 L 22
28 1 L 23
29 0 L 24
# score :26 1051033
# W : 549569 , H : 492083
30
0 1 U -1
1 0 U 0
2 1 U 1
3 1 U 2
4 0 U 3
5 1 U -1
6 0 U 5
7 1 U 6
8 0 U 7
9 1 U 8
10 1 U -1
11 0 U 10
12 1 U 11
13 0 U 12
14 0 U 13
15 0 U -1
16 1 U 15
17 0 U 16
18 1 U 17
19 0 U 18
20 0 U -1
21 1 U 20
22 1 U 21
23 1 U 22
24 1 U 23
25 0 L 20
26 0 L 21
27 1 L 22
28 0 L 23
29 0 L 24
# score :27 1040918
# W : 559434 , H : 493666
30
0 0 U -1
1 0 U 0
2 0 U 1
3 1 U 2
4 0 U 3
5 0 U -1
6 0 U 5
7 1 U 6
8 1 U 7
9 1 U 8
10 0 U -1
11 1 U 10
12 1 U 11
13 0 U 12
14 1 U 13
15 1 U -1
16 1 U 15
17 1 U 16
18 0 U 17
19 1 U 18
20 1 U -1
21 0 U 20
22 0 U 21
23 1 U 22
24 0 U 23
25 0 L 15
26 0 L 16
27 0 L 17
28 1 L 18
29 0 L 19
# score :28 1039426
# W : 563309 , H : 428799
30
0 1 U -1
1 1 U 0
2 0 U 1
3 0 U 2
4 0 U 3
5 0 U -1
6 1 U 5
7 0 U 6
8 0 U 7
9 1 U 8
10 0 U -1
11 0 U 10
12 0 U 11
13 1 U 12
14 1 U 13
15 1 U -1
16 0 U 15
17 0 U 16
18 0 U 17
19 1 U 18
20 1 U -1
21 1 U 20
22 1 U 21
23 1 U 22
24 1 U 23
25 0 L 15
26 0 L 16
27 0 L 17
28 0 L 18
29 1 L 19
# score :29 1054416
# W : 589814 , H : 445037
30
0 0 U -1
1 1 U 0
2 1 U 1
3 1 U 2
4 1 U 3
5 0 U -1
6 1 U 5
7 1 U 6
8 0 U 7
9 1 U 8
10 1 U -1
11 0 U 10
12 0 U 11
13 1 U 12
14 0 U 13
15 0 U -1
16 0 U 15
17 0 U 16
18 1 U 17
19 0 U 18
20 0 U -1
21 1 U 20
22 0 U 21
23 1 U 22
24 0 U 23
25 1 L 15
26 1 L 16
27 1 L 17
28 0 L 18
29 1 L 19
# score :30 1000486
# W : 492899 , H : 391945
30
0 1 U -1
1 1 U 0
2 0 U 1
3 1 U 2
4 0 U 3
5 1 U -1
6 1 U 5
7 1 U 6
8 1 U 7
9 1 U 8
10 0 U -1
11 0 U 10
12 1 U 11
13 1 U 12
14 1 U 13
15 1 U -1
16 0 U 15
17 1 U 16
18 1 U 17
19 0 U 18
20 1 U -1
21 1 U 20
22 0 U 21
23 1 U 22
24 1 U 23
25 0 L 15
26 1 L 16
27 0 L 17
28 0 L 18
29 0 L 19
# score :31 1027454
# W : 642896 , H : 419688
30
0 0 U -1
1 0 U 0
2 0 U 1
3 0 U 2
4 0 U 3
5 1 U -1
6 0 U 5
7 0 U 6
8 0 U 7
9 1 U 8
10 0 U -1
11 1 U 10
12 0 U 11
13 0 U 12
14 1 U 13
15 0 U -1
16 0 U 15
17 1 U 16
18 1 U 17
19 1 U 18
20 0 U -1
21 0 U 20
22 1 U 21
23 1 U 22
24 0 U 23
25 0 U -1
26 1 U 25
27 1 U 26
28 1 U 27
29 1 U 28
# score :32 907995
# W : 340377 , H : 542583
30
0 1 U -1
1 0 U 0
2 1 U 1
3 1 U 2
4 0 U 3
5 0 U -1
6 1 U 5
7 1 U 6
8 1 U 7
9 1 U 8
10 0 U -1
11 0 U 10
12 0 U 11
13 0 U 12
14 0 U 13
15 0 U -1
16 0 U 15
17 0 U 16
18 0 U 17
19 0 U 18
20 1 U -1
21 1 U 20
22 1 U 21
23 1 U 22
24 1 U 23
25 0 U -1
26 1 U 25
27 1 U 26
28 1 U 27
29 1 U 28
# score :33 924782
# W : 396728 , H : 473300
30
0 1 U -1
1 0 U 0
2 0 U 1
3 1 U 2
4 0 U 3
5 0 U -1
6 0 U 5
7 0 U 6
8 1 U 7
9 0 U 8
10 0 U -1
11 0 U 10
12 1 U 11
13 1 U 12
14 1 U 13
15 1 U -1
16 1 U 15
17 0 U 16
18 0 U 17
19 1 U 18
20 1 U -1
21 1 U 20
22 0 U 21
23 0 U 22
24 1 U 23
25 0 L 20
26 1 L 21
27 1 L 22
28 0 L 23
29 0 L 24
# score :34 1052965
# W : 498977 , H : 478499
