34
0 0 U -1
1 0 U 0
2 0 U 1
3 0 U 2
4 0 U 3
5 0 U -1
6 0 U 5
7 0 U 6
8 0 U 7
9 0 U 8
10 0 U -1
11 0 U 10
12 0 U 11
13 0 U 12
14 0 U 13
15 0 U -1
16 0 U 15
17 0 U 16
18 0 U 17
19 0 U 18
20 0 U -1
21 0 U 20
22 0 U 21
23 0 U 22
24 0 U 23
25 0 U -1
26 0 U 25
27 0 U 26
28 0 U 27
29 0 U 28
30 0 U -1
31 0 U 30
32 0 U 31
33 0 U 32
# score :0 997651
# W : 401273 , H : 602553
34
0 0 U -1
1 1 U 0
2 0 U 1
3 0 U 2
4 1 U 3
5 0 U -1
6 0 U 5
7 0 U 6
8 0 U 7
9 1 U 8
10 1 U -1
11 1 U 10
12 1 U 11
13 0 U 12
14 1 U 13
15 0 U -1
16 1 U 15
17 0 U 16
18 1 U 17
19 1 U 18
20 1 U -1
21 0 U 20
22 0 U 21
23 1 U 22
24 0 U 23
25 0 U -1
26 0 U 25
27 0 U 26
28 1 U 27
29 1 U 28
30 0 U -1
31 0 U 30
32 0 U 31
33 1 U 32
# score :1 990441
# W : 420572 , H : 523678
34
0 0 U -1
1 0 U 0
2 0 U 1
3 0 U 2
4 0 U 3
5 0 U -1
6 0 U 5
7 0 U 6
8 0 U 7
9 0 U 8
10 0 U -1
11 0 U 10
12 0 U 11
13 0 U 12
14 0 U 13
15 0 U -1
16 0 U 15
17 0 U 16
18 0 U 17
19 0 U 18
20 0 U -1
21 0 U 20
22 0 U 21
23 0 U 22
24 0 U 23
25 0 L 20
26 0 L 21
27 0 L 22
28 0 L 23
29 0 L 24
30 0 U -1
31 0 U 30
32 0 U 31
33 0 U 32
# score :2 1133610
# W : 488052 , H : 552182
34
0 0 U -1
1 1 U 0
2 0 U 1
3 0 U 2
4 1 U 3
5 0 U -1
6 0 U 5
7 0 U 6
8 0 U 7
9 1 U 8
10 1 U -1
11 1 U 10
12 1 U 11
13 0 U 12
14 1 U 13
15 0 U -1
16 1 U 15
17 0 U 16
18 1 U 17
19 1 U 18
20 1 U -1
21 0 U 20
22 0 U 21
23 1 U 22
24 0 U 23
25 0 L 20
26 0 L 21
27 0 L 22
28 1 L 23
29 1 L 24
30 0 U -1
31 0 U 30
32 0 U 31
33 1 U 32
# score :3 957082
# W : 545679 , H : 504463
34
0 0 U -1
1 0 U 0
2 0 U 1
3 0 U 2
4 0 U 3
5 0 U -1
6 0 U 5
7 0 U 6
8 0 U 7
9 0 U 8
10 0 U -1
11 0 U 10
12 0 U 11
13 0 U 12
14 0 U 13
15 0 U -1
16 0 U 15
17 0 U 16
18 0 U 17
19 0 U 18
20 0 U -1
21 0 U 20
22 0 U 21
23 0 U 22
24 0 U 23
25 0 L 15
26 0 L 16
27 0 L 17
28 0 L 18
29 0 L 19
30 0 U -1
31 0 U 30
32 0 U 31
33 0 U 32
# score :4 1157527
# W : 631811 , H : 523900
34
0 0 U -1
1 1 U 0
2 0 U 1
3 0 U 2
4 1 U 3
5 0 U -1
6 0 U 5
7 0 U 6
8 0 U 7
9 1 U 8
10 1 U -1
11 1 U 10
12 1 U 11
13 0 U 12
14 1 U 13
15 0 U -1
16 1 U 15
17 0 U 16
18 1 U 17
19 1 U 18
20 1 U -1
21 0 U 20
22 0 U 21
23 1 U 22
24 0 U 23
25 0 L 15
26 0 L 16
27 0 L 17
28 1 L 18
29 1 L 19
30 0 U -1
31 0 U 30
32 0 U 31
33 1 U 32
# score :5 1182968
# W : 719560 , H : 463923
34
0 0 U -1
1 0 U 0
2 0 U 1
3 0 U 2
4 0 U 3
5 0 U -1
6 0 U 5
7 0 U 6
8 0 U 7
9 0 U 8
10 0 U -1
11 0 U 10
12 0 U 11
13 0 U 12
14 0 U 13
15 0 U -1
16 0 U 15
17 0 U 16
18 0 U 17
19 0 U 18
20 0 U -1
21 0 U 20
22 0 U 21
23 0 U 22
24 0 U 23
25 0 L 15
26 0 L 16
27 0 L 17
28 0 L 18
29 0 L 19
30 0 U -1
31 0 U 30
32 0 U 31
33 0 U 32
# score :6 1157527
# W : 652660 , H : 515496
34
0 0 U -1
1 1 U 0
2 0 U 1
3 0 U 2
4 1 U 3
5 0 U -1
6 0 U 5
7 0 U 6
8 0 U 7
9 1 U 8
10 1 U -1
11 1 U 10
12 1 U 11
13 0 U 12
14 1 U 13
15 0 U -1
16 1 U 15
17 0 U 16
18 1 U 17
19 1 U 18
20 1 U -1
21 0 U 20
22 0 U 21
23 1 U 22
24 0 U 23
25 0 L 15
26 0 L 16
27 0 L 17
28 1 L 18
29 1 L 19
30 0 U -1
31 0 U 30
32 0 U 31
33 1 U 32
# score :7 1182968
# W : 710905 , H : 457184
34
0 0 U -1
1 1 U 0
2 1 U 1
3 1 U 2
4 1 U 3
5 1 U -1
6 1 U 5
7 1 U 6
8 1 U 7
9 0 U 8
10 0 U -1
11 1 U 10
12 1 U 11
13 1 U 12
14 1 U 13
15 0 U -1
16 1 U 15
17 0 U 16
18 1 U 17
19 1 U 18
20 1 U -1
21 1 U 20
22 0 U 21
23 1 U 22
24 0 U 23
25 0 U -1
26 1 U 25
27 1 U 26
28 0 U 27
29 1 U 28
30 0 U -1
31 1 U 30
32 1 U 31
33 1 U 32
# score :8 1055318
# W : 409377 , H : 626509
34
0 0 U -1
1 0 U 0
2 1 U 1
3 1 U 2
4 1 U 3
5 1 U -1
6 1 U 5
7 0 U 6
8 0 U 7
9 0 U 8
10 0 U -1
11 1 U 10
12 1 U 11
13 1 U 12
14 0 U 13
15 1 U -1
16 0 U 15
17 1 U 16
18 1 U 17
19 1 U 18
20 0 U -1
21 0 U 20
22 1 U 21
23 1 U 22
24 0 U 23
25 0 U -1
26 0 U 25
27 0 U 26
28 1 U 27
29 0 U 28
30 0 U -1
31 1 U 30
32 0 U 31
33 1 U 32
# score :9 1029106
# W : 415341 , H : 573988
34
0 1 U -1
1 0 U 0
2 0 U 1
3 0 U 2
4 0 U 3
5 0 U -1
6 0 U 5
7 1 U 6
8 1 U 7
9 0 U 8
10 1 U -1
11 1 U 10
12 0 U 11
13 0 U 12
14 1 U 13
15 1 U -1
16 1 U 15
17 0 U 16
18 0 U 17
19 0 U 18
20 0 U -1
21 0 U 20
22 1 U 21
23 0 U 22
24 1 U 23
25 0 L 20
26 1 L 21
27 1 L 22
28 1 L 23
29 1 L 24
30 1 U -1
31 1 U 30
32 0 U 31
33 0 U 32
# score :10 1084033
# W : 426996 , H : 522519
34
0 1 U -1
1 0 U 0
2 0 U 1
3 0 U 2
4 1 U 3
5 0 U -1
6 1 U 5
7 1 U 6
8 1 U 7
9 0 U 8
10 0 U -1
11 0 U 10
12 1 U 11
13 1 U 12
14 0 U 13
15 1 U -1
16 0 U 15
17 1 U 16
18 1 U 17
19 1 U 18
20 1 U -1
21 0 U 20
22 0 U 21
23 0 U 22
24 1 U 23
25 1 L 20
26 1 L 21
27 1 L 22
28 0 L 23
29 1 L 24
30 1 U -1
31 0 U 30
32 1 U 31
33 0 U 32
# score :11 1213378
# W : 472998 , H : 639855
34
0 1 U -1
1 1 U 0
2 0 U 1
3 1 U 2
4 0 U 3
5 1 U -1
6 0 U 5
7 0 U 6
8 0 U 7
9 1 U 8
10 0 U -1
11 1 U 10
12 0 U 11
13 0 U 12
14 0 U 13
15 1 U -1
16 1 U 15
17 1 U 16
18 1 U 17
19 0 U 18
20 1 U -1
21 1 U 20
22 1 U 21
23 1 U 22
24 1 U 23
25 1 L 15
26 1 L 16
27 0 L 17
28 0 L 18
29 0 L 19
30 0 U -1
31 0 U 30
32 0 U 31
33 0 U 32
# score :12 1137460
# W : 616052 , H : 493380
34
0 0 U -1
1 0 U 0
2 0 U 1
3 0 U 2
4 1 U 3
5 0 U -1
6 0 U 5
7 1 U 6
8 1 U 7
9 0 U 8
10 1 U -1
11 0 U 10
12 1 U 11
13 1 U 12
14 1 U 13
15 0 U -1
16 0 U 15
17 1 U 16
18 1 U 17
19 1 U 18
20 1 U -1
21 1 U 20
22 1 U 21
23 0 U 22
24 0 U 23
25 0 L 15
26 0 L 16
27 0 L 17
28 1 L 18
29 0 L 19
30 1 U -1
31 0 U 30
32 1 U 31
33 0 U 32
# score :13 1195958
# W : 588772 , H : 536881
34
0 1 U -1
1 0 U 0
2 0 U 1
3 0 U 2
4 1 U 3
5 0 U -1
6 0 U 5
7 1 U 6
8 1 U 7
9 1 U 8
10 0 U -1
11 0 U 10
12 0 U 11
13 0 U 12
14 1 U 13
15 1 U -1
16 1 U 15
17 1 U 16
18 0 U 17
19 1 U 18
20 1 U -1
21 1 U 20
22 1 U 21
23 0 U 22
24 0 U 23
25 0 L 15
26 0 L 16
27 1 L 17
28 0 L 18
29 1 L 19
30 0 U -1
31 1 U 30
32 1 U 31
33 1 U 32
# score :14 1202929
# W : 647985 , H : 509264
34
0 0 U -1
1 1 U 0
2 0 U 1
3 1 U 2
4 1 U 3
5 1 U -1
6 1 U 5
7 0 U 6
8 1 U 7
9 1 U 8
10 0 U -1
11 1 U 10
12 1 U 11
13 1 U 12
14 1 U 13
15 1 U -1
16 0 U 15
17 0 U 16
18 1 U 17
19 1 U 18
20 0 U -1
21 1 U 20
22 0 U 21
23 1 U 22
24 0 U 23
25 0 L 15
26 1 L 16
27 1 L 17
28 0 L 18
29 0 L 19
30 1 U -1
31 1 U 30
32 1 U 31
33 0 U 32
# score :15 1127643
# W : 621406 , H : 559786
34
0 1 U -1
1 1 U 0
2 0 U 1
3 1 U 2
4 1 U 3
5 1 U -1
6 0 U 5
7 0 U 6
8 1 U 7
9 0 U 8
10 1 U -1
11 1 U 10
12 1 U 11
13 1 U 12
14 1 U 13
15 1 U -1
16 0 U 15
17 0 U 16
18 1 U 17
19 0 U 18
20 1 U -1
21 1 U 20
22 1 U 21
23 1 U 22
24 1 U 23
25 1 U -1
26 1 U 25
27 0 U 26
28 1 U 27
29 0 U 28
30 0 U -1
31 1 U 30
32 0 U 31
33 0 U 32
# score :16 1022920
# W : 415756 , H : 552567
34
0 1 U -1
1 0 U 0
2 0 U 1
3 1 U 2
4 0 U 3
5 0 U -1
6 1 U 5
7 1 U 6
8 0 U 7
9 1 U 8
10 1 U -1
11 1 U 10
12 1 U 11
13 0 U 12
14 1 U 13
15 1 U -1
16 0 U 15
17 0 U 16
18 1 U 17
19 1 U 18
20 0 U -1
21 0 U 20
22 1 U 21
23 0 U 22
24 1 U 23
25 0 U -1
26 0 U 25
27 0 U 26
28 1 U 27
29 0 U 28
30 1 U -1
31 0 U 30
32 1 U 31
33 0 U 32
# score :17 1058371
# W : 428795 , H : 598898
34
0 0 U -1
1 0 U 0
2 1 U 1
3 0 U 2
4 0 U 3
5 1 U -1
6 1 U 5
7 0 U 6
8 0 U 7
9 0 U 8
10 0 U -1
11 0 U 10
12 0 U 11
13 0 U 12
14 0 U 13
15 1 U -1
16 1 U 15
17 1 U 16
18 0 U 17
19 0 U 18
20 1 U -1
21 1 U 20
22 0 U 21
23 1 U 22
24 1 U 23
25 1 L 20
26 1 L 21
27 0 L 22
28 1 L 23
29 1 L 24
30 1 U -1
31 0 U 30
32 1 U 31
33 1 U 32
# score :18 1180819
# W : 435045 , H : 599712
34
0 1 U -1
1 0 U 0
2 1 U 1
3 0 U 2
4 0 U 3
5 1 U -1
6 1 U 5
7 0 U 6
8 1 U 7
9 0 U 8
10 0 U -1
11 1 U 10
12 0 U 11
13 0 U 12
14 0 U 13
15 0 U -1
16 0 U 15
17 0 U 16
18 1 U 17
19 1 U 18
20 0 U -1
21 1 U 20
22 0 U 21
23 0 U 22
24 1 U 23
25 0 L 20
26 1 L 21
27 1 L 22
28 1 L 23
29 1 L 24
30 0 U -1
31 1 U 30
32 1 U 31
33 1 U 32
# score :19 1225808
# W : 488697 , H : 651194
34
0 0 U -1
1 0 U 0
2 1 U 1
3 1 U 2
4 0 U 3
5 1 U -1
6 1 U 5
7 0 U 6
8 0 U 7
9 1 U 8
10 1 U -1
11 1 U 10
12 1 U 11
13 0 U 12
14 0 U 13
15 0 U -1
16 1 U 15
17 1 U 16
18 1 U 17
19 0 U 18
20 0 U -1
21 0 U 20
22 1 U 21
23 0 U 22
24 1 U 23
25 0 L 15
26 1 L 16
27 1 L 17
28 0 L 18
29 0 L 19
30 1 U -1
31 0 U 30
32 1 U 31
33 0 U 32
# score :20 1197862
# W : 625903 , H : 523801
34
0 1 U -1
1 1 U 0
2 0 U 1
3 0 U 2
4 0 U 3
5 0 U -1
6 1 U 5
7 1 U 6
8 1 U 7
9 0 U 8
10 1 U -1
11 1 U 10
12 0 U 11
13 0 U 12
14 0 U 13
15 1 U -1
16 1 U 15
17 1 U 16
18 0 U 17
19 0 U 18
20 1 U -1
21 0 U 20
22 0 U 21
23 0 U 22
24 0 U 23
25 1 L 15
26 0 L 16
27 1 L 17
28 0 L 18
29 1 L 19
30 0 U -1
31 0 U 30
32 0 U 31
33 0 U 32
# score :21 1162709
# W : 613375 , H : 519052
34
0 1 U -1
1 1 U 0
2 0 U 1
3 1 U 2
4 0 U 3
5 0 U -1
6 0 U 5
7 0 U 6
8 1 U 7
9 1 U 8
10 1 U -1
11 0 U 10
12 0 U 11
13 1 U 12
14 1 U 13
15 1 U -1
16 1 U 15
17 0 U 16
18 0 U 17
19 1 U 18
20 1 U -1
21 0 U 20
22 0 U 21
23 0 U 22
24 0 U 23
25 0 L 15
26 0 L 16
27 1 L 17
28 1 L 18
29 0 L 19
30 0 U -1
31 1 U 30
32 0 U 31
33 0 U 32
# score :22 1298778
# W : 747080 , H : 498424
34
0 1 U -1
1 1 U 0
2 0 U 1
3 0 U 2
4 1 U 3
5 1 U -1
6 1 U 5
7 0 U 6
8 1 U 7
9 0 U 8
10 0 U -1
11 0 U 10
12 1 U 11
13 0 U 12
14 0 U 13
15 1 U -1
16 1 U 15
17 0 U 16
18 0 U 17
19 1 U 18
20 1 U -1
21 0 U 20
22 0 U 21
23 1 U 22
24 1 U 23
25 0 L 15
26 0 L 16
27 1 L 17
28 1 L 18
29 0 L 19
30 0 U -1
31 0 U 30
32 0 U 31
33 1 U 32
# score :23 1130854
# W : 601171 , H : 527675
34
0 0 U -1
1 1 U 0
2 1 U 1
3 0 U 2
4 0 U 3
5 1 U -1
6 0 U 5
7 0 U 6
8 1 U 7
9 1 U 8
10 1 U -1
11 1 U 10
12 0 U 11
13 1 U 12
14 1 U 13
15 0 U -1
16 1 U 15
17 0 U 16
18 1 U 17
19 1 U 18
20 0 U -1
21 1 U 20
22 0 U 21
23 0 U 22
24 0 U 23
25 1 U -1
26 0 U 25
27 0 U 26
28 1 U 27
29 1 U 28
30 1 U -1
31 0 U 30
32 1 U 31
33 0 U 32
# score :24 1045656
# W : 394397 , H : 559054
34
0 1 U -1
1 1 U 0
2 0 U 1
3 0 U 2
4 0 U 3
5 0 U -1
6 1 U 5
7 1 U 6
8 0 U 7
9 0 U 8
10 1 U -1
11 0 U 10
12 1 U 11
13 1 U 12
14 1 U 13
15 0 U -1
16 1 U 15
17 1 U 16
18 0 U 17
19 0 U 18
20 1 U -1
21 1 U 20
22 1 U 21
23 0 U 22
24 0 U 23
25 1 U -1
26 1 U 25
27 0 U 26
28 0 U 27
29 1 U 28
30 1 U -1
31 0 U 30
32 1 U 31
33 0 U 32
# score :25 1076752
# W : 397362 , H : 652888
34
0 0 U -1
1 0 U 0
2 1 U 1
3 1 U 2
4 1 U 3
5 0 U -1
6 0 U 5
7 1 U 6
8 0 U 7
9 0 U 8
10 1 U -1
11 0 U 10
12 0 U 11
13 0 U 12
14 0 U 13
15 1 U -1
16 1 U 15
17 1 U 16
18 0 U 17
19 0 U 18
20 1 U -1
21 0 U 20
22 0 U 21
23 0 U 22
24 0 U 23
25 0 L 20
26 0 L 21
27 0 L 22
28 0 L 23
29 0 L 24
30 1 U -1
31 0 U 30
32 1 U 31
33 1 U 32
# score :26 990584
# W : 537811 , H : 497008
34
0 0 U -1
1 1 U 0
2 0 U 1
3 1 U 2
4 0 U 3
5 0 U -1
6 0 U 5
7 0 U 6
8 1 U 7
9 1 U 8
10 0 U -1
11 0 U 10
12 0 U 11
13 1 U 12
14 0 U 13
15 1 U -1
16 1 U 15
17 1 U 16
18 0 U 17
19 0 U 18
20 0 U -1
21 0 U 20
22 0 U 21
23 1 U 22
24 0 U 23
25 1 L 20
26 0 L 21
27 1 L 22
28 1 L 23
29 0 L 24
30 0 U -1
31 1 U 30
32 0 U 31
33 1 U 32
# score :27 1045922
# W : 415830 , H : 567672
