58
0 0 U -1
1 0 U 0
2 0 U 1
3 0 U 2
4 0 U 3
5 0 U 4
6 0 U 5
7 0 U -1
8 0 U 7
9 0 U 8
10 0 U 9
11 0 U 10
12 0 U 11
13 0 U 12
14 0 U -1
15 0 U 14
16 0 U 15
17 0 U 16
18 0 U 17
19 0 U 18
20 0 U 19
21 0 U -1
22 0 U 21
23 0 U 22
24 0 U 23
25 0 U 24
26 0 U 25
27 0 U 26
28 0 U -1
29 0 U 28
30 0 U 29
31 0 U 30
32 0 U 31
33 0 U 32
34 0 U 33
35 0 U -1
36 0 U 35
37 0 U 36
38 0 U 37
39 0 U 38
40 0 U 39
41 0 U 40
42 0 U -1
43 0 U 42
44 0 U 43
45 0 U 44
46 0 U 45
47 0 U 46
48 0 U 47
49 0 U -1
50 0 U 49
51 0 U 50
52 0 U 51
53 0 U 52
54 0 U 53
55 0 U 54
56 0 U -1
57 0 U 56
# score :0 1382008
# W : 560319 , H : 756797
58
0 1 U -1
1 0 U 0
2 1 U 1
3 0 U 2
4 1 U 3
5 1 U 4
6 0 U 5
7 0 U -1
8 1 U 7
9 0 U 8
10 0 U 9
11 0 U 10
12 0 U 11
13 1 U 12
14 1 U -1
15 1 U 14
16 0 U 15
17 0 U 16
18 1 U 17
19 1 U 18
20 0 U 19
21 1 U -1
22 0 U 21
23 1 U 22
24 1 U 23
25 0 U 24
26 0 U 25
27 1 U 26
28 1 U -1
29 1 U 28
30 0 U 29
31 0 U 30
32 1 U 31
33 1 U 32
34 1 U 33
35 0 U -1
36 0 U 35
37 1 U 36
38 0 U 37
39 0 U 38
40 0 U 39
41 0 U 40
42 1 U -1
43 1 U 42
44 1 U 43
45 1 U 44
46 0 U 45
47 1 U 46
48 0 U 47
49 1 U -1
50 0 U 49
51 1 U 50
52 0 U 51
53 1 U 52
54 0 U 53
55 0 U 54
56 0 U -1
57 0 U 56
# score :1 1341711
# W : 631615 , H : 578772
58
0 0 U -1
1 0 U 0
2 0 U 1
3 0 U 2
4 0 U 3
5 0 U 4
6 0 U 5
7 0 U -1
8 0 U 7
9 0 U 8
10 0 U 9
11 0 U 10
12 0 U 11
13 0 U 12
14 0 U -1
15 0 U 14
16 0 U 15
17 0 U 16
18 0 U 17
19 0 U 18
20 0 U 19
21 0 U -1
22 0 U 21
23 0 U 22
24 0 U 23
25 0 U 24
26 0 U 25
27 0 U 26
28 0 U -1
29 0 U 28
30 0 U 29
31 0 U 30
32 0 U 31
33 0 U 32
34 0 U 33
35 0 U -1
36 0 U 35
37 0 U 36
38 0 U 37
39 0 U 38
40 0 U 39
41 0 U 40
42 0 U -1
43 0 U 42
44 0 U 43
45 0 U 44
46 0 U 45
47 0 U 46
48 0 U 47
49 0 L 42
50 0 L 43
51 0 L 44
52 0 L 45
53 0 L 46
54 0 L 47
55 0 L 48
56 0 U -1
57 0 U 56
# score :2 1457318
# W : 573632 , H : 672634
58
0 1 U -1
1 0 U 0
2 1 U 1
3 0 U 2
4 1 U 3
5 1 U 4
6 0 U 5
7 0 U -1
8 1 U 7
9 0 U 8
10 0 U 9
11 0 U 10
12 0 U 11
13 1 U 12
14 1 U -1
15 1 U 14
16 0 U 15
17 0 U 16
18 1 U 17
19 1 U 18
20 0 U 19
21 1 U -1
22 0 U 21
23 1 U 22
24 1 U 23
25 0 U 24
26 0 U 25
27 1 U 26
28 1 U -1
29 1 U 28
30 0 U 29
31 0 U 30
32 1 U 31
33 1 U 32
34 1 U 33
35 0 U -1
36 0 U 35
37 1 U 36
38 0 U 37
39 0 U 38
40 0 U 39
41 0 U 40
42 1 U -1
43 1 U 42
44 1 U 43
45 1 U 44
46 0 U 45
47 1 U 46
48 0 U 47
49 1 L 42
50 0 L 43
51 1 L 44
52 0 L 45
53 1 L 46
54 0 L 47
55 0 L 48
56 0 U -1
57 0 U 56
# score :3 1350504
# W : 916587 , H : 592044
58
0 0 U -1
1 0 U 0
2 0 U 1
3 0 U 2
4 0 U 3
5 0 U 4
6 0 U 5
7 0 U -1
8 0 U 7
9 0 U 8
10 0 U 9
11 0 U 10
12 0 U 11
13 0 U 12
14 0 U -1
15 0 U 14
16 0 U 15
17 0 U 16
18 0 U 17
19 0 U 18
20 0 U 19
21 0 U -1
22 0 U 21
23 0 U 22
24 0 U 23
25 0 U 24
26 0 U 25
27 0 U 26
28 0 U -1
29 0 U 28
30 0 U 29
31 0 U 30
32 0 U 31
33 0 U 32
34 0 U 33
35 0 U -1
36 0 U 35
37 0 U 36
38 0 U 37
39 0 U 38
40 0 U 39
41 0 U 40
42 0 U -1
43 0 U 42
44 0 U 43
45 0 U 44
46 0 U 45
47 0 U 46
48 0 U 47
49 0 L 35
50 0 L 36
51 0 L 37
52 0 L 38
53 0 L 39
54 0 L 40
55 0 L 41
56 0 U -1
57 0 U 56
# score :4 1583388
# W : 863747 , H : 668093
58
0 1 U -1
1 0 U 0
2 1 U 1
3 0 U 2
4 1 U 3
5 1 U 4
6 0 U 5
7 0 U -1
8 1 U 7
9 0 U 8
10 0 U 9
11 0 U 10
12 0 U 11
13 1 U 12
14 1 U -1
15 1 U 14
16 0 U 15
17 0 U 16
18 1 U 17
19 1 U 18
20 0 U 19
21 1 U -1
22 0 U 21
23 1 U 22
24 1 U 23
25 0 U 24
26 0 U 25
27 1 U 26
28 1 U -1
29 1 U 28
30 0 U 29
31 0 U 30
32 1 U 31
33 1 U 32
34 1 U 33
35 0 U -1
36 0 U 35
37 1 U 36
38 0 U 37
39 0 U 38
40 0 U 39
41 0 U 40
42 1 U -1
43 1 U 42
44 1 U 43
45 1 U 44
46 0 U 45
47 1 U 46
48 0 U 47
49 1 L 35
50 0 L 36
51 1 L 37
52 0 L 38
53 1 L 39
54 0 L 40
55 0 L 41
56 0 U -1
57 0 U 56
# score :5 1557158
# W : 777092 , H : 556150
58
0 0 U -1
1 0 U 0
2 0 U 1
3 0 U 2
4 0 U 3
5 0 U 4
6 0 U 5
7 0 U -1
8 0 U 7
9 0 U 8
10 0 U 9
11 0 U 10
12 0 U 11
13 0 U 12
14 0 U -1
15 0 U 14
16 0 U 15
17 0 U 16
18 0 U 17
19 0 U 18
20 0 U 19
21 0 U -1
22 0 U 21
23 0 U 22
24 0 U 23
25 0 U 24
26 0 U 25
27 0 U 26
28 0 U -1
29 0 U 28
30 0 U 29
31 0 U 30
32 0 U 31
33 0 U 32
34 0 U 33
35 0 U -1
36 0 U 35
37 0 U 36
38 0 U 37
39 0 U 38
40 0 U 39
41 0 U 40
42 0 U -1
43 0 U 42
44 0 U 43
45 0 U 44
46 0 U 45
47 0 U 46
48 0 U 47
49 0 L 35
50 0 L 36
51 0 L 37
52 0 L 38
53 0 L 39
54 0 L 40
55 0 L 41
56 0 U -1
57 0 U 56
# score :6 1583388
# W : 880976 , H : 669153
58
0 1 U -1
1 0 U 0
2 1 U 1
3 0 U 2
4 1 U 3
5 1 U 4
6 0 U 5
7 0 U -1
8 1 U 7
9 0 U 8
10 0 U 9
11 0 U 10
12 0 U 11
13 1 U 12
14 1 U -1
15 1 U 14
16 0 U 15
17 0 U 16
18 1 U 17
19 1 U 18
20 0 U 19
21 1 U -1
22 0 U 21
23 1 U 22
24 1 U 23
25 0 U 24
26 0 U 25
27 1 U 26
28 1 U -1
29 1 U 28
30 0 U 29
31 0 U 30
32 1 U 31
33 1 U 32
34 1 U 33
35 0 U -1
36 0 U 35
37 1 U 36
38 0 U 37
39 0 U 38
40 0 U 39
41 0 U 40
42 1 U -1
43 1 U 42
44 1 U 43
45 1 U 44
46 0 U 45
47 1 U 46
48 0 U 47
49 1 L 35
50 0 L 36
51 1 L 37
52 0 L 38
53 1 L 39
54 0 L 40
55 0 L 41
56 0 U -1
57 0 U 56
# score :7 1557158
# W : 770935 , H : 547017
58
0 1 U -1
1 0 U 0
2 0 U 1
3 0 U 2
4 1 U 3
5 0 U 4
6 0 U 5
7 1 U -1
8 0 U 7
9 0 U 8
10 0 U 9
11 1 U 10
12 0 U 11
13 1 U 12
14 1 U -1
15 0 U 14
16 0 U 15
17 0 U 16
18 1 U 17
19 1 U 18
20 0 U 19
21 1 U -1
22 0 U 21
23 1 U 22
24 0 U 23
25 1 U 24
26 0 U 25
27 0 U 26
28 0 U -1
29 1 U 28
30 1 U 29
31 0 U 30
32 0 U 31
33 1 U 32
34 0 U 33
35 1 U -1
36 1 U 35
37 1 U 36
38 0 U 37
39 0 U 38
40 0 U 39
41 1 U 40
42 0 U -1
43 1 U 42
44 1 U 43
45 1 U 44
46 0 U 45
47 0 U 46
48 1 U 47
49 0 U -1
50 0 U 49
51 0 U 50
52 0 U 51
53 1 U 52
54 1 U 53
55 0 U 54
56 0 U -1
57 1 U 56
# score :8 1348339
# W : 562448 , H : 688644
58
0 0 U -1
1 0 U 0
2 1 U 1
3 0 U 2
4 1 U 3
5 1 U 4
6 0 U 5
7 1 U -1
8 1 U 7
9 1 U 8
10 0 U 9
11 1 U 10
12 1 U 11
13 0 U 12
14 0 U -1
15 1 U 14
16 0 U 15
17 0 U 16
18 0 U 17
19 0 U 18
20 1 U 19
21 1 U -1
22 0 U 21
23 0 U 22
24 1 U 23
25 0 U 24
26 1 U 25
27 1 U 26
28 1 U -1
29 0 U 28
30 0 U 29
31 1 U 30
32 1 U 31
33 1 U 32
34 0 U 33
35 0 U -1
36 1 U 35
37 0 U 36
38 1 U 37
39 0 U 38
40 1 U 39
41 0 U 40
42 1 U -1
43 1 U 42
44 1 U 43
45 1 U 44
46 0 U 45
47 0 U 46
48 1 U 47
49 1 U -1
50 0 U 49
51 1 U 50
52 1 U 51
53 1 U 52
54 0 U 53
55 0 U 54
56 1 U -1
57 0 U 56
# score :9 1333332
# W : 533770 , H : 700183
58
0 0 U -1
1 1 U 0
2 1 U 1
3 1 U 2
4 1 U 3
5 0 U 4
6 0 U 5
7 0 U -1
8 0 U 7
9 0 U 8
10 0 U 9
11 1 U 10
12 0 U 11
13 1 U 12
14 0 U -1
15 0 U 14
16 1 U 15
17 1 U 16
18 0 U 17
19 0 U 18
20 1 U 19
21 1 U -1
22 0 U 21
23 1 U 22
24 1 U 23
25 1 U 24
26 1 U 25
27 1 U 26
28 1 U -1
29 1 U 28
30 0 U 29
31 1 U 30
32 0 U 31
33 1 U 32
34 0 U 33
35 1 U -1
36 0 U 35
37 1 U 36
38 1 U 37
39 1 U 38
40 0 U 39
41 1 U 40
42 1 U -1
43 1 U 42
44 0 U 43
45 1 U 44
46 0 U 45
47 1 U 46
48 1 U 47
49 1 L 42
50 0 L 43
51 1 L 44
52 0 L 45
53 1 L 46
54 1 L 47
55 0 L 48
56 1 U -1
57 0 U 56
# score :10 1379038
# W : 847736 , H : 632904
58
0 0 U -1
1 0 U 0
2 0 U 1
3 0 U 2
4 1 U 3
5 0 U 4
6 1 U 5
7 1 U -1
8 0 U 7
9 1 U 8
10 0 U 9
11 1 U 10
12 1 U 11
13 1 U 12
14 0 U -1
15 0 U 14
16 0 U 15
17 1 U 16
18 1 U 17
19 0 U 18
20 1 U 19
21 1 U -1
22 1 U 21
23 1 U 22
24 0 U 23
25 0 U 24
26 1 U 25
27 0 U 26
28 1 U -1
29 1 U 28
30 0 U 29
31 1 U 30
32 0 U 31
33 1 U 32
34 0 U 33
35 1 U -1
36 0 U 35
37 1 U 36
38 0 U 37
39 0 U 38
40 0 U 39
41 1 U 40
42 0 U -1
43 0 U 42
44 1 U 43
45 1 U 44
46 1 U 45
47 1 U 46
48 0 U 47
49 0 L 42
50 0 L 43
51 1 L 44
52 0 L 45
53 0 L 46
54 0 L 47
55 0 L 48
56 0 U -1
57 1 U 56
# score :11 1434709
# W : 927435 , H : 642023
58
0 0 U -1
1 1 U 0
2 0 U 1
3 0 U 2
4 1 U 3
5 0 U 4
6 1 U 5
7 1 U -1
8 1 U 7
9 1 U 8
10 0 U 9
11 1 U 10
12 1 U 11
13 0 U 12
14 0 U -1
15 1 U 14
16 0 U 15
17 0 U 16
18 1 U 17
19 0 U 18
20 1 U 19
21 1 U -1
22 1 U 21
23 0 U 22
24 1 U 23
25 1 U 24
26 1 U 25
27 0 U 26
28 0 U -1
29 1 U 28
30 0 U 29
31 1 U 30
32 0 U 31
33 0 U 32
34 1 U 33
35 0 U -1
36 1 U 35
37 0 U 36
38 0 U 37
39 1 U 38
40 0 U 39
41 1 U 40
42 0 U -1
43 1 U 42
44 0 U 43
45 1 U 44
46 0 U 45
47 1 U 46
48 0 U 47
49 0 L 35
50 0 L 36
51 1 L 37
52 0 L 38
53 1 L 39
54 0 L 40
55 1 L 41
56 1 U -1
57 1 U 56
# score :12 1655339
# W : 917984 , H : 632231
58
0 1 U -1
1 0 U 0
2 1 U 1
3 1 U 2
4 1 U 3
5 0 U 4
6 0 U 5
7 0 U -1
8 1 U 7
9 1 U 8
10 0 U 9
11 0 U 10
12 0 U 11
13 0 U 12
14 1 U -1
15 1 U 14
16 1 U 15
17 1 U 16
18 0 U 17
19 0 U 18
20 1 U 19
21 1 U -1
22 1 U 21
23 0 U 22
24 0 U 23
25 1 U 24
26 1 U 25
27 1 U 26
28 1 U -1
29 1 U 28
30 0 U 29
31 1 U 30
32 0 U 31
33 0 U 32
34 1 U 33
35 0 U -1
36 0 U 35
37 0 U 36
38 1 U 37
39 0 U 38
40 0 U 39
41 1 U 40
42 1 U -1
43 1 U 42
44 1 U 43
45 0 U 44
46 0 U 45
47 0 U 46
48 0 U 47
49 0 L 35
50 1 L 36
51 1 L 37
52 1 L 38
53 1 L 39
54 1 L 40
55 1 L 41
56 0 U -1
57 1 U 56
# score :13 1448588
# W : 761480 , H : 617018
58
0 0 U -1
1 1 U 0
2 0 U 1
3 1 U 2
4 1 U 3
5 0 U 4
6 1 U 5
7 0 U -1
8 0 U 7
9 0 U 8
10 1 U 9
11 0 U 10
12 1 U 11
13 0 U 12
14 1 U -1
15 0 U 14
16 1 U 15
17 1 U 16
18 0 U 17
19 0 U 18
20 1 U 19
21 1 U -1
22 0 U 21
23 1 U 22
24 0 U 23
25 0 U 24
26 0 U 25
27 0 U 26
28 1 U -1
29 0 U 28
30 1 U 29
31 0 U 30
32 1 U 31
33 1 U 32
34 1 U 33
35 1 U -1
36 1 U 35
37 0 U 36
38 1 U 37
39 0 U 38
40 1 U 39
41 1 U 40
42 0 U -1
43 1 U 42
44 1 U 43
45 0 U 44
46 1 U 45
47 0 U 46
48 1 U 47
49 1 L 35
50 1 L 36
51 0 L 37
52 1 L 38
53 0 L 39
54 1 L 40
55 0 L 41
56 1 U -1
57 1 U 56
# score :14 1578287
# W : 724740 , H : 697484
58
0 1 U -1
1 1 U 0
2 1 U 1
3 0 U 2
4 1 U 3
5 1 U 4
6 1 U 5
7 1 U -1
8 1 U 7
9 0 U 8
10 0 U 9
11 0 U 10
12 1 U 11
13 0 U 12
14 1 U -1
15 0 U 14
16 1 U 15
17 1 U 16
18 0 U 17
19 0 U 18
20 1 U 19
21 0 U -1
22 1 U 21
23 1 U 22
24 1 U 23
25 0 U 24
26 0 U 25
27 0 U 26
28 0 U -1
29 0 U 28
30 1 U 29
31 1 U 30
32 0 U 31
33 0 U 32
34 0 U 33
35 1 U -1
36 1 U 35
37 1 U 36
38 1 U 37
39 0 U 38
40 0 U 39
41 1 U 40
42 0 U -1
43 0 U 42
44 0 U 43
45 1 U 44
46 1 U 45
47 1 U 46
48 0 U 47
49 0 L 35
50 1 L 36
51 0 L 37
52 1 L 38
53 0 L 39
54 0 L 40
55 0 L 41
56 1 U -1
57 1 U 56
# score :15 1494752
# W : 577971 , H : 677831
58
0 0 U -1
1 1 U 0
2 1 U 1
3 1 U 2
4 1 U 3
5 1 U 4
6 0 U 5
7 1 U -1
8 0 U 7
9 1 U 8
10 0 U 9
11 1 U 10
12 0 U 11
13 1 U 12
14 0 U -1
15 0 U 14
16 0 U 15
17 1 U 16
18 0 U 17
19 1 U 18
20 1 U 19
21 0 U -1
22 0 U 21
23 1 U 22
24 0 U 23
25 0 U 24
26 1 U 25
27 1 U 26
28 0 U -1
29 0 U 28
30 0 U 29
31 0 U 30
32 0 U 31
33 1 U 32
34 1 U 33
35 0 U -1
36 1 U 35
37 0 U 36
38 0 U 37
39 0 U 38
40 1 U 39
41 0 U 40
42 0 U -1
43 1 U 42
44 1 U 43
45 1 U 44
46 0 U 45
47 0 U 46
48 1 U 47
49 0 U -1
50 0 U 49
51 0 U 50
52 1 U 51
53 0 U 52
54 0 U 53
55 0 U 54
56 0 U -1
57 1 U 56
# score :16 1308833
# W : 489791 , H : 769631
58
0 0 U -1
1 1 U 0
2 1 U 1
3 0 U 2
4 0 U 3
5 1 U 4
6 0 U 5
7 0 U -1
8 1 U 7
9 1 U 8
10 1 U 9
11 1 U 10
12 0 U 11
13 0 U 12
14 1 U -1
15 1 U 14
16 0 U 15
17 1 U 16
18 1 U 17
19 0 U 18
20 1 U 19
21 1 U -1
22 1 U 21
23 0 U 22
24 1 U 23
25 0 U 24
26 1 U 25
27 1 U 26
28 1 U -1
29 0 U 28
30 0 U 29
31 0 U 30
32 1 U 31
33 0 U 32
34 1 U 33
35 0 U -1
36 1 U 35
37 0 U 36
38 0 U 37
39 1 U 38
40 0 U 39
41 0 U 40
42 1 U -1
43 0 U 42
44 1 U 43
45 0 U 44
46 1 U 45
47 0 U 46
48 0 U 47
49 1 U -1
50 1 U 49
51 0 U 50
52 0 U 51
53 0 U 52
54 1 U 53
55 1 U 54
56 0 U -1
57 1 U 56
# score :17 1329240
# W : 499013 , H : 768323
58
0 0 U -1
1 0 U 0
2 0 U 1
3 0 U 2
4 1 U 3
5 0 U 4
6 0 U 5
7 0 U -1
8 1 U 7
9 1 U 8
10 0 U 9
11 0 U 10
12 0 U 11
13 1 U 12
14 0 U -1
15 1 U 14
16 0 U 15
17 0 U 16
18 1 U 17
19 1 U 18
20 1 U 19
21 0 U -1
22 1 U 21
23 0 U 22
24 0 U 23
25 0 U 24
26 0 U 25
27 1 U 26
28 0 U -1
29 0 U 28
30 1 U 29
31 1 U 30
32 1 U 31
33 0 U 32
34 1 U 33
35 1 U -1
36 1 U 35
37 0 U 36
38 0 U 37
39 1 U 38
40 0 U 39
41 1 U 40
42 1 U -1
43 1 U 42
44 1 U 43
45 0 U 44
46 1 U 45
47 0 U 46
48 0 U 47
49 1 L 42
50 0 L 43
51 0 L 44
52 1 L 45
53 0 L 46
54 0 L 47
55 0 L 48
56 1 U -1
57 0 U 56
# score :18 1429027
# W : 598919 , H : 721566
58
0 0 U -1
1 1 U 0
2 0 U 1
3 0 U 2
4 1 U 3
5 0 U 4
6 0 U 5
7 0 U -1
8 1 U 7
9 0 U 8
10 0 U 9
11 0 U 10
12 1 U 11
13 1 U 12
14 1 U -1
15 0 U 14
16 0 U 15
17 0 U 16
18 1 U 17
19 1 U 18
20 1 U 19
21 1 U -1
22 0 U 21
23 1 U 22
24 1 U 23
25 0 U 24
26 1 U 25
27 0 U 26
28 1 U -1
29 0 U 28
30 0 U 29
31 0 U 30
32 0 U 31
33 1 U 32
34 0 U 33
35 0 U -1
36 0 U 35
37 0 U 36
38 0 U 37
39 0 U 38
40 0 U 39
41 0 U 40
42 0 U -1
43 1 U 42
44 0 U 43
45 1 U 44
46 1 U 45
47 1 U 46
48 1 U 47
49 0 L 42
50 1 L 43
51 1 L 44
52 0 L 45
53 0 L 46
54 0 L 47
55 1 L 48
56 0 U -1
57 1 U 56
# score :19 1377209
# W : 578101 , H : 668533
58
0 0 U -1
1 1 U 0
2 0 U 1
3 0 U 2
4 1 U 3
5 1 U 4
6 1 U 5
7 0 U -1
8 0 U 7
9 1 U 8
10 0 U 9
11 0 U 10
12 0 U 11
13 0 U 12
14 1 U -1
15 0 U 14
16 1 U 15
17 0 U 16
18 1 U 17
19 1 U 18
20 0 U 19
21 1 U -1
22 0 U 21
23 1 U 22
24 0 U 23
25 0 U 24
26 0 U 25
27 0 U 26
28 1 U -1
29 0 U 28
30 0 U 29
31 0 U 30
32 1 U 31
33 1 U 32
34 1 U 33
35 0 U -1
36 0 U 35
37 0 U 36
38 0 U 37
39 0 U 38
40 1 U 39
41 1 U 40
42 1 U -1
43 0 U 42
44 0 U 43
45 0 U 44
46 1 U 45
47 1 U 46
48 0 U 47
49 0 L 35
50 0 L 36
51 1 L 37
52 0 L 38
53 1 L 39
54 0 L 40
55 0 L 41
56 1 U -1
57 0 U 56
# score :20 1582038
# W : 848439 , H : 660373
58
0 1 U -1
1 1 U 0
2 0 U 1
3 1 U 2
4 0 U 3
5 1 U 4
6 1 U 5
7 0 U -1
8 0 U 7
9 1 U 8
10 0 U 9
11 1 U 10
12 0 U 11
13 1 U 12
14 1 U -1
15 0 U 14
16 1 U 15
17 1 U 16
18 1 U 17
19 1 U 18
20 0 U 19
21 1 U -1
22 1 U 21
23 1 U 22
24 0 U 23
25 0 U 24
26 0 U 25
27 0 U 26
28 1 U -1
29 0 U 28
30 1 U 29
31 1 U 30
32 0 U 31
33 1 U 32
34 0 U 33
35 1 U -1
36 1 U 35
37 1 U 36
38 0 U 37
39 0 U 38
40 0 U 39
41 0 U 40
42 1 U -1
43 0 U 42
44 0 U 43
45 0 U 44
46 1 U 45
47 0 U 46
48 0 U 47
49 0 L 35
50 1 L 36
51 0 L 37
52 0 L 38
53 1 L 39
54 0 L 40
55 1 L 41
56 0 U -1
57 0 U 56
# score :21 1399605
# W : 516213 , H : 706691
58
0 0 U -1
1 0 U 0
2 0 U 1
3 1 U 2
4 1 U 3
5 1 U 4
6 0 U 5
7 0 U -1
8 1 U 7
9 1 U 8
10 1 U 9
11 0 U 10
12 0 U 11
13 1 U 12
14 0 U -1
15 0 U 14
16 0 U 15
17 0 U 16
18 0 U 17
19 0 U 18
20 0 U 19
21 1 U -1
22 0 U 21
23 1 U 22
24 0 U 23
25 0 U 24
26 0 U 25
27 0 U 26
28 0 U -1
29 1 U 28
30 1 U 29
31 0 U 30
32 1 U 31
33 1 U 32
34 1 U 33
35 0 U -1
36 0 U 35
37 1 U 36
38 0 U 37
39 0 U 38
40 1 U 39
41 1 U 40
42 0 U -1
43 1 U 42
44 1 U 43
45 0 U 44
46 0 U 45
47 1 U 46
48 0 U 47
49 0 L 35
50 0 L 36
51 0 L 37
52 1 L 38
53 0 L 39
54 1 L 40
55 0 L 41
56 1 U -1
57 0 U 56
# score :22 1633060
# W : 903116 , H : 667732
58
0 0 U -1
1 1 U 0
2 1 U 1
3 1 U 2
4 1 U 3
5 1 U 4
6 0 U 5
7 1 U -1
8 0 U 7
9 0 U 8
10 0 U 9
11 1 U 10
12 0 U 11
13 1 U 12
14 0 U -1
15 0 U 14
16 1 U 15
17 1 U 16
18 1 U 17
19 1 U 18
20 1 U 19
21 1 U -1
22 0 U 21
23 1 U 22
24 0 U 23
25 1 U 24
26 0 U 25
27 1 U 26
28 1 U -1
29 0 U 28
30 0 U 29
31 1 U 30
32 1 U 31
33 0 U 32
34 0 U 33
35 1 U -1
36 0 U 35
37 0 U 36
38 0 U 37
39 1 U 38
40 1 U 39
41 1 U 40
42 0 U -1
43 0 U 42
44 1 U 43
45 1 U 44
46 0 U 45
47 0 U 46
48 0 U 47
49 0 L 35
50 1 L 36
51 1 L 37
52 0 L 38
53 1 L 39
54 1 L 40
55 0 L 41
56 1 U -1
57 0 U 56
# score :23 1580171
# W : 816603 , H : 678920
58
0 1 U -1
1 1 U 0
2 1 U 1
3 0 U 2
4 0 U 3
5 1 U 4
6 0 U 5
7 0 U -1
8 1 U 7
9 1 U 8
10 0 U 9
11 1 U 10
12 0 U 11
13 0 U 12
14 0 U -1
15 1 U 14
16 1 U 15
17 0 U 16
18 0 U 17
19 1 U 18
20 0 U 19
21 0 U -1
22 1 U 21
23 1 U 22
24 0 U 23
25 0 U 24
26 1 U 25
27 0 U 26
28 1 U -1
29 0 U 28
30 0 U 29
31 0 U 30
32 1 U 31
33 0 U 32
34 0 U 33
35 0 U -1
36 1 U 35
37 1 U 36
38 1 U 37
39 0 U 38
40 0 U 39
41 0 U 40
42 0 U -1
43 1 U 42
44 1 U 43
45 0 U 44
46 0 U 45
47 0 U 46
48 0 U 47
49 1 U -1
50 0 U 49
51 0 U 50
52 1 U 51
53 0 U 52
54 0 U 53
55 1 U 54
56 0 U -1
57 0 U 56
# score :24 1335282
# W : 518175 , H : 713941
58
0 1 U -1
1 0 U 0
2 1 U 1
3 1 U 2
4 0 U 3
5 1 U 4
6 1 U 5
7 0 U -1
8 1 U 7
9 1 U 8
10 0 U 9
11 1 U 10
12 0 U 11
13 0 U 12
14 0 U -1
15 0 U 14
16 1 U 15
17 1 U 16
18 1 U 17
19 0 U 18
20 0 U 19
21 1 U -1
22 1 U 21
23 1 U 22
24 1 U 23
25 0 U 24
26 0 U 25
27 1 U 26
28 0 U -1
29 1 U 28
30 1 U 29
31 1 U 30
32 1 U 31
33 1 U 32
34 1 U 33
35 1 U -1
36 0 U 35
37 0 U 36
38 0 U 37
39 1 U 38
40 1 U 39
41 0 U 40
42 0 U -1
43 0 U 42
44 1 U 43
45 1 U 44
46 1 U 45
47 0 U 46
48 0 U 47
49 1 U -1
50 0 U 49
51 1 U 50
52 0 U 51
53 0 U 52
54 1 U 53
55 1 U 54
56 0 U -1
57 0 U 56
# score :25 1334049
# W : 537705 , H : 690829
58
0 0 U -1
1 0 U 0
2 1 U 1
3 1 U 2
4 0 U 3
5 1 U 4
6 1 U 5
7 1 U -1
8 0 U 7
9 0 U 8
10 1 U 9
11 1 U 10
12 0 U 11
13 1 U 12
14 1 U -1
15 1 U 14
16 0 U 15
17 0 U 16
18 1 U 17
19 0 U 18
20 1 U 19
21 0 U -1
22 0 U 21
23 1 U 22
24 0 U 23
25 0 U 24
26 0 U 25
27 1 U 26
28 0 U -1
29 1 U 28
30 0 U 29
31 0 U 30
32 1 U 31
33 0 U 32
34 1 U 33
35 1 U -1
36 1 U 35
37 1 U 36
38 0 U 37
39 1 U 38
40 1 U 39
41 0 U 40
42 1 U -1
43 0 U 42
44 0 U 43
45 1 U 44
46 0 U 45
47 1 U 46
48 1 U 47
49 1 L 42
50 0 L 43
51 0 L 44
52 1 L 45
53 0 L 46
54 0 L 47
55 0 L 48
56 1 U -1
57 1 U 56
# score :26 1518664
# W : 718096 , H : 691023
58
0 0 U -1
1 0 U 0
2 0 U 1
3 1 U 2
4 1 U 3
5 1 U 4
6 0 U 5
7 1 U -1
8 0 U 7
9 1 U 8
10 1 U 9
11 1 U 10
12 1 U 11
13 1 U 12
14 1 U -1
15 1 U 14
16 0 U 15
17 0 U 16
18 1 U 17
19 1 U 18
20 0 U 19
21 1 U -1
22 1 U 21
23 0 U 22
24 1 U 23
25 1 U 24
26 1 U 25
27 0 U 26
28 1 U -1
29 0 U 28
30 1 U 29
31 1 U 30
32 1 U 31
33 1 U 32
34 0 U 33
35 1 U -1
36 1 U 35
37 0 U 36
38 0 U 37
39 1 U 38
40 1 U 39
41 0 U 40
42 1 U -1
43 1 U 42
44 0 U 43
45 1 U 44
46 0 U 45
47 0 U 46
48 0 U 47
49 0 L 42
50 0 L 43
51 1 L 44
52 1 L 45
53 0 L 46
54 0 L 47
55 0 L 48
56 1 U -1
57 1 U 56
# score :27 1397641
# W : 591967 , H : 763646
58
0 0 U -1
1 1 U 0
2 0 U 1
3 0 U 2
4 0 U 3
5 0 U 4
6 1 U 5
7 1 U -1
8 1 U 7
9 0 U 8
10 0 U 9
11 0 U 10
12 0 U 11
13 1 U 12
14 0 U -1
15 0 U 14
16 1 U 15
17 1 U 16
18 0 U 17
19 1 U 18
20 0 U 19
21 0 U -1
22 1 U 21
23 1 U 22
24 1 U 23
25 0 U 24
26 0 U 25
27 0 U 26
28 0 U -1
29 0 U 28
30 0 U 29
31 0 U 30
32 0 U 31
33 0 U 32
34 0 U 33
35 1 U -1
36 0 U 35
37 0 U 36
38 1 U 37
39 1 U 38
40 1 U 39
41 0 U 40
42 1 U -1
43 1 U 42
44 0 U 43
45 0 U 44
46 0 U 45
47 0 U 46
48 1 U 47
49 1 L 35
50 1 L 36
51 1 L 37
52 1 L 38
53 1 L 39
54 1 L 40
55 0 L 41
56 0 U -1
57 1 U 56
# score :28 1419857
# W : 629102 , H : 728753
58
0 0 U -1
1 0 U 0
2 1 U 1
3 0 U 2
4 0 U 3
5 0 U 4
6 1 U 5
7 0 U -1
8 1 U 7
9 0 U 8
10 0 U 9
11 0 U 10
12 1 U 11
13 1 U 12
14 1 U -1
15 1 U 14
16 0 U 15
17 0 U 16
18 0 U 17
19 1 U 18
20 0 U 19
21 1 U -1
22 1 U 21
23 0 U 22
24 0 U 23
25 1 U 24
26 1 U 25
27 1 U 26
28 0 U -1
29 1 U 28
30 1 U 29
31 1 U 30
32 0 U 31
33 0 U 32
34 0 U 33
35 1 U -1
36 0 U 35
37 0 U 36
38 0 U 37
39 1 U 38
40 0 U 39
41 0 U 40
42 0 U -1
43 1 U 42
44 1 U 43
45 0 U 44
46 0 U 45
47 1 U 46
48 0 U 47
49 1 L 35
50 1 L 36
51 0 L 37
52 0 L 38
53 1 L 39
54 1 L 40
55 0 L 41
56 0 U -1
57 1 U 56
# score :29 1554056
# W : 816575 , H : 639895
58
0 0 U -1
1 1 U 0
2 0 U 1
3 1 U 2
4 1 U 3
5 0 U 4
6 0 U 5
7 1 U -1
8 0 U 7
9 1 U 8
10 0 U 9
11 1 U 10
12 0 U 11
13 0 U 12
14 0 U -1
15 1 U 14
16 0 U 15
17 1 U 16
18 0 U 17
19 0 U 18
20 1 U 19
21 0 U -1
22 1 U 21
23 1 U 22
24 0 U 23
25 1 U 24
26 1 U 25
27 0 U 26
28 0 U -1
29 0 U 28
30 1 U 29
31 1 U 30
32 0 U 31
33 0 U 32
34 1 U 33
35 0 U -1
36 0 U 35
37 0 U 36
38 1 U 37
39 0 U 38
40 0 U 39
41 0 U 40
42 0 U -1
43 0 U 42
44 1 U 43
45 0 U 44
46 1 U 45
47 0 U 46
48 0 U 47
49 1 L 35
50 1 L 36
51 0 L 37
52 0 L 38
53 1 L 39
54 1 L 40
55 1 L 41
56 1 U -1
57 1 U 56
# score :30 1583803
# W : 724121 , H : 686676
58
0 1 U -1
1 0 U 0
2 1 U 1
3 0 U 2
4 1 U 3
5 1 U 4
6 1 U 5
7 1 U -1
8 1 U 7
9 0 U 8
10 1 U 9
11 0 U 10
12 0 U 11
13 1 U 12
14 1 U -1
15 0 U 14
16 0 U 15
17 1 U 16
18 1 U 17
19 0 U 18
20 1 U 19
21 0 U -1
22 1 U 21
23 0 U 22
24 0 U 23
25 0 U 24
26 1 U 25
27 0 U 26
28 1 U -1
29 0 U 28
30 0 U 29
31 1 U 30
32 1 U 31
33 1 U 32
34 0 U 33
35 1 U -1
36 0 U 35
37 1 U 36
38 1 U 37
39 0 U 38
40 0 U 39
41 0 U 40
42 1 U -1
43 1 U 42
44 0 U 43
45 1 U 44
46 1 U 45
47 1 U 46
48 1 U 47
49 0 L 35
50 1 L 36
51 1 L 37
52 0 L 38
53 1 L 39
54 0 L 40
55 0 L 41
56 0 U -1
57 1 U 56
# score :31 1586107
# W : 643801 , H : 689518
58
0 1 U -1
1 0 U 0
2 0 U 1
3 0 U 2
4 1 U 3
5 0 U 4
6 1 U 5
7 1 U -1
8 0 U 7
9 1 U 8
10 0 U 9
11 1 U 10
12 0 U 11
13 1 U 12
14 0 U -1
15 0 U 14
16 0 U 15
17 1 U 16
18 0 U 17
19 1 U 18
20 1 U 19
21 1 U -1
22 0 U 21
23 0 U 22
24 1 U 23
25 0 U 24
26 0 U 25
27 1 U 26
28 1 U -1
29 1 U 28
30 1 U 29
31 1 U 30
32 1 U 31
33 1 U 32
34 1 U 33
35 0 U -1
36 0 U 35
37 0 U 36
38 1 U 37
39 0 U 38
40 1 U 39
41 0 U 40
42 1 U -1
43 1 U 42
44 0 U 43
45 1 U 44
46 0 U 45
47 1 U 46
48 0 U 47
49 1 U -1
50 1 U 49
51 0 U 50
52 0 U 51
53 0 U 52
54 1 U 53
55 1 U 54
56 1 U -1
57 1 U 56
# score :32 1382347
# W : 561202 , H : 741803
58
0 1 U -1
1 0 U 0
2 1 U 1
3 0 U 2
4 0 U 3
5 0 U 4
6 1 U 5
7 1 U -1
8 0 U 7
9 0 U 8
10 0 U 9
11 1 U 10
12 0 U 11
13 0 U 12
14 0 U -1
15 1 U 14
16 1 U 15
17 1 U 16
18 1 U 17
19 1 U 18
20 0 U 19
21 1 U -1
22 0 U 21
23 0 U 22
24 0 U 23
25 0 U 24
26 0 U 25
27 0 U 26
28 0 U -1
29 1 U 28
30 1 U 29
31 1 U 30
32 1 U 31
33 1 U 32
34 1 U 33
35 1 U -1
36 0 U 35
37 0 U 36
38 0 U 37
39 1 U 38
40 0 U 39
41 1 U 40
42 1 U -1
43 1 U 42
44 1 U 43
45 0 U 44
46 0 U 45
47 0 U 46
48 0 U 47
49 0 U -1
50 0 U 49
51 0 U 50
52 0 U 51
53 1 U 52
54 0 U 53
55 1 U 54
56 1 U -1
57 1 U 56
# score :33 1327605
# W : 525097 , H : 697634
58
0 1 U -1
1 1 U 0
2 1 U 1
3 0 U 2
4 1 U 3
5 1 U 4
6 0 U 5
7 0 U -1
8 1 U 7
9 1 U 8
10 0 U 9
11 1 U 10
12 0 U 11
13 0 U 12
14 1 U -1
15 1 U 14
16 1 U 15
17 1 U 16
18 0 U 17
19 1 U 18
20 1 U 19
21 1 U -1
22 0 U 21
23 1 U 22
24 0 U 23
25 0 U 24
26 0 U 25
27 0 U 26
28 0 U -1
29 1 U 28
30 1 U 29
31 1 U 30
32 1 U 31
33 1 U 32
34 1 U 33
35 0 U -1
36 0 U 35
37 1 U 36
38 0 U 37
39 0 U 38
40 0 U 39
41 1 U 40
42 0 U -1
43 1 U 42
44 1 U 43
45 0 U 44
46 0 U 45
47 0 U 46
48 0 U 47
49 0 L 42
50 1 L 43
51 0 L 44
52 1 L 45
53 1 L 46
54 1 L 47
55 1 L 48
56 1 U -1
57 1 U 56
# score :34 1362727
# W : 787973 , H : 625018
58
0 0 U -1
1 0 U 0
2 1 U 1
3 1 U 2
4 1 U 3
5 1 U 4
6 0 U 5
7 0 U -1
8 0 U 7
9 1 U 8
10 1 U 9
11 1 U 10
12 0 U 11
13 1 U 12
14 1 U -1
15 1 U 14
16 0 U 15
17 1 U 16
18 1 U 17
19 1 U 18
20 1 U 19
21 0 U -1
22 1 U 21
23 0 U 22
24 1 U 23
25 0 U 24
26 0 U 25
27 1 U 26
28 0 U -1
29 0 U 28
30 0 U 29
31 1 U 30
32 1 U 31
33 0 U 32
34 0 U 33
35 0 U -1
36 0 U 35
37 0 U 36
38 0 U 37
39 1 U 38
40 1 U 39
41 0 U 40
42 0 U -1
43 0 U 42
44 0 U 43
45 1 U 44
46 0 U 45
47 0 U 46
48 1 U 47
49 1 L 42
50 0 L 43
51 1 L 44
52 1 L 45
53 0 L 46
54 0 L 47
55 1 L 48
56 1 U -1
57 0 U 56
# score :35 1359192
# W : 579673 , H : 701321
58
0 0 U -1
1 0 U 0
2 1 U 1
3 0 U 2
4 1 U 3
5 1 U 4
6 1 U 5
7 0 U -1
8 0 U 7
9 0 U 8
10 1 U 9
11 1 U 10
12 1 U 11
13 0 U 12
14 0 U -1
15 0 U 14
16 0 U 15
17 1 U 16
18 0 U 17
19 1 U 18
20 0 U 19
21 0 U -1
22 1 U 21
23 1 U 22
24 1 U 23
25 1 U 24
26 1 U 25
27 0 U 26
28 0 U -1
29 0 U 28
30 0 U 29
31 1 U 30
32 0 U 31
33 0 U 32
34 0 U 33
35 1 U -1
36 0 U 35
37 0 U 36
38 0 U 37
39 1 U 38
40 1 U 39
41 1 U 40
42 1 U -1
43 1 U 42
44 1 U 43
45 0 U 44
46 1 U 45
47 1 U 46
48 1 U 47
49 0 L 35
50 1 L 36
51 1 L 37
52 1 L 38
53 0 L 39
54 1 L 40
55 0 L 41
56 0 U -1
57 1 U 56
# score :36 1507394
# W : 792860 , H : 698691
58
0 0 U -1
1 0 U 0
2 0 U 1
3 0 U 2
4 1 U 3
5 0 U 4
6 0 U 5
7 0 U -1
8 0 U 7
9 1 U 8
10 1 U 9
11 1 U 10
12 1 U 11
13 0 U 12
14 0 U -1
15 1 U 14
16 1 U 15
17 1 U 16
18 1 U 17
19 0 U 18
20 1 U 19
21 1 U -1
22 0 U 21
23 0 U 22
24 1 U 23
25 1 U 24
26 1 U 25
27 1 U 26
28 0 U -1
29 1 U 28
30 0 U 29
31 1 U 30
32 1 U 31
33 1 U 32
34 1 U 33
35 1 U -1
36 1 U 35
37 0 U 36
38 1 U 37
39 0 U 38
40 1 U 39
41 1 U 40
42 0 U -1
43 0 U 42
44 1 U 43
45 1 U 44
46 0 U 45
47 1 U 46
48 0 U 47
49 1 L 35
50 1 L 36
51 1 L 37
52 0 L 38
53 0 L 39
54 1 L 40
55 1 L 41
56 1 U -1
57 0 U 56
# score :37 1450527
# W : 882570 , H : 625298
58
0 1 U -1
1 0 U 0
2 1 U 1
3 0 U 2
4 0 U 3
5 0 U 4
6 0 U 5
7 1 U -1
8 1 U 7
9 0 U 8
10 1 U 9
11 0 U 10
12 0 U 11
13 0 U 12
14 0 U -1
15 0 U 14
16 0 U 15
17 1 U 16
18 0 U 17
19 1 U 18
20 0 U 19
21 1 U -1
22 0 U 21
23 0 U 22
24 1 U 23
25 1 U 24
26 1 U 25
27 0 U 26
28 1 U -1
29 0 U 28
30 0 U 29
31 0 U 30
32 0 U 31
33 1 U 32
34 0 U 33
35 0 U -1
36 1 U 35
37 0 U 36
38 0 U 37
39 0 U 38
40 1 U 39
41 1 U 40
42 0 U -1
43 0 U 42
44 0 U 43
45 0 U 44
46 0 U 45
47 0 U 46
48 0 U 47
49 0 L 35
50 1 L 36
51 1 L 37
52 1 L 38
53 0 L 39
54 1 L 40
55 0 L 41
56 1 U -1
57 1 U 56
# score :38 1487829
# W : 811455 , H : 645233
58
0 1 U -1
1 0 U 0
2 0 U 1
3 1 U 2
4 0 U 3
5 1 U 4
6 1 U 5
7 1 U -1
8 0 U 7
9 1 U 8
10 1 U 9
11 1 U 10
12 0 U 11
13 1 U 12
14 1 U -1
15 1 U 14
16 1 U 15
17 0 U 16
18 1 U 17
19 1 U 18
20 1 U 19
21 0 U -1
22 1 U 21
23 0 U 22
24 0 U 23
25 0 U 24
26 1 U 25
27 0 U 26
28 1 U -1
29 1 U 28
30 0 U 29
31 0 U 30
32 0 U 31
33 0 U 32
34 1 U 33
35 0 U -1
36 1 U 35
37 1 U 36
38 0 U 37
39 1 U 38
40 0 U 39
41 1 U 40
42 1 U -1
43 0 U 42
44 1 U 43
45 0 U 44
46 0 U 45
47 0 U 46
48 0 U 47
49 0 L 35
50 0 L 36
51 1 L 37
52 1 L 38
53 1 L 39
54 0 L 40
55 0 L 41
56 1 U -1
57 1 U 56
# score :39 1551346
# W : 672983 , H : 646723
58
0 0 U -1
1 0 U 0
2 0 U 1
3 1 U 2
4 1 U 3
5 1 U 4
6 1 U 5
7 0 U -1
8 1 U 7
9 0 U 8
10 0 U 9
11 1 U 10
12 1 U 11
13 0 U 12
14 1 U -1
15 0 U 14
16 0 U 15
17 0 U 16
18 1 U 17
19 0 U 18
20 0 U 19
21 0 U -1
22 1 U 21
23 0 U 22
24 0 U 23
25 0 U 24
26 1 U 25
27 1 U 26
28 1 U -1
29 0 U 28
30 0 U 29
31 0 U 30
32 0 U 31
33 0 U 32
34 0 U 33
35 1 U -1
36 0 U 35
37 0 U 36
38 1 U 37
39 0 U 38
40 0 U 39
41 1 U 40
42 1 U -1
43 1 U 42
44 0 U 43
45 0 U 44
46 0 U 45
47 0 U 46
48 0 U 47
49 0 U -1
50 1 U 49
51 1 U 50
52 1 U 51
53 0 U 52
54 0 U 53
55 0 U 54
56 1 U -1
57 0 U 56
# score :40 1384057
# W : 557678 , H : 834346
58
0 1 U -1
1 0 U 0
2 1 U 1
3 0 U 2
4 1 U 3
5 1 U 4
6 0 U 5
7 0 U -1
8 1 U 7
9 1 U 8
10 1 U 9
11 1 U 10
12 1 U 11
13 1 U 12
14 1 U -1
15 1 U 14
16 1 U 15
17 1 U 16
18 1 U 17
19 0 U 18
20 0 U 19
21 0 U -1
22 1 U 21
23 1 U 22
24 0 U 23
25 1 U 24
26 0 U 25
27 0 U 26
28 0 U -1
29 0 U 28
30 1 U 29
31 0 U 30
32 0 U 31
33 0 U 32
34 0 U 33
35 0 U -1
36 0 U 35
37 0 U 36
38 0 U 37
39 1 U 38
40 1 U 39
41 1 U 40
42 0 U -1
43 1 U 42
44 1 U 43
45 0 U 44
46 1 U 45
47 0 U 46
48 1 U 47
49 0 U -1
50 1 U 49
51 1 U 50
52 1 U 51
53 1 U 52
54 0 U 53
55 0 U 54
56 0 U -1
57 0 U 56
# score :41 1402121
# W : 587395 , H : 702443
58
0 1 U -1
1 0 U 0
2 0 U 1
3 0 U 2
4 1 U 3
5 1 U 4
6 1 U 5
7 0 U -1
8 1 U 7
9 0 U 8
10 0 U 9
11 0 U 10
12 1 U 11
13 1 U 12
14 1 U -1
15 1 U 14
16 0 U 15
17 0 U 16
18 0 U 17
19 1 U 18
20 0 U 19
21 1 U -1
22 0 U 21
23 0 U 22
24 1 U 23
25 0 U 24
26 0 U 25
27 1 U 26
28 0 U -1
29 0 U 28
30 0 U 29
31 0 U 30
32 0 U 31
33 1 U 32
34 0 U 33
35 0 U -1
36 1 U 35
37 0 U 36
38 0 U 37
39 0 U 38
40 1 U 39
41 1 U 40
42 1 U -1
43 0 U 42
44 1 U 43
45 0 U 44
46 1 U 45
47 1 U 46
48 0 U 47
49 1 L 42
50 1 L 43
51 1 L 44
52 0 L 45
53 1 L 46
54 1 L 47
55 1 L 48
56 1 U -1
57 1 U 56
# score :42 1573729
# W : 845726 , H : 541238
58
0 1 U -1
1 0 U 0
2 0 U 1
3 0 U 2
4 1 U 3
5 0 U 4
6 0 U 5
7 0 U -1
8 0 U 7
9 1 U 8
10 1 U 9
11 0 U 10
12 0 U 11
13 1 U 12
14 1 U -1
15 1 U 14
16 1 U 15
17 1 U 16
18 1 U 17
19 1 U 18
20 0 U 19
21 1 U -1
22 1 U 21
23 0 U 22
24 0 U 23
25 1 U 24
26 0 U 25
27 1 U 26
28 0 U -1
29 1 U 28
30 1 U 29
31 0 U 30
32 1 U 31
33 0 U 32
34 0 U 33
35 1 U -1
36 0 U 35
37 1 U 36
38 0 U 37
39 0 U 38
40 0 U 39
41 1 U 40
42 0 U -1
43 0 U 42
44 1 U 43
45 0 U 44
46 1 U 45
47 0 U 46
48 0 U 47
49 1 L 42
50 0 L 43
51 0 L 44
52 0 L 45
53 0 L 46
54 0 L 47
55 1 L 48
56 0 U -1
57 0 U 56
# score :43 1356093
# W : 614810 , H : 664761
58
0 1 U -1
1 1 U 0
2 1 U 1
3 0 U 2
4 0 U 3
5 1 U 4
6 0 U 5
7 1 U -1
8 1 U 7
9 0 U 8
10 0 U 9
11 0 U 10
12 1 U 11
13 1 U 12
14 1 U -1
15 0 U 14
16 0 U 15
17 0 U 16
18 1 U 17
19 1 U 18
20 0 U 19
21 1 U -1
22 1 U 21
23 0 U 22
24 0 U 23
25 1 U 24
26 0 U 25
27 1 U 26
28 0 U -1
29 1 U 28
30 0 U 29
31 1 U 30
32 0 U 31
33 0 U 32
34 1 U 33
35 0 U -1
36 1 U 35
37 1 U 36
38 1 U 37
39 1 U 38
40 0 U 39
41 0 U 40
42 0 U -1
43 1 U 42
44 1 U 43
45 1 U 44
46 1 U 45
47 1 U 46
48 0 U 47
49 0 L 35
50 1 L 36
51 1 L 37
52 0 L 38
53 0 L 39
54 1 L 40
55 0 L 41
56 1 U -1
57 0 U 56
# score :44 1404367
# W : 732504 , H : 627856
58
0 0 U -1
1 1 U 0
2 0 U 1
3 0 U 2
4 0 U 3
5 0 U 4
6 1 U 5
7 1 U -1
8 1 U 7
9 1 U 8
10 1 U 9
11 1 U 10
12 1 U 11
13 1 U 12
14 1 U -1
15 0 U 14
16 1 U 15
17 0 U 16
18 1 U 17
19 1 U 18
20 0 U 19
21 0 U -1
22 0 U 21
23 1 U 22
24 0 U 23
25 1 U 24
26 0 U 25
27 0 U 26
28 1 U -1
29 1 U 28
30 1 U 29
31 0 U 30
32 1 U 31
33 1 U 32
34 0 U 33
35 1 U -1
36 0 U 35
37 0 U 36
38 1 U 37
39 1 U 38
40 1 U 39
41 1 U 40
42 1 U -1
43 1 U 42
44 1 U 43
45 0 U 44
46 1 U 45
47 0 U 46
48 1 U 47
49 1 L 35
50 1 L 36
51 1 L 37
52 0 L 38
53 1 L 39
54 1 L 40
55 1 L 41
56 0 U -1
57 0 U 56
# score :45 1557753
# W : 798679 , H : 650236
58
0 1 U -1
1 0 U 0
2 0 U 1
3 0 U 2
4 0 U 3
5 0 U 4
6 1 U 5
7 0 U -1
8 0 U 7
9 1 U 8
10 1 U 9
11 0 U 10
12 0 U 11
13 1 U 12
14 1 U -1
15 1 U 14
16 0 U 15
17 0 U 16
18 0 U 17
19 0 U 18
20 0 U 19
21 1 U -1
22 0 U 21
23 0 U 22
24 1 U 23
25 1 U 24
26 0 U 25
27 0 U 26
28 0 U -1
29 0 U 28
30 1 U 29
31 0 U 30
32 1 U 31
33 0 U 32
34 1 U 33
35 0 U -1
36 1 U 35
37 1 U 36
38 1 U 37
39 1 U 38
40 1 U 39
41 1 U 40
42 1 U -1
43 1 U 42
44 1 U 43
45 1 U 44
46 1 U 45
47 1 U 46
48 1 U 47
49 1 L 35
50 1 L 36
51 1 L 37
52 0 L 38
53 1 L 39
54 0 L 40
55 1 L 41
56 1 U -1
57 0 U 56
# score :46 1595735
# W : 796439 , H : 646136
58
0 1 U -1
1 0 U 0
2 1 U 1
3 1 U 2
4 1 U 3
5 0 U 4
6 0 U 5
7 0 U -1
8 0 U 7
9 1 U 8
10 0 U 9
11 1 U 10
12 1 U 11
13 1 U 12
14 0 U -1
15 0 U 14
16 0 U 15
17 0 U 16
18 0 U 17
19 0 U 18
20 0 U 19
21 0 U -1
22 0 U 21
23 0 U 22
24 0 U 23
25 1 U 24
26 1 U 25
27 0 U 26
28 1 U -1
29 0 U 28
30 0 U 29
31 1 U 30
32 0 U 31
33 1 U 32
34 1 U 33
35 0 U -1
36 1 U 35
37 1 U 36
38 0 U 37
39 0 U 38
40 0 U 39
41 1 U 40
42 0 U -1
43 1 U 42
44 0 U 43
45 0 U 44
46 1 U 45
47 1 U 46
48 1 U 47
49 1 L 35
50 0 L 36
51 1 L 37
52 0 L 38
53 1 L 39
54 1 L 40
55 1 L 41
56 0 U -1
57 0 U 56
# score :47 1532498
# W : 735832 , H : 643847
58
0 0 U -1
1 1 U 0
2 0 U 1
3 0 U 2
4 0 U 3
5 1 U 4
6 1 U 5
7 1 U -1
8 0 U 7
9 1 U 8
10 1 U 9
11 0 U 10
12 1 U 11
13 1 U 12
14 1 U -1
15 0 U 14
16 0 U 15
17 1 U 16
18 0 U 17
19 1 U 18
20 0 U 19
21 1 U -1
22 1 U 21
23 0 U 22
24 0 U 23
25 1 U 24
26 0 U 25
27 1 U 26
28 1 U -1
29 0 U 28
30 0 U 29
31 1 U 30
32 1 U 31
33 1 U 32
34 1 U 33
35 0 U -1
36 0 U 35
37 0 U 36
38 1 U 37
39 1 U 38
40 0 U 39
41 1 U 40
42 1 U -1
43 1 U 42
44 0 U 43
45 1 U 44
46 1 U 45
47 1 U 46
48 1 U 47
49 1 U -1
50 0 U 49
51 0 U 50
52 0 U 51
53 1 U 52
54 0 U 53
55 1 U 54
56 0 U -1
57 1 U 56
# score :48 1341928
# W : 500127 , H : 758244
58
0 1 U -1
1 1 U 0
2 1 U 1
3 1 U 2
4 0 U 3
5 0 U 4
6 0 U 5
7 1 U -1
8 0 U 7
9 1 U 8
10 1 U 9
11 1 U 10
12 0 U 11
13 0 U 12
14 0 U -1
15 1 U 14
16 0 U 15
17 0 U 16
18 1 U 17
19 1 U 18
20 1 U 19
21 1 U -1
22 1 U 21
23 1 U 22
24 1 U 23
25 0 U 24
26 0 U 25
27 0 U 26
28 1 U -1
29 0 U 28
30 1 U 29
31 0 U 30
32 0 U 31
33 1 U 32
34 0 U 33
35 0 U -1
36 0 U 35
37 0 U 36
38 0 U 37
39 0 U 38
40 0 U 39
41 0 U 40
42 1 U -1
43 0 U 42
44 1 U 43
45 0 U 44
46 1 U 45
47 1 U 46
48 0 U 47
49 1 U -1
50 0 U 49
51 0 U 50
52 0 U 51
53 0 U 52
54 0 U 53
55 0 U 54
56 1 U -1
57 1 U 56
# score :49 1343553
# W : 534742 , H : 694843
58
0 1 U -1
1 1 U 0
2 1 U 1
3 0 U 2
4 1 U 3
5 0 U 4
6 0 U 5
7 1 U -1
8 0 U 7
9 0 U 8
10 0 U 9
11 0 U 10
12 1 U 11
13 1 U 12
14 0 U -1
15 0 U 14
16 1 U 15
17 1 U 16
18 1 U 17
19 1 U 18
20 0 U 19
21 1 U -1
22 1 U 21
23 1 U 22
24 1 U 23
25 0 U 24
26 1 U 25
27 0 U 26
28 1 U -1
29 1 U 28
30 1 U 29
31 0 U 30
32 1 U 31
33 1 U 32
34 1 U 33
35 0 U -1
36 0 U 35
37 0 U 36
38 0 U 37
39 1 U 38
40 0 U 39
41 1 U 40
42 1 U -1
43 1 U 42
44 0 U 43
45 1 U 44
46 0 U 45
47 0 U 46
48 1 U 47
49 1 L 42
50 1 L 43
51 1 L 44
52 0 L 45
53 1 L 46
54 0 L 47
55 0 L 48
56 0 U -1
57 1 U 56
# score :50 1518716
# W : 717755 , H : 631839
58
0 1 U -1
1 0 U 0
2 1 U 1
3 0 U 2
4 1 U 3
5 0 U 4
6 1 U 5
7 0 U -1
8 0 U 7
9 1 U 8
10 0 U 9
11 0 U 10
12 1 U 11
13 0 U 12
14 1 U -1
15 1 U 14
16 0 U 15
17 0 U 16
18 1 U 17
19 1 U 18
20 0 U 19
21 1 U -1
22 1 U 21
23 0 U 22
24 1 U 23
25 1 U 24
26 0 U 25
27 1 U 26
28 1 U -1
29 0 U 28
30 0 U 29
31 1 U 30
32 0 U 31
33 1 U 32
34 0 U 33
35 1 U -1
36 0 U 35
37 0 U 36
38 1 U 37
39 0 U 38
40 1 U 39
41 0 U 40
42 1 U -1
43 1 U 42
44 0 U 43
45 1 U 44
46 0 U 45
47 1 U 46
48 1 U 47
49 1 L 42
50 0 L 43
51 1 L 44
52 1 L 45
53 0 L 46
54 1 L 47
55 0 L 48
56 1 U -1
57 1 U 56
# score :51 1337145
# W : 641082 , H : 646601
58
0 0 U -1
1 1 U 0
2 1 U 1
3 0 U 2
4 1 U 3
5 1 U 4
6 1 U 5
7 1 U -1
8 1 U 7
9 0 U 8
10 0 U 9
11 1 U 10
12 0 U 11
13 1 U 12
14 1 U -1
15 0 U 14
16 0 U 15
17 0 U 16
18 1 U 17
19 1 U 18
20 0 U 19
21 0 U -1
22 1 U 21
23 0 U 22
24 0 U 23
25 1 U 24
26 0 U 25
27 1 U 26
28 1 U -1
29 0 U 28
30 0 U 29
31 0 U 30
32 1 U 31
33 1 U 32
34 1 U 33
35 1 U -1
36 1 U 35
37 0 U 36
38 0 U 37
39 1 U 38
40 0 U 39
41 1 U 40
42 1 U -1
43 0 U 42
44 1 U 43
45 1 U 44
46 1 U 45
47 1 U 46
48 1 U 47
49 0 L 35
50 1 L 36
51 0 L 37
52 0 L 38
53 0 L 39
54 1 L 40
55 1 L 41
56 0 U -1
57 1 U 56
# score :52 1378991
# W : 611424 , H : 749415
58
0 1 U -1
1 0 U 0
2 0 U 1
3 1 U 2
4 0 U 3
5 1 U 4
6 0 U 5
7 0 U -1
8 1 U 7
9 0 U 8
10 0 U 9
11 0 U 10
12 1 U 11
13 0 U 12
14 1 U -1
15 0 U 14
16 0 U 15
17 0 U 16
18 0 U 17
19 1 U 18
20 0 U 19
21 0 U -1
22 1 U 21
23 0 U 22
24 1 U 23
25 1 U 24
26 0 U 25
27 1 U 26
28 0 U -1
29 1 U 28
30 0 U 29
31 0 U 30
32 1 U 31
33 1 U 32
34 1 U 33
35 1 U -1
36 1 U 35
37 1 U 36
38 1 U 37
39 0 U 38
40 1 U 39
41 1 U 40
42 0 U -1
43 0 U 42
44 1 U 43
45 1 U 44
46 1 U 45
47 0 U 46
48 0 U 47
49 0 L 35
50 1 L 36
51 1 L 37
52 1 L 38
53 0 L 39
54 0 L 40
55 1 L 41
56 1 U -1
57 0 U 56
# score :53 1483412
# W : 860779 , H : 625165
58
0 1 U -1
1 1 U 0
2 0 U 1
3 1 U 2
4 0 U 3
5 1 U 4
6 1 U 5
7 1 U -1
8 0 U 7
9 1 U 8
10 0 U 9
11 1 U 10
12 0 U 11
13 0 U 12
14 0 U -1
15 0 U 14
16 0 U 15
17 0 U 16
18 0 U 17
19 1 U 18
20 0 U 19
21 0 U -1
22 1 U 21
23 0 U 22
24 1 U 23
25 0 U 24
26 1 U 25
27 0 U 26
28 0 U -1
29 0 U 28
30 1 U 29
31 1 U 30
32 1 U 31
33 1 U 32
34 0 U 33
35 1 U -1
36 0 U 35
37 0 U 36
38 0 U 37
39 0 U 38
40 1 U 39
41 1 U 40
42 1 U -1
43 0 U 42
44 0 U 43
45 0 U 44
46 0 U 45
47 1 U 46
48 1 U 47
49 0 L 35
50 1 L 36
51 1 L 37
52 1 L 38
53 0 L 39
54 1 L 40
55 0 L 41
56 0 U -1
57 1 U 56
# score :54 1487424
# W : 631969 , H : 712311
58
0 0 U -1
1 1 U 0
2 1 U 1
3 1 U 2
4 1 U 3
5 0 U 4
6 0 U 5
7 1 U -1
8 1 U 7
9 0 U 8
10 1 U 9
11 1 U 10
12 1 U 11
13 1 U 12
14 1 U -1
15 0 U 14
16 0 U 15
17 0 U 16
18 0 U 17
19 1 U 18
20 0 U 19
21 0 U -1
22 0 U 21
23 0 U 22
24 0 U 23
25 1 U 24
26 1 U 25
27 0 U 26
28 1 U -1
29 1 U 28
30 1 U 29
31 0 U 30
32 1 U 31
33 0 U 32
34 0 U 33
35 1 U -1
36 0 U 35
37 0 U 36
38 1 U 37
39 1 U 38
40 0 U 39
41 1 U 40
42 1 U -1
43 1 U 42
44 0 U 43
45 0 U 44
46 0 U 45
47 1 U 46
48 0 U 47
49 0 L 35
50 1 L 36
51 0 L 37
52 1 L 38
53 0 L 39
54 0 L 40
55 0 L 41
56 1 U -1
57 1 U 56
# score :55 1544131
# W : 807339 , H : 643393
58
0 1 U -1
1 0 U 0
2 1 U 1
3 1 U 2
4 1 U 3
5 0 U 4
6 0 U 5
7 1 U -1
8 0 U 7
9 1 U 8
10 0 U 9
11 0 U 10
12 0 U 11
13 1 U 12
14 1 U -1
15 1 U 14
16 1 U 15
17 0 U 16
18 0 U 17
19 0 U 18
20 0 U 19
21 1 U -1
22 1 U 21
23 0 U 22
24 1 U 23
25 1 U 24
26 0 U 25
27 1 U 26
28 1 U -1
29 1 U 28
30 0 U 29
31 1 U 30
32 1 U 31
33 1 U 32
34 1 U 33
35 0 U -1
36 1 U 35
37 0 U 36
38 1 U 37
39 1 U 38
40 0 U 39
41 0 U 40
42 1 U -1
43 1 U 42
44 1 U 43
45 0 U 44
46 1 U 45
47 0 U 46
48 1 U 47
49 1 U -1
50 0 U 49
51 1 U 50
52 1 U 51
53 1 U 52
54 1 U 53
55 0 U 54
56 0 U -1
57 1 U 56
# score :56 1305915
# W : 537121 , H : 669108
58
0 0 U -1
1 1 U 0
2 0 U 1
3 0 U 2
4 0 U 3
5 0 U 4
6 0 U 5
7 1 U -1
8 0 U 7
9 0 U 8
10 1 U 9
11 1 U 10
12 0 U 11
13 0 U 12
14 0 U -1
15 0 U 14
16 1 U 15
17 1 U 16
18 1 U 17
19 1 U 18
20 1 U 19
21 0 U -1
22 0 U 21
23 0 U 22
24 0 U 23
25 1 U 24
26 1 U 25
27 1 U 26
28 0 U -1
29 1 U 28
30 1 U 29
31 1 U 30
32 1 U 31
33 0 U 32
34 0 U 33
35 1 U -1
36 0 U 35
37 1 U 36
38 0 U 37
39 1 U 38
40 0 U 39
41 1 U 40
42 0 U -1
43 1 U 42
44 0 U 43
45 1 U 44
46 1 U 45
47 0 U 46
48 0 U 47
49 1 U -1
50 1 U 49
51 0 U 50
52 1 U 51
53 0 U 52
54 0 U 53
55 1 U 54
56 1 U -1
57 0 U 56
# score :57 1350985
# W : 507184 , H : 785619
58
0 1 U -1
1 1 U 0
2 0 U 1
3 0 U 2
4 1 U 3
5 0 U 4
6 1 U 5
7 1 U -1
8 1 U 7
9 1 U 8
10 0 U 9
11 1 U 10
12 1 U 11
13 0 U 12
14 1 U -1
15 1 U 14
16 1 U 15
17 0 U 16
18 1 U 17
19 0 U 18
20 0 U 19
21 1 U -1
22 0 U 21
23 0 U 22
24 1 U 23
25 0 U 24
26 0 U 25
27 1 U 26
28 1 U -1
29 1 U 28
30 0 U 29
31 0 U 30
32 0 U 31
33 0 U 32
34 1 U 33
35 1 U -1
36 1 U 35
37 0 U 36
38 1 U 37
39 1 U 38
40 0 U 39
41 1 U 40
42 0 U -1
43 1 U 42
44 1 U 43
45 0 U 44
46 1 U 45
47 0 U 46
48 0 U 47
49 1 L 42
50 0 L 43
51 1 L 44
52 1 L 45
53 0 L 46
54 1 L 47
55 0 L 48
56 0 U -1
57 1 U 56
# score :58 1369094
# W : 800591 , H : 600516
58
0 0 U -1
1 1 U 0
2 1 U 1
3 0 U 2
4 1 U 3
5 1 U 4
6 0 U 5
7 1 U -1
8 0 U 7
9 1 U 8
10 1 U 9
11 0 U 10
12 1 U 11
13 0 U 12
14 1 U -1
15 1 U 14
16 0 U 15
17 1 U 16
18 1 U 17
19 1 U 18
20 0 U 19
21 1 U -1
22 1 U 21
23 0 U 22
24 1 U 23
25 1 U 24
26 1 U 25
27 0 U 26
28 1 U -1
29 1 U 28
30 0 U 29
31 0 U 30
32 0 U 31
33 0 U 32
34 1 U 33
35 0 U -1
36 1 U 35
37 1 U 36
38 1 U 37
39 1 U 38
40 1 U 39
41 0 U 40
42 1 U -1
43 1 U 42
44 1 U 43
45 1 U 44
46 1 U 45
47 1 U 46
48 0 U 47
49 1 L 42
50 1 L 43
51 0 L 44
52 0 L 45
53 0 L 46
54 0 L 47
55 0 L 48
56 1 U -1
57 0 U 56
# score :59 1596898
# W : 680676 , H : 643190
58
0 1 U -1
1 1 U 0
2 0 U 1
3 0 U 2
4 0 U 3
5 0 U 4
6 0 U 5
7 0 U -1
8 1 U 7
9 0 U 8
10 0 U 9
11 1 U 10
12 0 U 11
13 0 U 12
14 0 U -1
15 1 U 14
16 1 U 15
17 0 U 16
18 1 U 17
19 0 U 18
20 1 U 19
21 0 U -1
22 1 U 21
23 0 U 22
24 0 U 23
25 1 U 24
26 1 U 25
27 1 U 26
28 1 U -1
29 0 U 28
30 0 U 29
31 0 U 30
32 0 U 31
33 0 U 32
34 0 U 33
35 1 U -1
36 0 U 35
37 0 U 36
38 0 U 37
39 0 U 38
40 0 U 39
41 0 U 40
42 0 U -1
43 1 U 42
44 1 U 43
45 0 U 44
46 0 U 45
47 0 U 46
48 0 U 47
49 1 L 35
50 1 L 36
51 1 L 37
52 1 L 38
53 0 L 39
54 1 L 40
55 1 L 41
56 1 U -1
57 0 U 56
# score :60 1383557
# W : 784140 , H : 658834
58
0 0 U -1
1 1 U 0
2 1 U 1
3 0 U 2
4 1 U 3
5 1 U 4
6 0 U 5
7 0 U -1
8 1 U 7
9 1 U 8
10 0 U 9
11 0 U 10
12 0 U 11
13 1 U 12
14 1 U -1
15 0 U 14
16 0 U 15
17 1 U 16
18 1 U 17
19 0 U 18
20 1 U 19
21 1 U -1
22 1 U 21
23 1 U 22
24 0 U 23
25 0 U 24
26 1 U 25
27 1 U 26
28 0 U -1
29 1 U 28
30 0 U 29
31 1 U 30
32 0 U 31
33 0 U 32
34 0 U 33
35 0 U -1
36 0 U 35
37 0 U 36
38 0 U 37
39 1 U 38
40 0 U 39
41 0 U 40
42 0 U -1
43 0 U 42
44 0 U 43
45 1 U 44
46 0 U 45
47 0 U 46
48 0 U 47
49 0 L 35
50 0 L 36
51 0 L 37
52 0 L 38
53 1 L 39
54 1 L 40
55 1 L 41
56 1 U -1
57 0 U 56
# score :61 1535669
# W : 790273 , H : 636860
58
0 0 U -1
1 0 U 0
2 1 U 1
3 0 U 2
4 1 U 3
5 1 U 4
6 1 U 5
7 0 U -1
8 1 U 7
9 0 U 8
10 0 U 9
11 1 U 10
12 0 U 11
13 0 U 12
14 1 U -1
15 1 U 14
16 1 U 15
17 1 U 16
18 0 U 17
19 0 U 18
20 0 U 19
21 0 U -1
22 1 U 21
23 1 U 22
24 1 U 23
25 0 U 24
26 0 U 25
27 1 U 26
28 0 U -1
29 0 U 28
30 0 U 29
31 0 U 30
32 0 U 31
33 1 U 32
34 0 U 33
35 0 U -1
36 0 U 35
37 1 U 36
38 1 U 37
39 0 U 38
40 1 U 39
41 1 U 40
42 0 U -1
43 0 U 42
44 1 U 43
45 1 U 44
46 1 U 45
47 1 U 46
48 1 U 47
49 0 L 35
50 1 L 36
51 0 L 37
52 1 L 38
53 1 L 39
54 0 L 40
55 0 L 41
56 1 U -1
57 1 U 56
# score :62 1520203
# W : 763860 , H : 654432
58
0 0 U -1
1 1 U 0
2 0 U 1
3 0 U 2
4 0 U 3
5 1 U 4
6 1 U 5
7 1 U -1
8 0 U 7
9 1 U 8
10 0 U 9
11 0 U 10
12 1 U 11
13 0 U 12
14 1 U -1
15 0 U 14
16 0 U 15
17 0 U 16
18 0 U 17
19 0 U 18
20 0 U 19
21 1 U -1
22 1 U 21
23 1 U 22
24 1 U 23
25 0 U 24
26 1 U 25
27 0 U 26
28 0 U -1
29 0 U 28
30 0 U 29
31 0 U 30
32 1 U 31
33 1 U 32
34 0 U 33
35 0 U -1
36 1 U 35
37 1 U 36
38 0 U 37
39 0 U 38
40 1 U 39
41 1 U 40
42 0 U -1
43 1 U 42
44 0 U 43
45 0 U 44
46 0 U 45
47 0 U 46
48 1 U 47
49 0 L 35
50 1 L 36
51 0 L 37
52 1 L 38
53 0 L 39
54 0 L 40
55 1 L 41
56 1 U -1
57 1 U 56
# score :63 1467319
# W : 768713 , H : 666038
58
0 0 U -1
1 0 U 0
2 1 U 1
3 1 U 2
4 1 U 3
5 1 U 4
6 0 U 5
7 1 U -1
8 1 U 7
9 1 U 8
10 0 U 9
11 1 U 10
12 1 U 11
13 0 U 12
14 1 U -1
15 1 U 14
16 0 U 15
17 0 U 16
18 0 U 17
19 0 U 18
20 1 U 19
21 1 U -1
22 0 U 21
23 1 U 22
24 0 U 23
25 0 U 24
26 0 U 25
27 1 U 26
28 1 U -1
29 0 U 28
30 1 U 29
31 1 U 30
32 1 U 31
33 0 U 32
34 0 U 33
35 0 U -1
36 0 U 35
37 0 U 36
38 1 U 37
39 1 U 38
40 1 U 39
41 0 U 40
42 1 U -1
43 1 U 42
44 0 U 43
45 0 U 44
46 0 U 45
47 0 U 46
48 1 U 47
49 1 U -1
50 0 U 49
51 0 U 50
52 0 U 51
53 0 U 52
54 1 U 53
55 0 U 54
56 0 U -1
57 0 U 56
# score :64 1319253
# W : 527181 , H : 698601
58
0 1 U -1
1 1 U 0
2 0 U 1
3 1 U 2
4 0 U 3
5 1 U 4
6 0 U 5
7 0 U -1
8 0 U 7
9 0 U 8
10 1 U 9
11 0 U 10
12 0 U 11
13 0 U 12
14 1 U -1
15 1 U 14
16 1 U 15
17 0 U 16
18 1 U 17
19 0 U 18
20 0 U 19
21 1 U -1
22 1 U 21
23 1 U 22
24 0 U 23
25 1 U 24
26 0 U 25
27 0 U 26
28 0 U -1
29 0 U 28
30 1 U 29
31 0 U 30
32 1 U 31
33 1 U 32
34 1 U 33
35 1 U -1
36 0 U 35
37 0 U 36
38 0 U 37
39 0 U 38
40 0 U 39
41 1 U 40
42 0 U -1
43 0 U 42
44 1 U 43
45 0 U 44
46 1 U 45
47 1 U 46
48 1 U 47
49 0 U -1
50 1 U 49
51 1 U 50
52 1 U 51
53 0 U 52
54 0 U 53
55 1 U 54
56 0 U -1
57 0 U 56
# score :65 1393008
# W : 528108 , H : 736277
58
0 1 U -1
1 0 U 0
2 0 U 1
3 1 U 2
4 1 U 3
5 0 U 4
6 1 U 5
7 1 U -1
8 1 U 7
9 0 U 8
10 0 U 9
11 1 U 10
12 0 U 11
13 0 U 12
14 1 U -1
15 0 U 14
16 1 U 15
17 1 U 16
18 0 U 17
19 0 U 18
20 0 U 19
21 0 U -1
22 0 U 21
23 0 U 22
24 0 U 23
25 0 U 24
26 0 U 25
27 0 U 26
28 0 U -1
29 0 U 28
30 1 U 29
31 1 U 30
32 0 U 31
33 0 U 32
34 0 U 33
35 0 U -1
36 1 U 35
37 1 U 36
38 0 U 37
39 1 U 38
40 0 U 39
41 1 U 40
42 1 U -1
43 0 U 42
44 1 U 43
45 1 U 44
46 1 U 45
47 0 U 46
48 0 U 47
49 0 L 42
50 1 L 43
51 0 L 44
52 1 L 45
53 1 L 46
54 1 L 47
55 0 L 48
56 0 U -1
57 1 U 56
# score :66 1467251
# W : 643278 , H : 634981
58
0 1 U -1
1 0 U 0
2 1 U 1
3 0 U 2
4 1 U 3
5 0 U 4
6 0 U 5
7 1 U -1
8 1 U 7
9 0 U 8
10 1 U 9
11 0 U 10
12 1 U 11
13 0 U 12
14 1 U -1
15 1 U 14
16 1 U 15
17 0 U 16
18 0 U 17
19 1 U 18
20 0 U 19
21 1 U -1
22 0 U 21
23 1 U 22
24 0 U 23
25 0 U 24
26 1 U 25
27 0 U 26
28 0 U -1
29 0 U 28
30 1 U 29
31 1 U 30
32 0 U 31
33 0 U 32
34 1 U 33
35 0 U -1
36 1 U 35
37 1 U 36
38 1 U 37
39 1 U 38
40 0 U 39
41 1 U 40
42 0 U -1
43 0 U 42
44 0 U 43
45 1 U 44
46 1 U 45
47 1 U 46
48 1 U 47
49 1 L 42
50 1 L 43
51 1 L 44
52 1 L 45
53 0 L 46
54 0 L 47
55 1 L 48
56 0 U -1
57 1 U 56
# score :67 1532655
# W : 603700 , H : 698069
58
0 0 U -1
1 1 U 0
2 0 U 1
3 0 U 2
4 0 U 3
5 0 U 4
6 0 U 5
7 0 U -1
8 1 U 7
9 1 U 8
10 1 U 9
11 0 U 10
12 0 U 11
13 0 U 12
14 0 U -1
15 1 U 14
16 1 U 15
17 0 U 16
18 0 U 17
19 0 U 18
20 1 U 19
21 0 U -1
22 1 U 21
23 0 U 22
24 0 U 23
25 1 U 24
26 1 U 25
27 1 U 26
28 1 U -1
29 0 U 28
30 0 U 29
31 1 U 30
32 0 U 31
33 0 U 32
34 1 U 33
35 0 U -1
36 0 U 35
37 0 U 36
38 1 U 37
39 1 U 38
40 1 U 39
41 1 U 40
42 0 U -1
43 1 U 42
44 1 U 43
45 1 U 44
46 1 U 45
47 0 U 46
48 1 U 47
49 1 L 35
50 0 L 36
51 1 L 37
52 1 L 38
53 0 L 39
54 0 L 40
55 1 L 41
56 0 U -1
57 1 U 56
# score :68 1553281
# W : 767353 , H : 675412
58
0 0 U -1
1 1 U 0
2 1 U 1
3 0 U 2
4 0 U 3
5 0 U 4
6 1 U 5
7 0 U -1
8 1 U 7
9 1 U 8
10 0 U 9
11 1 U 10
12 1 U 11
13 1 U 12
14 1 U -1
15 1 U 14
16 0 U 15
17 1 U 16
18 1 U 17
19 1 U 18
20 0 U 19
21 0 U -1
22 1 U 21
23 1 U 22
24 1 U 23
25 0 U 24
26 1 U 25
27 1 U 26
28 0 U -1
29 1 U 28
30 1 U 29
31 0 U 30
32 0 U 31
33 1 U 32
34 0 U 33
35 1 U -1
36 0 U 35
37 1 U 36
38 0 U 37
39 0 U 38
40 1 U 39
41 0 U 40
42 1 U -1
43 0 U 42
44 0 U 43
45 1 U 44
46 1 U 45
47 0 U 46
48 1 U 47
49 1 L 35
50 1 L 36
51 0 L 37
52 0 L 38
53 1 L 39
54 1 L 40
55 1 L 41
56 1 U -1
57 0 U 56
# score :69 1425625
# W : 745681 , H : 654347
58
0 0 U -1
1 0 U 0
2 0 U 1
3 0 U 2
4 1 U 3
5 0 U 4
6 1 U 5
7 0 U -1
8 1 U 7
9 0 U 8
10 1 U 9
11 1 U 10
12 1 U 11
13 1 U 12
14 1 U -1
15 0 U 14
16 1 U 15
17 0 U 16
18 1 U 17
19 0 U 18
20 0 U 19
21 0 U -1
22 1 U 21
23 1 U 22
24 1 U 23
25 0 U 24
26 1 U 25
27 0 U 26
28 0 U -1
29 0 U 28
30 0 U 29
31 1 U 30
32 0 U 31
33 1 U 32
34 0 U 33
35 0 U -1
36 0 U 35
37 0 U 36
38 1 U 37
39 1 U 38
40 1 U 39
41 0 U 40
42 1 U -1
43 0 U 42
44 1 U 43
45 1 U 44
46 0 U 45
47 1 U 46
48 0 U 47
49 1 L 35
50 1 L 36
51 0 L 37
52 0 L 38
53 1 L 39
54 0 L 40
55 0 L 41
56 1 U -1
57 1 U 56
# score :70 1707236
# W : 847759 , H : 701950
58
0 1 U -1
1 1 U 0
2 1 U 1
3 1 U 2
4 1 U 3
5 0 U 4
6 0 U 5
7 0 U -1
8 0 U 7
9 0 U 8
10 0 U 9
11 1 U 10
12 0 U 11
13 0 U 12
14 0 U -1
15 0 U 14
16 1 U 15
17 0 U 16
18 0 U 17
19 1 U 18
20 0 U 19
21 1 U -1
22 1 U 21
23 1 U 22
24 1 U 23
25 1 U 24
26 1 U 25
27 0 U 26
28 0 U -1
29 1 U 28
30 1 U 29
31 0 U 30
32 0 U 31
33 0 U 32
34 1 U 33
35 0 U -1
36 0 U 35
37 0 U 36
38 1 U 37
39 1 U 38
40 1 U 39
41 1 U 40
42 1 U -1
43 1 U 42
44 1 U 43
45 1 U 44
46 0 U 45
47 1 U 46
48 0 U 47
49 1 L 35
50 1 L 36
51 0 L 37
52 1 L 38
53 1 L 39
54 1 L 40
55 0 L 41
56 1 U -1
57 1 U 56
# score :71 1464181
# W : 829736 , H : 586269
58
0 1 U -1
1 1 U 0
2 0 U 1
3 0 U 2
4 0 U 3
5 1 U 4
6 0 U 5
7 1 U -1
8 1 U 7
9 1 U 8
10 0 U 9
11 0 U 10
12 0 U 11
13 0 U 12
14 1 U -1
15 0 U 14
16 1 U 15
17 0 U 16
18 0 U 17
19 0 U 18
20 0 U 19
21 1 U -1
22 1 U 21
23 1 U 22
24 0 U 23
25 0 U 24
26 1 U 25
27 1 U 26
28 0 U -1
29 1 U 28
30 1 U 29
31 0 U 30
32 1 U 31
33 1 U 32
34 0 U 33
35 0 U -1
36 1 U 35
37 1 U 36
38 1 U 37
39 0 U 38
40 1 U 39
41 0 U 40
42 1 U -1
43 1 U 42
44 1 U 43
45 0 U 44
46 1 U 45
47 1 U 46
48 1 U 47
49 1 U -1
50 0 U 49
51 0 U 50
52 1 U 51
53 0 U 52
54 1 U 53
55 1 U 54
56 1 U -1
57 0 U 56
# score :72 1333461
# W : 523967 , H : 721859
58
0 0 U -1
1 1 U 0
2 1 U 1
3 0 U 2
4 0 U 3
5 1 U 4
6 0 U 5
7 1 U -1
8 0 U 7
9 0 U 8
10 0 U 9
11 0 U 10
12 0 U 11
13 0 U 12
14 0 U -1
15 0 U 14
16 0 U 15
17 0 U 16
18 0 U 17
19 0 U 18
20 0 U 19
21 0 U -1
22 1 U 21
23 0 U 22
24 0 U 23
25 0 U 24
26 0 U 25
27 1 U 26
28 1 U -1
29 1 U 28
30 0 U 29
31 0 U 30
32 1 U 31
33 0 U 32
34 0 U 33
35 0 U -1
36 0 U 35
37 1 U 36
38 0 U 37
39 0 U 38
40 0 U 39
41 0 U 40
42 1 U -1
43 0 U 42
44 1 U 43
45 0 U 44
46 0 U 45
47 0 U 46
48 1 U 47
49 0 U -1
50 0 U 49
51 1 U 50
52 1 U 51
53 1 U 52
54 1 U 53
55 0 U 54
56 1 U -1
57 1 U 56
# score :73 1375939
# W : 540033 , H : 736393
58
0 1 U -1
1 1 U 0
2 1 U 1
3 1 U 2
4 0 U 3
5 1 U 4
6 0 U 5
7 1 U -1
8 0 U 7
9 1 U 8
10 0 U 9
11 1 U 10
12 1 U 11
13 1 U 12
14 1 U -1
15 1 U 14
16 1 U 15
17 0 U 16
18 1 U 17
19 1 U 18
20 0 U 19
21 0 U -1
22 1 U 21
23 0 U 22
24 0 U 23
25 1 U 24
26 0 U 25
27 0 U 26
28 0 U -1
29 1 U 28
30 1 U 29
31 1 U 30
32 1 U 31
33 1 U 32
34 1 U 33
35 1 U -1
36 0 U 35
37 1 U 36
38 0 U 37
39 1 U 38
40 1 U 39
41 1 U 40
42 1 U -1
43 1 U 42
44 1 U 43
45 1 U 44
46 0 U 45
47 0 U 46
48 1 U 47
49 1 L 42
50 0 L 43
51 1 L 44
52 0 L 45
53 0 L 46
54 0 L 47
55 1 L 48
56 1 U -1
57 1 U 56
# score :74 1473613
# W : 698879 , H : 646228
58
0 1 U -1
1 0 U 0
2 1 U 1
3 1 U 2
4 0 U 3
5 0 U 4
6 1 U 5
7 0 U -1
8 1 U 7
9 1 U 8
10 0 U 9
11 0 U 10
12 0 U 11
13 0 U 12
14 1 U -1
15 0 U 14
16 1 U 15
17 0 U 16
18 1 U 17
19 1 U 18
20 0 U 19
21 0 U -1
22 1 U 21
23 0 U 22
24 1 U 23
25 0 U 24
26 0 U 25
27 1 U 26
28 0 U -1
29 0 U 28
30 1 U 29
31 0 U 30
32 1 U 31
33 0 U 32
34 0 U 33
35 1 U -1
36 1 U 35
37 0 U 36
38 1 U 37
39 1 U 38
40 0 U 39
41 1 U 40
42 1 U -1
43 1 U 42
44 0 U 43
45 0 U 44
46 1 U 45
47 0 U 46
48 1 U 47
49 1 L 42
50 0 L 43
51 1 L 44
52 0 L 45
53 1 L 46
54 1 L 47
55 1 L 48
56 1 U -1
57 0 U 56
# score :75 1352725
# W : 527786 , H : 721663
58
0 1 U -1
1 1 U 0
2 0 U 1
3 1 U 2
4 0 U 3
5 1 U 4
6 0 U 5
7 0 U -1
8 0 U 7
9 0 U 8
10 1 U 9
11 1 U 10
12 1 U 11
13 0 U 12
14 1 U -1
15 1 U 14
16 1 U 15
17 0 U 16
18 1 U 17
19 1 U 18
20 1 U 19
21 0 U -1
22 1 U 21
23 0 U 22
24 1 U 23
25 1 U 24
26 0 U 25
27 0 U 26
28 1 U -1
29 1 U 28
30 1 U 29
31 1 U 30
32 1 U 31
33 0 U 32
34 0 U 33
35 0 U -1
36 0 U 35
37 0 U 36
38 1 U 37
39 0 U 38
40 0 U 39
41 0 U 40
42 1 U -1
43 1 U 42
44 0 U 43
45 0 U 44
46 1 U 45
47 1 U 46
48 1 U 47
49 1 L 35
50 0 L 36
51 0 L 37
52 1 L 38
53 0 L 39
54 1 L 40
55 1 L 41
56 0 U -1
57 1 U 56
# score :76 1480323
# W : 871583 , H : 588371
58
0 0 U -1
1 0 U 0
2 1 U 1
3 1 U 2
4 0 U 3
5 1 U 4
6 1 U 5
7 1 U -1
8 1 U 7
9 1 U 8
10 0 U 9
11 0 U 10
12 1 U 11
13 1 U 12
14 1 U -1
15 0 U 14
16 0 U 15
17 0 U 16
18 0 U 17
19 1 U 18
20 0 U 19
21 0 U -1
22 0 U 21
23 1 U 22
24 0 U 23
25 1 U 24
26 0 U 25
27 0 U 26
28 0 U -1
29 0 U 28
30 0 U 29
31 0 U 30
32 0 U 31
33 0 U 32
34 0 U 33
35 1 U -1
36 0 U 35
37 1 U 36
38 1 U 37
39 1 U 38
40 1 U 39
41 0 U 40
42 0 U -1
43 0 U 42
44 0 U 43
45 1 U 44
46 0 U 45
47 1 U 46
48 0 U 47
49 0 L 35
50 1 L 36
51 0 L 37
52 1 L 38
53 1 L 39
54 1 L 40
55 0 L 41
56 1 U -1
57 1 U 56
# score :77 1462937
# W : 675382 , H : 691044
58
0 0 U -1
1 1 U 0
2 1 U 1
3 1 U 2
4 1 U 3
5 0 U 4
6 1 U 5
7 1 U -1
8 1 U 7
9 1 U 8
10 1 U 9
11 0 U 10
12 0 U 11
13 1 U 12
14 0 U -1
15 0 U 14
16 1 U 15
17 1 U 16
18 0 U 17
19 1 U 18
20 0 U 19
21 0 U -1
22 0 U 21
23 0 U 22
24 0 U 23
25 1 U 24
26 1 U 25
27 1 U 26
28 1 U -1
29 1 U 28
30 0 U 29
31 1 U 30
32 0 U 31
33 0 U 32
34 0 U 33
35 1 U -1
36 0 U 35
37 1 U 36
38 1 U 37
39 1 U 38
40 0 U 39
41 0 U 40
42 1 U -1
43 1 U 42
44 0 U 43
45 1 U 44
46 0 U 45
47 1 U 46
48 1 U 47
49 1 L 35
50 1 L 36
51 1 L 37
52 0 L 38
53 1 L 39
54 0 L 40
55 1 L 41
56 0 U -1
57 0 U 56
# score :78 1559048
# W : 681571 , H : 661758
58
0 0 U -1
1 0 U 0
2 1 U 1
3 0 U 2
4 1 U 3
5 0 U 4
6 1 U 5
7 1 U -1
8 0 U 7
9 1 U 8
10 0 U 9
11 1 U 10
12 1 U 11
13 0 U 12
14 1 U -1
15 0 U 14
16 1 U 15
17 1 U 16
18 1 U 17
19 1 U 18
20 0 U 19
21 1 U -1
22 0 U 21
23 0 U 22
24 0 U 23
25 1 U 24
26 0 U 25
27 1 U 26
28 0 U -1
29 1 U 28
30 0 U 29
31 1 U 30
32 1 U 31
33 1 U 32
34 0 U 33
35 1 U -1
36 0 U 35
37 1 U 36
38 1 U 37
39 0 U 38
40 0 U 39
41 0 U 40
42 0 U -1
43 0 U 42
44 0 U 43
45 1 U 44
46 1 U 45
47 1 U 46
48 0 U 47
49 1 L 35
50 1 L 36
51 1 L 37
52 1 L 38
53 0 L 39
54 0 L 40
55 0 L 41
56 1 U -1
57 1 U 56
# score :79 1472986
# W : 749127 , H : 636663
58
0 0 U -1
1 1 U 0
2 0 U 1
3 0 U 2
4 1 U 3
5 0 U 4
6 0 U 5
7 0 U -1
8 0 U 7
9 1 U 8
10 1 U 9
11 0 U 10
12 1 U 11
13 1 U 12
14 0 U -1
15 0 U 14
16 0 U 15
17 0 U 16
18 1 U 17
19 1 U 18
20 1 U 19
21 0 U -1
22 0 U 21
23 1 U 22
24 1 U 23
25 1 U 24
26 1 U 25
27 0 U 26
28 0 U -1
29 1 U 28
30 1 U 29
31 1 U 30
32 0 U 31
33 0 U 32
34 0 U 33
35 0 U -1
36 0 U 35
37 0 U 36
38 1 U 37
39 1 U 38
40 0 U 39
41 0 U 40
42 0 U -1
43 1 U 42
44 0 U 43
45 0 U 44
46 0 U 45
47 1 U 46
48 0 U 47
49 1 U -1
50 1 U 49
51 1 U 50
52 1 U 51
53 0 U 52
54 1 U 53
55 1 U 54
56 1 U -1
57 1 U 56
# score :80 1324990
# W : 504809 , H : 744505
58
0 0 U -1
1 1 U 0
2 1 U 1
3 0 U 2
4 1 U 3
5 1 U 4
6 0 U 5
7 0 U -1
8 0 U 7
9 1 U 8
10 0 U 9
11 0 U 10
12 1 U 11
13 0 U 12
14 1 U -1
15 0 U 14
16 1 U 15
17 0 U 16
18 1 U 17
19 1 U 18
20 0 U 19
21 0 U -1
22 0 U 21
23 0 U 22
24 1 U 23
25 1 U 24
26 1 U 25
27 0 U 26
28 1 U -1
29 0 U 28
30 1 U 29
31 1 U 30
32 0 U 31
33 1 U 32
34 0 U 33
35 1 U -1
36 1 U 35
37 1 U 36
38 1 U 37
39 0 U 38
40 1 U 39
41 0 U 40
42 1 U -1
43 0 U 42
44 0 U 43
45 1 U 44
46 1 U 45
47 0 U 46
48 1 U 47
49 1 U -1
50 0 U 49
51 1 U 50
52 1 U 51
53 1 U 52
54 1 U 53
55 1 U 54
56 1 U -1
57 1 U 56
# score :81 1340201
# W : 507527 , H : 734160
58
0 0 U -1
1 0 U 0
2 0 U 1
3 0 U 2
4 0 U 3
5 1 U 4
6 1 U 5
7 0 U -1
8 1 U 7
9 0 U 8
10 1 U 9
11 0 U 10
12 1 U 11
13 1 U 12
14 0 U -1
15 1 U 14
16 1 U 15
17 1 U 16
18 1 U 17
19 1 U 18
20 1 U 19
21 1 U -1
22 0 U 21
23 1 U 22
24 1 U 23
25 1 U 24
26 0 U 25
27 0 U 26
28 1 U -1
29 0 U 28
30 1 U 29
31 1 U 30
32 1 U 31
33 1 U 32
34 0 U 33
35 1 U -1
36 0 U 35
37 1 U 36
38 0 U 37
39 1 U 38
40 1 U 39
41 1 U 40
42 1 U -1
43 1 U 42
44 0 U 43
45 0 U 44
46 1 U 45
47 1 U 46
48 0 U 47
49 0 L 42
50 0 L 43
51 0 L 44
52 1 L 45
53 0 L 46
54 0 L 47
55 1 L 48
56 1 U -1
57 1 U 56
# score :82 1437879
# W : 824248 , H : 638027
58
0 0 U -1
1 1 U 0
2 0 U 1
3 1 U 2
4 1 U 3
5 0 U 4
6 1 U 5
7 0 U -1
8 1 U 7
9 1 U 8
10 0 U 9
11 0 U 10
12 1 U 11
13 0 U 12
14 0 U -1
15 0 U 14
16 1 U 15
17 0 U 16
18 0 U 17
19 1 U 18
20 0 U 19
21 1 U -1
22 0 U 21
23 0 U 22
24 1 U 23
25 0 U 24
26 1 U 25
27 0 U 26
28 0 U -1
29 1 U 28
30 1 U 29
31 0 U 30
32 1 U 31
33 0 U 32
34 1 U 33
35 0 U -1
36 1 U 35
37 0 U 36
38 1 U 37
39 0 U 38
40 0 U 39
41 1 U 40
42 1 U -1
43 1 U 42
44 1 U 43
45 1 U 44
46 1 U 45
47 1 U 46
48 0 U 47
49 0 L 42
50 1 L 43
51 1 L 44
52 0 L 45
53 1 L 46
54 0 L 47
55 0 L 48
56 1 U -1
57 1 U 56
# score :83 1434743
# W : 620242 , H : 664395
58
0 0 U -1
1 0 U 0
2 0 U 1
3 1 U 2
4 1 U 3
5 0 U 4
6 0 U 5
7 0 U -1
8 1 U 7
9 1 U 8
10 1 U 9
11 1 U 10
12 0 U 11
13 0 U 12
14 1 U -1
15 1 U 14
16 1 U 15
17 1 U 16
18 1 U 17
19 0 U 18
20 1 U 19
21 1 U -1
22 0 U 21
23 1 U 22
24 1 U 23
25 0 U 24
26 1 U 25
27 0 U 26
28 1 U -1
29 1 U 28
30 0 U 29
31 0 U 30
32 1 U 31
33 0 U 32
34 1 U 33
35 1 U -1
36 1 U 35
37 1 U 36
38 1 U 37
39 1 U 38
40 1 U 39
41 1 U 40
42 1 U -1
43 1 U 42
44 0 U 43
45 1 U 44
46 0 U 45
47 1 U 46
48 0 U 47
49 1 L 35
50 1 L 36
51 0 L 37
52 0 L 38
53 0 L 39
54 0 L 40
55 0 L 41
56 0 U -1
57 0 U 56
# score :84 1510203
# W : 886039 , H : 624560
58
0 0 U -1
1 0 U 0
2 1 U 1
3 1 U 2
4 1 U 3
5 0 U 4
6 0 U 5
7 1 U -1
8 0 U 7
9 0 U 8
10 0 U 9
11 1 U 10
12 0 U 11
13 0 U 12
14 0 U -1
15 1 U 14
16 1 U 15
17 0 U 16
18 0 U 17
19 1 U 18
20 1 U 19
21 1 U -1
22 0 U 21
23 0 U 22
24 0 U 23
25 0 U 24
26 1 U 25
27 1 U 26
28 1 U -1
29 1 U 28
30 1 U 29
31 1 U 30
32 1 U 31
33 0 U 32
34 1 U 33
35 0 U -1
36 0 U 35
37 0 U 36
38 1 U 37
39 1 U 38
40 1 U 39
41 0 U 40
42 0 U -1
43 1 U 42
44 1 U 43
45 0 U 44
46 0 U 45
47 1 U 46
48 1 U 47
49 0 L 35
50 1 L 36
51 1 L 37
52 0 L 38
53 0 L 39
54 0 L 40
55 1 L 41
56 0 U -1
57 1 U 56
# score :85 1581430
# W : 796081 , H : 641052
58
0 1 U -1
1 0 U 0
2 0 U 1
3 0 U 2
4 0 U 3
5 1 U 4
6 1 U 5
7 0 U -1
8 1 U 7
9 0 U 8
10 0 U 9
11 0 U 10
12 1 U 11
13 0 U 12
14 0 U -1
15 1 U 14
16 0 U 15
17 1 U 16
18 0 U 17
19 1 U 18
20 0 U 19
21 0 U -1
22 0 U 21
23 0 U 22
24 1 U 23
25 0 U 24
26 0 U 25
27 0 U 26
28 1 U -1
29 1 U 28
30 1 U 29
31 1 U 30
32 1 U 31
33 1 U 32
34 0 U 33
35 1 U -1
36 0 U 35
37 0 U 36
38 0 U 37
39 1 U 38
40 0 U 39
41 1 U 40
42 1 U -1
43 1 U 42
44 1 U 43
45 1 U 44
46 0 U 45
47 0 U 46
48 0 U 47
49 1 L 35
50 1 L 36
51 1 L 37
52 1 L 38
53 0 L 39
54 1 L 40
55 0 L 41
56 1 U -1
57 1 U 56
# score :86 1519801
# W : 882846 , H : 598265
58
0 1 U -1
1 1 U 0
2 0 U 1
3 0 U 2
4 1 U 3
5 1 U 4
6 0 U 5
7 1 U -1
8 0 U 7
9 0 U 8
10 1 U 9
11 1 U 10
12 1 U 11
13 0 U 12
14 1 U -1
15 1 U 14
16 0 U 15
17 0 U 16
18 1 U 17
19 1 U 18
20 0 U 19
21 0 U -1
22 0 U 21
23 1 U 22
24 0 U 23
25 1 U 24
26 0 U 25
27 1 U 26
28 1 U -1
29 1 U 28
30 1 U 29
31 0 U 30
32 1 U 31
33 0 U 32
34 0 U 33
35 1 U -1
36 0 U 35
37 0 U 36
38 1 U 37
39 1 U 38
40 0 U 39
41 0 U 40
42 1 U -1
43 1 U 42
44 1 U 43
45 1 U 44
46 0 U 45
47 1 U 46
48 1 U 47
49 0 L 35
50 0 L 36
51 0 L 37
52 1 L 38
53 1 L 39
54 1 L 40
55 0 L 41
56 0 U -1
57 1 U 56
# score :87 1499332
# W : 777695 , H : 623478
58
0 0 U -1
1 0 U 0
2 1 U 1
3 0 U 2
4 1 U 3
5 1 U 4
6 1 U 5
7 1 U -1
8 0 U 7
9 0 U 8
10 0 U 9
11 1 U 10
12 1 U 11
13 0 U 12
14 1 U -1
15 1 U 14
16 0 U 15
17 0 U 16
18 1 U 17
19 1 U 18
20 1 U 19
21 0 U -1
22 1 U 21
23 0 U 22
24 0 U 23
25 0 U 24
26 0 U 25
27 0 U 26
28 0 U -1
29 1 U 28
30 1 U 29
31 0 U 30
32 0 U 31
33 1 U 32
34 1 U 33
35 0 U -1
36 0 U 35
37 0 U 36
38 0 U 37
39 1 U 38
40 1 U 39
41 1 U 40
42 1 U -1
43 0 U 42
44 1 U 43
45 0 U 44
46 1 U 45
47 0 U 46
48 1 U 47
49 1 U -1
50 0 U 49
51 0 U 50
52 1 U 51
53 1 U 52
54 1 U 53
55 0 U 54
56 1 U -1
57 1 U 56
# score :88 1334334
# W : 509401 , H : 690801
58
0 0 U -1
1 1 U 0
2 1 U 1
3 1 U 2
4 1 U 3
5 0 U 4
6 0 U 5
7 0 U -1
8 0 U 7
9 0 U 8
10 0 U 9
11 0 U 10
12 0 U 11
13 1 U 12
14 1 U -1
15 1 U 14
16 0 U 15
17 1 U 16
18 1 U 17
19 1 U 18
20 0 U 19
21 0 U -1
22 1 U 21
23 0 U 22
24 0 U 23
25 0 U 24
26 1 U 25
27 1 U 26
28 0 U -1
29 0 U 28
30 0 U 29
31 0 U 30
32 1 U 31
33 0 U 32
34 0 U 33
35 1 U -1
36 1 U 35
37 1 U 36
38 0 U 37
39 0 U 38
40 0 U 39
41 1 U 40
42 0 U -1
43 0 U 42
44 0 U 43
45 1 U 44
46 1 U 45
47 1 U 46
48 0 U 47
49 0 U -1
50 1 U 49
51 0 U 50
52 0 U 51
53 1 U 52
54 0 U 53
55 0 U 54
56 1 U -1
57 1 U 56
# score :89 1407797
# W : 584534 , H : 798018
58
0 0 U -1
1 1 U 0
2 1 U 1
3 0 U 2
4 0 U 3
5 1 U 4
6 1 U 5
7 0 U -1
8 1 U 7
9 1 U 8
10 0 U 9
11 0 U 10
12 1 U 11
13 1 U 12
14 0 U -1
15 1 U 14
16 0 U 15
17 1 U 16
18 1 U 17
19 1 U 18
20 0 U 19
21 1 U -1
22 0 U 21
23 1 U 22
24 0 U 23
25 0 U 24
26 0 U 25
27 0 U 26
28 1 U -1
29 0 U 28
30 0 U 29
31 0 U 30
32 1 U 31
33 1 U 32
34 1 U 33
35 0 U -1
36 1 U 35
37 1 U 36
38 1 U 37
39 1 U 38
40 0 U 39
41 1 U 40
42 0 U -1
43 0 U 42
44 0 U 43
45 1 U 44
46 1 U 45
47 0 U 46
48 0 U 47
49 0 L 42
50 1 L 43
51 0 L 44
52 0 L 45
53 1 L 46
54 1 L 47
55 1 L 48
56 1 U -1
57 1 U 56
# score :90 1334874
# W : 579572 , H : 634615
58
0 0 U -1
1 0 U 0
2 1 U 1
3 0 U 2
4 0 U 3
5 1 U 4
6 1 U 5
7 1 U -1
8 0 U 7
9 1 U 8
10 0 U 9
11 0 U 10
12 0 U 11
13 0 U 12
14 1 U -1
15 0 U 14
16 0 U 15
17 0 U 16
18 1 U 17
19 1 U 18
20 0 U 19
21 1 U -1
22 0 U 21
23 0 U 22
24 0 U 23
25 1 U 24
26 1 U 25
27 0 U 26
28 1 U -1
29 1 U 28
30 0 U 29
31 0 U 30
32 0 U 31
33 1 U 32
34 0 U 33
35 1 U -1
36 1 U 35
37 1 U 36
38 0 U 37
39 1 U 38
40 1 U 39
41 0 U 40
42 1 U -1
43 1 U 42
44 0 U 43
45 1 U 44
46 0 U 45
47 0 U 46
48 1 U 47
49 1 L 42
50 1 L 43
51 0 L 44
52 0 L 45
53 0 L 46
54 1 L 47
55 1 L 48
56 1 U -1
57 1 U 56
# score :91 1465066
# W : 750322 , H : 641177
58
0 0 U -1
1 0 U 0
2 0 U 1
3 1 U 2
4 1 U 3
5 0 U 4
6 0 U 5
7 1 U -1
8 1 U 7
9 0 U 8
10 1 U 9
11 1 U 10
12 1 U 11
13 0 U 12
14 0 U -1
15 1 U 14
16 1 U 15
17 1 U 16
18 1 U 17
19 0 U 18
20 1 U 19
21 1 U -1
22 0 U 21
23 1 U 22
24 0 U 23
25 1 U 24
26 1 U 25
27 1 U 26
28 0 U -1
29 0 U 28
30 0 U 29
31 0 U 30
32 1 U 31
33 0 U 32
34 0 U 33
35 1 U -1
36 1 U 35
37 0 U 36
38 0 U 37
39 0 U 38
40 1 U 39
41 1 U 40
42 0 U -1
43 0 U 42
44 0 U 43
45 0 U 44
46 1 U 45
47 1 U 46
48 1 U 47
49 0 L 35
50 1 L 36
51 0 L 37
52 1 L 38
53 0 L 39
54 0 L 40
55 0 L 41
56 0 U -1
57 1 U 56
# score :92 1504940
# W : 813860 , H : 647412
58
0 1 U -1
1 1 U 0
2 0 U 1
3 0 U 2
4 1 U 3
5 1 U 4
6 0 U 5
7 0 U -1
8 0 U 7
9 0 U 8
10 0 U 9
11 0 U 10
12 0 U 11
13 1 U 12
14 0 U -1
15 1 U 14
16 0 U 15
17 0 U 16
18 1 U 17
19 0 U 18
20 1 U 19
21 1 U -1
22 0 U 21
23 1 U 22
24 1 U 23
25 1 U 24
26 1 U 25
27 1 U 26
28 0 U -1
29 1 U 28
30 1 U 29
31 0 U 30
32 0 U 31
33 1 U 32
34 1 U 33
35 1 U -1
36 0 U 35
37 0 U 36
38 0 U 37
39 1 U 38
40 0 U 39
41 0 U 40
42 0 U -1
43 1 U 42
44 0 U 43
45 1 U 44
46 1 U 45
47 0 U 46
48 1 U 47
49 0 L 35
50 1 L 36
51 1 L 37
52 1 L 38
53 1 L 39
54 0 L 40
55 0 L 41
56 1 U -1
57 1 U 56
# score :93 1447681
# W : 612796 , H : 596757
58
0 0 U -1
1 0 U 0
2 1 U 1
3 1 U 2
4 0 U 3
5 1 U 4
6 1 U 5
7 1 U -1
8 0 U 7
9 1 U 8
10 0 U 9
11 0 U 10
12 0 U 11
13 0 U 12
14 0 U -1
15 0 U 14
16 1 U 15
17 1 U 16
18 0 U 17
19 1 U 18
20 1 U 19
21 1 U -1
22 1 U 21
23 1 U 22
24 0 U 23
25 0 U 24
26 0 U 25
27 0 U 26
28 0 U -1
29 1 U 28
30 0 U 29
31 0 U 30
32 1 U 31
33 0 U 32
34 0 U 33
35 0 U -1
36 0 U 35
37 0 U 36
38 1 U 37
39 0 U 38
40 1 U 39
41 1 U 40
42 1 U -1
43 0 U 42
44 0 U 43
45 0 U 44
46 0 U 45
47 1 U 46
48 0 U 47
49 0 L 35
50 1 L 36
51 0 L 37
52 0 L 38
53 0 L 39
54 0 L 40
55 0 L 41
56 1 U -1
57 1 U 56
# score :94 1570767
# W : 809700 , H : 624323
58
0 1 U -1
1 1 U 0
2 0 U 1
3 0 U 2
4 1 U 3
5 1 U 4
6 1 U 5
7 0 U -1
8 0 U 7
9 0 U 8
10 1 U 9
11 0 U 10
12 1 U 11
13 0 U 12
14 1 U -1
15 0 U 14
16 1 U 15
17 1 U 16
18 0 U 17
19 1 U 18
20 0 U 19
21 0 U -1
22 0 U 21
23 0 U 22
24 1 U 23
25 1 U 24
26 0 U 25
27 1 U 26
28 1 U -1
29 1 U 28
30 0 U 29
31 0 U 30
32 1 U 31
33 0 U 32
34 0 U 33
35 0 U -1
36 0 U 35
37 1 U 36
38 1 U 37
39 1 U 38
40 0 U 39
41 0 U 40
42 1 U -1
43 1 U 42
44 1 U 43
45 1 U 44
46 0 U 45
47 0 U 46
48 1 U 47
49 0 L 35
50 0 L 36
51 0 L 37
52 1 L 38
53 1 L 39
54 0 L 40
55 0 L 41
56 1 U -1
57 0 U 56
# score :95 1566762
# W : 902879 , H : 617972
58
0 1 U -1
1 0 U 0
2 0 U 1
3 1 U 2
4 1 U 3
5 1 U 4
6 0 U 5
7 1 U -1
8 0 U 7
9 0 U 8
10 1 U 9
11 0 U 10
12 0 U 11
13 1 U 12
14 1 U -1
15 1 U 14
16 0 U 15
17 1 U 16
18 1 U 17
19 1 U 18
20 0 U 19
21 1 U -1
22 0 U 21
23 0 U 22
24 1 U 23
25 1 U 24
26 1 U 25
27 1 U 26
28 0 U -1
29 1 U 28
30 0 U 29
31 0 U 30
32 0 U 31
33 0 U 32
34 0 U 33
35 1 U -1
36 1 U 35
37 1 U 36
38 1 U 37
39 1 U 38
40 1 U 39
41 0 U 40
42 1 U -1
43 1 U 42
44 1 U 43
45 1 U 44
46 0 U 45
47 0 U 46
48 0 U 47
49 1 U -1
50 1 U 49
51 0 U 50
52 0 U 51
53 1 U 52
54 1 U 53
55 1 U 54
56 0 U -1
57 0 U 56
# score :96 1354945
# W : 556639 , H : 745680
58
0 1 U -1
1 0 U 0
2 1 U 1
3 0 U 2
4 0 U 3
5 0 U 4
6 0 U 5
7 0 U -1
8 1 U 7
9 1 U 8
10 1 U 9
11 1 U 10
12 0 U 11
13 1 U 12
14 0 U -1
15 0 U 14
16 1 U 15
17 0 U 16
18 1 U 17
19 0 U 18
20 1 U 19
21 1 U -1
22 0 U 21
23 0 U 22
24 0 U 23
25 1 U 24
26 0 U 25
27 0 U 26
28 1 U -1
29 1 U 28
30 1 U 29
31 1 U 30
32 0 U 31
33 0 U 32
34 1 U 33
35 0 U -1
36 1 U 35
37 1 U 36
38 0 U 37
39 0 U 38
40 1 U 39
41 1 U 40
42 1 U -1
43 0 U 42
44 1 U 43
45 1 U 44
46 0 U 45
47 0 U 46
48 1 U 47
49 1 U -1
50 0 U 49
51 1 U 50
52 0 U 51
53 0 U 52
54 0 U 53
55 0 U 54
56 1 U -1
57 0 U 56
# score :97 1388690
# W : 541163 , H : 723797
58
0 0 U -1
1 0 U 0
2 1 U 1
3 1 U 2
4 0 U 3
5 0 U 4
6 0 U 5
7 1 U -1
8 1 U 7
9 1 U 8
10 0 U 9
11 0 U 10
12 0 U 11
13 1 U 12
14 1 U -1
15 0 U 14
16 0 U 15
17 0 U 16
18 1 U 17
19 0 U 18
20 0 U 19
21 1 U -1
22 1 U 21
23 1 U 22
24 1 U 23
25 0 U 24
26 0 U 25
27 0 U 26
28 0 U -1
29 1 U 28
30 0 U 29
31 0 U 30
32 0 U 31
33 0 U 32
34 0 U 33
35 1 U -1
36 0 U 35
37 0 U 36
38 1 U 37
39 1 U 38
40 1 U 39
41 0 U 40
42 0 U -1
43 0 U 42
44 1 U 43
45 0 U 44
46 1 U 45
47 1 U 46
48 0 U 47
49 0 L 42
50 1 L 43
51 0 L 44
52 1 L 45
53 0 L 46
54 1 L 47
55 0 L 48
56 1 U -1
57 0 U 56
# score :98 1430572
# W : 748685 , H : 740702
58
0 0 U -1
1 0 U 0
2 1 U 1
3 1 U 2
4 1 U 3
5 1 U 4
6 1 U 5
7 1 U -1
8 0 U 7
9 1 U 8
10 0 U 9
11 0 U 10
12 1 U 11
13 1 U 12
14 0 U -1
15 1 U 14
16 1 U 15
17 0 U 16
18 1 U 17
19 1 U 18
20 0 U 19
21 0 U -1
22 0 U 21
23 0 U 22
24 0 U 23
25 1 U 24
26 0 U 25
27 1 U 26
28 1 U -1
29 0 U 28
30 1 U 29
31 0 U 30
32 1 U 31
33 0 U 32
34 0 U 33
35 0 U -1
36 0 U 35
37 0 U 36
38 0 U 37
39 0 U 38
40 1 U 39
41 1 U 40
42 0 U -1
43 0 U 42
44 0 U 43
45 1 U 44
46 0 U 45
47 1 U 46
48 1 U 47
49 1 L 42
50 1 L 43
51 0 L 44
52 1 L 45
53 1 L 46
54 0 L 47
55 0 L 48
56 1 U -1
57 0 U 56
# score :99 1346529
# W : 552182 , H : 660141
