44
0 0 U -1
1 0 U 0
2 0 U 1
3 0 U 2
4 0 U 3
5 0 U 4
6 0 U -1
7 0 U 6
8 0 U 7
9 0 U 8
10 0 U 9
11 0 U 10
12 0 U -1
13 0 U 12
14 0 U 13
15 0 U 14
16 0 U 15
17 0 U 16
18 0 U -1
19 0 U 18
20 0 U 19
21 0 U 20
22 0 U 21
23 0 U 22
24 0 U -1
25 0 U 24
26 0 U 25
27 0 U 26
28 0 U 27
29 0 U 28
30 0 U -1
31 0 U 30
32 0 U 31
33 0 U 32
34 0 U 33
35 0 U 34
36 0 U -1
37 0 U 36
38 0 U 37
39 0 U 38
40 0 U 39
41 0 U 40
42 0 U -1
43 0 U 42
# score :0 1158107
# W : 449959 , H : 591801
44
0 1 U -1
1 0 U 0
2 0 U 1
3 1 U 2
4 0 U 3
5 0 U 4
6 0 U -1
7 0 U 6
8 1 U 7
9 0 U 8
10 1 U 9
11 1 U 10
12 0 U -1
13 1 U 12
14 0 U 13
15 1 U 14
16 1 U 15
17 1 U 16
18 0 U -1
19 1 U 18
20 1 U 19
21 1 U 20
22 1 U 21
23 1 U 22
24 1 U -1
25 0 U 24
26 1 U 25
27 1 U 26
28 0 U 27
29 0 U 28
30 0 U -1
31 0 U 30
32 1 U 31
33 0 U 32
34 0 U 33
35 1 U 34
36 0 U -1
37 1 U 36
38 0 U 37
39 0 U 38
40 0 U 39
41 1 U 40
42 1 U -1
43 0 U 42
# score :1 1216614
# W : 536163 , H : 506123
44
0 0 U -1
1 0 U 0
2 0 U 1
3 0 U 2
4 0 U 3
5 0 U 4
6 0 U -1
7 0 U 6
8 0 U 7
9 0 U 8
10 0 U 9
11 0 U 10
12 0 U -1
13 0 U 12
14 0 U 13
15 0 U 14
16 0 U 15
17 0 U 16
18 0 U -1
19 0 U 18
20 0 U 19
21 0 U 20
22 0 U 21
23 0 U 22
24 0 U -1
25 0 U 24
26 0 U 25
27 0 U 26
28 0 U 27
29 0 U 28
30 0 U -1
31 0 U 30
32 0 U 31
33 0 U 32
34 0 U 33
35 0 U 34
36 0 L 30
37 0 L 31
38 0 L 32
39 0 L 33
40 0 L 34
41 0 L 35
42 0 U -1
43 0 U 42
# score :2 1490255
# W : 842987 , H : 524617
44
0 1 U -1
1 0 U 0
2 0 U 1
3 1 U 2
4 0 U 3
5 0 U 4
6 0 U -1
7 0 U 6
8 1 U 7
9 0 U 8
10 1 U 9
11 1 U 10
12 0 U -1
13 1 U 12
14 0 U 13
15 1 U 14
16 1 U 15
17 1 U 16
18 0 U -1
19 1 U 18
20 1 U 19
21 1 U 20
22 1 U 21
23 1 U 22
24 1 U -1
25 0 U 24
26 1 U 25
27 1 U 26
28 0 U 27
29 0 U 28
30 0 U -1
31 0 U 30
32 1 U 31
33 0 U 32
34 0 U 33
35 1 U 34
36 0 L 30
37 1 L 31
38 0 L 32
39 0 L 33
40 0 L 34
41 1 L 35
42 1 U -1
43 0 U 42
# score :3 1345749
# W : 875284 , H : 475201
44
0 0 U -1
1 0 U 0
2 0 U 1
3 0 U 2
4 0 U 3
5 0 U 4
6 0 U -1
7 0 U 6
8 0 U 7
9 0 U 8
10 0 U 9
11 0 U 10
12 0 U -1
13 0 U 12
14 0 U 13
15 0 U 14
16 0 U 15
17 0 U 16
18 0 U -1
19 0 U 18
20 0 U 19
21 0 U 20
22 0 U 21
23 0 U 22
24 0 U -1
25 0 U 24
26 0 U 25
27 0 U 26
28 0 U 27
29 0 U 28
30 0 U -1
31 0 U 30
32 0 U 31
33 0 U 32
34 0 U 33
35 0 U 34
36 0 L 24
37 0 L 25
38 0 L 26
39 0 L 27
40 0 L 28
41 0 L 29
42 0 U -1
43 0 U 42
# score :4 1426792
# W : 839799 , H : 518410
44
0 1 U -1
1 0 U 0
2 0 U 1
3 1 U 2
4 0 U 3
5 0 U 4
6 0 U -1
7 0 U 6
8 1 U 7
9 0 U 8
10 1 U 9
11 1 U 10
12 0 U -1
13 1 U 12
14 0 U 13
15 1 U 14
16 1 U 15
17 1 U 16
18 0 U -1
19 1 U 18
20 1 U 19
21 1 U 20
22 1 U 21
23 1 U 22
24 1 U -1
25 0 U 24
26 1 U 25
27 1 U 26
28 0 U 27
29 0 U 28
30 0 U -1
31 0 U 30
32 1 U 31
33 0 U 32
34 0 U 33
35 1 U 34
36 0 L 24
37 1 L 25
38 0 L 26
39 0 L 27
40 0 L 28
41 1 L 29
42 1 U -1
43 0 U 42
# score :5 1380252
# W : 921666 , H : 462330
44
0 0 U -1
1 0 U 0
2 0 U 1
3 0 U 2
4 0 U 3
5 0 U 4
6 0 U -1
7 0 U 6
8 0 U 7
9 0 U 8
10 0 U 9
11 0 U 10
12 0 U -1
13 0 U 12
14 0 U 13
15 0 U 14
16 0 U 15
17 0 U 16
18 0 U -1
19 0 U 18
20 0 U 19
21 0 U 20
22 0 U 21
23 0 U 22
24 0 U -1
25 0 U 24
26 0 U 25
27 0 U 26
28 0 U 27
29 0 U 28
30 0 U -1
31 0 U 30
32 0 U 31
33 0 U 32
34 0 U 33
35 0 U 34
36 0 L 24
37 0 L 25
38 0 L 26
39 0 L 27
40 0 L 28
41 0 L 29
42 0 U -1
43 0 U 42
# score :6 1426792
# W : 846092 , H : 520863
44
0 1 U -1
1 0 U 0
2 0 U 1
3 1 U 2
4 0 U 3
5 0 U 4
6 0 U -1
7 0 U 6
8 1 U 7
9 0 U 8
10 1 U 9
11 1 U 10
12 0 U -1
13 1 U 12
14 0 U 13
15 1 U 14
16 1 U 15
17 1 U 16
18 0 U -1
19 1 U 18
20 1 U 19
21 1 U 20
22 1 U 21
23 1 U 22
24 1 U -1
25 0 U 24
26 1 U 25
27 1 U 26
28 0 U 27
29 0 U 28
30 0 U -1
31 0 U 30
32 1 U 31
33 0 U 32
34 0 U 33
35 1 U 34
36 0 L 24
37 1 L 25
38 0 L 26
39 0 L 27
40 0 L 28
41 1 L 29
42 1 U -1
43 0 U 42
# score :7 1380252
# W : 915626 , H : 445948
44
0 0 U -1
1 1 U 0
2 1 U 1
3 0 U 2
4 0 U 3
5 0 U 4
6 0 U -1
7 0 U 6
8 0 U 7
9 1 U 8
10 0 U 9
11 1 U 10
12 1 U -1
13 1 U 12
14 0 U 13
15 0 U 14
16 0 U 15
17 0 U 16
18 1 U -1
19 0 U 18
20 0 U 19
21 1 U 20
22 1 U 21
23 0 U 22
24 1 U -1
25 1 U 24
26 1 U 25
27 0 U 26
28 0 U 27
29 1 U 28
30 1 U -1
31 0 U 30
32 1 U 31
33 0 U 32
34 1 U 33
35 1 U 34
36 1 U -1
37 0 U 36
38 1 U 37
39 0 U 38
40 0 U 39
41 1 U 40
42 1 U -1
43 1 U 42
# score :8 1171751
# W : 465846 , H : 614521
44
0 1 U -1
1 0 U 0
2 1 U 1
3 0 U 2
4 1 U 3
5 1 U 4
6 1 U -1
7 0 U 6
8 1 U 7
9 0 U 8
10 1 U 9
11 0 U 10
12 0 U -1
13 1 U 12
14 0 U 13
15 1 U 14
16 0 U 15
17 1 U 16
18 0 U -1
19 0 U 18
20 0 U 19
21 0 U 20
22 0 U 21
23 1 U 22
24 1 U -1
25 0 U 24
26 0 U 25
27 1 U 26
28 1 U 27
29 1 U 28
30 0 U -1
31 0 U 30
32 1 U 31
33 1 U 32
34 0 U 33
35 1 U 34
36 1 U -1
37 0 U 36
38 1 U 37
39 1 U 38
40 0 U 39
41 1 U 40
42 0 U -1
43 0 U 42
# score :9 1245560
# W : 510233 , H : 580978
44
0 1 U -1
1 0 U 0
2 1 U 1
3 0 U 2
4 0 U 3
5 1 U 4
6 0 U -1
7 1 U 6
8 0 U 7
9 0 U 8
10 0 U 9
11 0 U 10
12 1 U -1
13 1 U 12
14 1 U 13
15 1 U 14
16 1 U 15
17 0 U 16
18 1 U -1
19 0 U 18
20 1 U 19
21 1 U 20
22 0 U 21
23 1 U 22
24 1 U -1
25 1 U 24
26 0 U 25
27 0 U 26
28 1 U 27
29 1 U 28
30 0 U -1
31 0 U 30
32 0 U 31
33 1 U 32
34 0 U 33
35 0 U 34
36 0 L 30
37 0 L 31
38 1 L 32
39 0 L 33
40 0 L 34
41 1 L 35
42 1 U -1
43 1 U 42
# score :10 1457205
# W : 795457 , H : 583117
44
0 1 U -1
1 1 U 0
2 1 U 1
3 0 U 2
4 1 U 3
5 1 U 4
6 1 U -1
7 0 U 6
8 1 U 7
9 1 U 8
10 0 U 9
11 1 U 10
12 1 U -1
13 0 U 12
14 0 U 13
15 0 U 14
16 1 U 15
17 1 U 16
18 1 U -1
19 0 U 18
20 1 U 19
21 0 U 20
22 0 U 21
23 1 U 22
24 1 U -1
25 1 U 24
26 0 U 25
27 0 U 26
28 0 U 27
29 0 U 28
30 1 U -1
31 0 U 30
32 1 U 31
33 1 U 32
34 1 U 33
35 0 U 34
36 0 L 30
37 0 L 31
38 1 L 32
39 1 L 33
40 0 L 34
41 1 L 35
42 1 U -1
43 0 U 42
# score :11 1510723
# W : 683789 , H : 597758
44
0 1 U -1
1 1 U 0
2 1 U 1
3 1 U 2
4 1 U 3
5 0 U 4
6 1 U -1
7 1 U 6
8 0 U 7
9 0 U 8
10 1 U 9
11 1 U 10
12 0 U -1
13 1 U 12
14 0 U 13
15 1 U 14
16 1 U 15
17 1 U 16
18 1 U -1
19 1 U 18
20 0 U 19
21 1 U 20
22 0 U 21
23 1 U 22
24 1 U -1
25 1 U 24
26 0 U 25
27 0 U 26
28 1 U 27
29 1 U 28
30 1 U -1
31 0 U 30
32 0 U 31
33 0 U 32
34 0 U 33
35 0 U 34
36 0 L 24
37 1 L 25
38 0 L 26
39 0 L 27
40 1 L 28
41 1 L 29
42 0 U -1
43 1 U 42
# score :12 1418858
# W : 714805 , H : 485159
44
0 0 U -1
1 0 U 0
2 1 U 1
3 0 U 2
4 1 U 3
5 1 U 4
6 1 U -1
7 0 U 6
8 1 U 7
9 0 U 8
10 1 U 9
11 0 U 10
12 1 U -1
13 0 U 12
14 1 U 13
15 0 U 14
16 1 U 15
17 0 U 16
18 0 U -1
19 1 U 18
20 1 U 19
21 0 U 20
22 1 U 21
23 1 U 22
24 0 U -1
25 0 U 24
26 0 U 25
27 0 U 26
28 1 U 27
29 0 U 28
30 0 U -1
31 1 U 30
32 0 U 31
33 1 U 32
34 1 U 33
35 0 U 34
36 0 L 24
37 0 L 25
38 1 L 26
39 0 L 27
40 1 L 28
41 1 L 29
42 1 U -1
43 1 U 42
# score :13 1408829
# W : 717835 , H : 544144
44
0 1 U -1
1 1 U 0
2 0 U 1
3 0 U 2
4 1 U 3
5 0 U 4
6 0 U -1
7 0 U 6
8 1 U 7
9 1 U 8
10 0 U 9
11 1 U 10
12 0 U -1
13 0 U 12
14 1 U 13
15 0 U 14
16 1 U 15
17 1 U 16
18 1 U -1
19 0 U 18
20 1 U 19
21 1 U 20
22 0 U 21
23 0 U 22
24 0 U -1
25 1 U 24
26 0 U 25
27 0 U 26
28 1 U 27
29 1 U 28
30 0 U -1
31 1 U 30
32 1 U 31
33 1 U 32
34 1 U 33
35 1 U 34
36 1 L 24
37 1 L 25
38 0 L 26
39 1 L 27
40 1 L 28
41 1 L 29
42 0 U -1
43 1 U 42
# score :14 1494292
# W : 703963 , H : 575547
44
0 1 U -1
1 0 U 0
2 0 U 1
3 1 U 2
4 0 U 3
5 0 U 4
6 0 U -1
7 1 U 6
8 0 U 7
9 0 U 8
10 1 U 9
11 0 U 10
12 1 U -1
13 1 U 12
14 0 U 13
15 0 U 14
16 0 U 15
17 1 U 16
18 0 U -1
19 0 U 18
20 0 U 19
21 0 U 20
22 0 U 21
23 0 U 22
24 1 U -1
25 1 U 24
26 1 U 25
27 0 U 26
28 0 U 27
29 0 U 28
30 0 U -1
31 1 U 30
32 0 U 31
33 1 U 32
34 0 U 33
35 1 U 34
36 1 L 24
37 0 L 25
38 1 L 26
39 1 L 27
40 1 L 28
41 1 L 29
42 0 U -1
43 0 U 42
# score :15 1360243
# W : 683159 , H : 537675
44
0 0 U -1
1 1 U 0
2 0 U 1
3 1 U 2
4 1 U 3
5 1 U 4
6 1 U -1
7 1 U 6
8 1 U 7
9 0 U 8
10 0 U 9
11 1 U 10
12 0 U -1
13 1 U 12
14 0 U 13
15 1 U 14
16 0 U 15
17 0 U 16
18 1 U -1
19 1 U 18
20 0 U 19
21 0 U 20
22 1 U 21
23 1 U 22
24 0 U -1
25 1 U 24
26 0 U 25
27 1 U 26
28 0 U 27
29 1 U 28
30 0 U -1
31 1 U 30
32 1 U 31
33 1 U 32
34 0 U 33
35 0 U 34
36 0 U -1
37 1 U 36
38 0 U 37
39 0 U 38
40 1 U 39
41 0 U 40
42 1 U -1
43 0 U 42
# score :16 1199520
# W : 454598 , H : 612064
44
0 1 U -1
1 0 U 0
2 1 U 1
3 0 U 2
4 0 U 3
5 1 U 4
6 1 U -1
7 0 U 6
8 0 U 7
9 1 U 8
10 0 U 9
11 1 U 10
12 0 U -1
13 0 U 12
14 1 U 13
15 0 U 14
16 0 U 15
17 1 U 16
18 1 U -1
19 0 U 18
20 0 U 19
21 0 U 20
22 0 U 21
23 1 U 22
24 0 U -1
25 0 U 24
26 1 U 25
27 0 U 26
28 0 U 27
29 0 U 28
30 0 U -1
31 1 U 30
32 1 U 31
33 0 U 32
34 0 U 33
35 0 U 34
36 0 U -1
37 0 U 36
38 0 U 37
39 0 U 38
40 1 U 39
41 1 U 40
42 0 U -1
43 1 U 42
# score :17 1167894
# W : 448315 , H : 641288
44
0 0 U -1
1 0 U 0
2 0 U 1
3 1 U 2
4 1 U 3
5 1 U 4
6 1 U -1
7 0 U 6
8 1 U 7
9 0 U 8
10 0 U 9
11 1 U 10
12 0 U -1
13 0 U 12
14 1 U 13
15 1 U 14
16 1 U 15
17 0 U 16
18 1 U -1
19 0 U 18
20 0 U 19
21 0 U 20
22 1 U 21
23 1 U 22
24 0 U -1
25 0 U 24
26 0 U 25
27 0 U 26
28 1 U 27
29 0 U 28
30 1 U -1
31 0 U 30
32 1 U 31
33 0 U 32
34 1 U 33
35 0 U 34
36 0 L 30
37 1 L 31
38 0 L 32
39 1 L 33
40 1 L 34
41 1 L 35
42 1 U -1
43 0 U 42
# score :18 1418340
# W : 715593 , H : 538113
44
0 1 U -1
1 0 U 0
2 1 U 1
3 1 U 2
4 0 U 3
5 1 U 4
6 1 U -1
7 1 U 6
8 0 U 7
9 0 U 8
10 1 U 9
11 1 U 10
12 0 U -1
13 1 U 12
14 0 U 13
15 0 U 14
16 1 U 15
17 1 U 16
18 0 U -1
19 1 U 18
20 0 U 19
21 1 U 20
22 0 U 21
23 1 U 22
24 0 U -1
25 0 U 24
26 0 U 25
27 0 U 26
28 1 U 27
29 0 U 28
30 0 U -1
31 1 U 30
32 0 U 31
33 1 U 32
34 0 U 33
35 0 U 34
36 0 L 30
37 0 L 31
38 0 L 32
39 1 L 33
40 1 L 34
41 0 L 35
42 0 U -1
43 0 U 42
# score :19 1478083
# W : 726156 , H : 648210
44
0 1 U -1
1 1 U 0
2 1 U 1
3 0 U 2
4 0 U 3
5 0 U 4
6 0 U -1
7 1 U 6
8 1 U 7
9 0 U 8
10 0 U 9
11 1 U 10
12 1 U -1
13 1 U 12
14 0 U 13
15 0 U 14
16 1 U 15
17 0 U 16
18 1 U -1
19 1 U 18
20 0 U 19
21 1 U 20
22 1 U 21
23 0 U 22
24 0 U -1
25 0 U 24
26 0 U 25
27 0 U 26
28 0 U 27
29 0 U 28
30 1 U -1
31 1 U 30
32 0 U 31
33 1 U 32
34 0 U 33
35 0 U 34
36 0 L 24
37 1 L 25
38 0 L 26
39 0 L 27
40 0 L 28
41 0 L 29
42 1 U -1
43 0 U 42
# score :20 1420941
# W : 841940 , H : 511943
44
0 1 U -1
1 1 U 0
2 0 U 1
3 0 U 2
4 0 U 3
5 0 U 4
6 1 U -1
7 0 U 6
8 1 U 7
9 1 U 8
10 0 U 9
11 1 U 10
12 1 U -1
13 0 U 12
14 0 U 13
15 1 U 14
16 1 U 15
17 1 U 16
18 0 U -1
19 1 U 18
20 1 U 19
21 1 U 20
22 1 U 21
23 1 U 22
24 0 U -1
25 0 U 24
26 0 U 25
27 1 U 26
28 0 U 27
29 1 U 28
30 0 U -1
31 0 U 30
32 1 U 31
33 1 U 32
34 0 U 33
35 0 U 34
36 0 L 24
37 1 L 25
38 1 L 26
39 1 L 27
40 1 L 28
41 0 L 29
42 0 U -1
43 0 U 42
# score :21 1353067
# W : 737226 , H : 482933
44
0 0 U -1
1 1 U 0
2 1 U 1
3 1 U 2
4 1 U 3
5 0 U 4
6 0 U -1
7 1 U 6
8 1 U 7
9 0 U 8
10 1 U 9
11 0 U 10
12 0 U -1
13 1 U 12
14 1 U 13
15 0 U 14
16 0 U 15
17 0 U 16
18 1 U -1
19 0 U 18
20 1 U 19
21 1 U 20
22 0 U 21
23 0 U 22
24 1 U -1
25 0 U 24
26 0 U 25
27 1 U 26
28 0 U 27
29 1 U 28
30 1 U -1
31 0 U 30
32 0 U 31
33 1 U 32
34 0 U 33
35 1 U 34
36 1 L 24
37 0 L 25
38 1 L 26
39 0 L 27
40 0 L 28
41 1 L 29
42 1 U -1
43 1 U 42
# score :22 1414337
# W : 709329 , H : 525059
44
0 1 U -1
1 0 U 0
2 1 U 1
3 1 U 2
4 0 U 3
5 1 U 4
6 1 U -1
7 1 U 6
8 0 U 7
9 1 U 8
10 0 U 9
11 0 U 10
12 0 U -1
13 1 U 12
14 0 U 13
15 0 U 14
16 0 U 15
17 0 U 16
18 0 U -1
19 1 U 18
20 0 U 19
21 1 U 20
22 1 U 21
23 1 U 22
24 1 U -1
25 0 U 24
26 0 U 25
27 1 U 26
28 0 U 27
29 0 U 28
30 0 U -1
31 0 U 30
32 1 U 31
33 0 U 32
34 0 U 33
35 1 U 34
36 1 L 24
37 0 L 25
38 1 L 26
39 1 L 27
40 1 L 28
41 1 L 29
42 1 U -1
43 0 U 42
# score :23 1344285
# W : 800480 , H : 488221
44
0 1 U -1
1 0 U 0
2 1 U 1
3 0 U 2
4 1 U 3
5 1 U 4
6 1 U -1
7 0 U 6
8 1 U 7
9 1 U 8
10 1 U 9
11 1 U 10
12 1 U -1
13 1 U 12
14 1 U 13
15 1 U 14
16 0 U 15
17 0 U 16
18 0 U -1
19 0 U 18
20 1 U 19
21 1 U 20
22 1 U 21
23 1 U 22
24 0 U -1
25 1 U 24
26 0 U 25
27 0 U 26
28 0 U 27
29 0 U 28
30 1 U -1
31 1 U 30
32 1 U 31
33 1 U 32
34 0 U 33
35 1 U 34
36 1 U -1
37 1 U 36
38 0 U 37
39 1 U 38
40 0 U 39
41 0 U 40
42 0 U -1
43 1 U 42
# score :24 1161878
# W : 404777 , H : 616561
44
0 0 U -1
1 1 U 0
2 0 U 1
3 1 U 2
4 0 U 3
5 0 U 4
6 1 U -1
7 0 U 6
8 0 U 7
9 0 U 8
10 1 U 9
11 0 U 10
12 1 U -1
13 0 U 12
14 0 U 13
15 1 U 14
16 0 U 15
17 0 U 16
18 0 U -1
19 1 U 18
20 1 U 19
21 0 U 20
22 0 U 21
23 1 U 22
24 1 U -1
25 1 U 24
26 0 U 25
27 0 U 26
28 1 U 27
29 1 U 28
30 0 U -1
31 0 U 30
32 0 U 31
33 0 U 32
34 0 U 33
35 0 U 34
36 0 U -1
37 1 U 36
38 0 U 37
39 1 U 38
40 0 U 39
41 0 U 40
42 0 U -1
43 0 U 42
# score :25 1196292
# W : 432995 , H : 613310
44
0 0 U -1
1 0 U 0
2 1 U 1
3 1 U 2
4 0 U 3
5 0 U 4
6 0 U -1
7 0 U 6
8 0 U 7
9 1 U 8
10 0 U 9
11 0 U 10
12 1 U -1
13 1 U 12
14 0 U 13
15 0 U 14
16 1 U 15
17 1 U 16
18 0 U -1
19 0 U 18
20 1 U 19
21 1 U 20
22 0 U 21
23 0 U 22
24 1 U -1
25 0 U 24
26 1 U 25
27 0 U 26
28 0 U 27
29 0 U 28
30 0 U -1
31 0 U 30
32 0 U 31
33 0 U 32
34 1 U 33
35 0 U 34
36 1 L 30
37 1 L 31
38 1 L 32
39 0 L 33
40 1 L 34
41 0 L 35
42 0 U -1
43 1 U 42
# score :26 1464762
# W : 685495 , H : 589715
44
0 0 U -1
1 0 U 0
2 0 U 1
3 0 U 2
4 1 U 3
5 1 U 4
6 0 U -1
7 0 U 6
8 0 U 7
9 0 U 8
10 0 U 9
11 0 U 10
12 1 U -1
13 1 U 12
14 1 U 13
15 0 U 14
16 0 U 15
17 1 U 16
18 1 U -1
19 0 U 18
20 0 U 19
21 1 U 20
22 0 U 21
23 0 U 22
24 0 U -1
25 1 U 24
26 0 U 25
27 1 U 26
28 0 U 27
29 1 U 28
30 1 U -1
31 0 U 30
32 0 U 31
33 1 U 32
34 0 U 33
35 0 U 34
36 1 L 30
37 1 L 31
38 0 L 32
39 0 L 33
40 0 L 34
41 1 L 35
42 1 U -1
43 0 U 42
# score :27 1491332
# W : 780752 , H : 575298
44
0 0 U -1
1 0 U 0
2 0 U 1
3 1 U 2
4 1 U 3
5 1 U 4
6 1 U -1
7 0 U 6
8 1 U 7
9 1 U 8
10 1 U 9
11 1 U 10
12 1 U -1
13 1 U 12
14 0 U 13
15 0 U 14
16 0 U 15
17 1 U 16
18 0 U -1
19 0 U 18
20 0 U 19
21 1 U 20
22 0 U 21
23 0 U 22
24 1 U -1
25 0 U 24
26 0 U 25
27 1 U 26
28 1 U 27
29 0 U 28
30 1 U -1
31 0 U 30
32 0 U 31
33 0 U 32
34 1 U 33
35 1 U 34
36 1 L 24
37 0 L 25
38 0 L 26
39 0 L 27
40 1 L 28
41 0 L 29
42 0 U -1
43 0 U 42
# score :28 1342639
# W : 792831 , H : 538540
44
0 1 U -1
1 1 U 0
2 1 U 1
3 0 U 2
4 0 U 3
5 0 U 4
6 0 U -1
7 1 U 6
8 0 U 7
9 0 U 8
10 1 U 9
11 1 U 10
12 1 U -1
13 0 U 12
14 0 U 13
15 1 U 14
16 0 U 15
17 0 U 16
18 0 U -1
19 0 U 18
20 0 U 19
21 1 U 20
22 0 U 21
23 0 U 22
24 1 U -1
25 0 U 24
26 0 U 25
27 0 U 26
28 1 U 27
29 0 U 28
30 1 U -1
31 0 U 30
32 0 U 31
33 1 U 32
34 0 U 33
35 1 U 34
36 1 L 24
37 0 L 25
38 1 L 26
39 1 L 27
40 0 L 28
41 0 L 29
42 0 U -1
43 1 U 42
# score :29 1413700
# W : 738265 , H : 505857
44
0 0 U -1
1 0 U 0
2 1 U 1
3 0 U 2
4 0 U 3
5 1 U 4
6 1 U -1
7 0 U 6
8 1 U 7
9 0 U 8
10 1 U 9
11 1 U 10
12 1 U -1
13 0 U 12
14 1 U 13
15 1 U 14
16 0 U 15
17 1 U 16
18 0 U -1
19 1 U 18
20 1 U 19
21 1 U 20
22 1 U 21
23 1 U 22
24 1 U -1
25 0 U 24
26 0 U 25
27 0 U 26
28 0 U 27
29 0 U 28
30 0 U -1
31 0 U 30
32 1 U 31
33 1 U 32
34 1 U 33
35 0 U 34
36 0 L 24
37 1 L 25
38 1 L 26
39 0 L 27
40 0 L 28
41 1 L 29
42 1 U -1
43 0 U 42
# score :30 1413983
# W : 859390 , H : 496128
44
0 0 U -1
1 1 U 0
2 0 U 1
3 1 U 2
4 1 U 3
5 0 U 4
6 0 U -1
7 1 U 6
8 1 U 7
9 1 U 8
10 1 U 9
11 1 U 10
12 1 U -1
13 0 U 12
14 0 U 13
15 0 U 14
16 0 U 15
17 0 U 16
18 1 U -1
19 0 U 18
20 1 U 19
21 0 U 20
22 0 U 21
23 1 U 22
24 1 U -1
25 0 U 24
26 0 U 25
27 0 U 26
28 1 U 27
29 1 U 28
30 1 U -1
31 0 U 30
32 1 U 31
33 1 U 32
34 0 U 33
35 1 U 34
36 0 L 24
37 0 L 25
38 1 L 26
39 0 L 27
40 1 L 28
41 1 L 29
42 0 U -1
43 0 U 42
# score :31 1387943
# W : 772745 , H : 550969
44
0 0 U -1
1 1 U 0
2 1 U 1
3 0 U 2
4 0 U 3
5 1 U 4
6 0 U -1
7 0 U 6
8 1 U 7
9 1 U 8
10 1 U 9
11 1 U 10
12 0 U -1
13 0 U 12
14 1 U 13
15 1 U 14
16 1 U 15
17 0 U 16
18 0 U -1
19 1 U 18
20 1 U 19
21 1 U 20
22 0 U 21
23 0 U 22
24 0 U -1
25 1 U 24
26 1 U 25
27 0 U 26
28 1 U 27
29 0 U 28
30 0 U -1
31 0 U 30
32 1 U 31
33 0 U 32
34 1 U 33
35 1 U 34
36 1 U -1
37 0 U 36
38 0 U 37
39 1 U 38
40 0 U 39
41 0 U 40
42 1 U -1
43 1 U 42
# score :32 1209350
# W : 465360 , H : 604470
44
0 1 U -1
1 1 U 0
2 0 U 1
3 0 U 2
4 0 U 3
5 0 U 4
6 1 U -1
7 1 U 6
8 0 U 7
9 0 U 8
10 0 U 9
11 0 U 10
12 1 U -1
13 0 U 12
14 0 U 13
15 1 U 14
16 1 U 15
17 1 U 16
18 0 U -1
19 1 U 18
20 0 U 19
21 0 U 20
22 0 U 21
23 0 U 22
24 0 U -1
25 0 U 24
26 1 U 25
27 0 U 26
28 0 U 27
29 0 U 28
30 1 U -1
31 0 U 30
32 0 U 31
33 0 U 32
34 0 U 33
35 1 U 34
36 1 U -1
37 0 U 36
38 1 U 37
39 0 U 38
40 1 U 39
41 1 U 40
42 1 U -1
43 0 U 42
# score :33 1231013
# W : 520727 , H : 610752
44
0 0 U -1
1 1 U 0
2 1 U 1
3 1 U 2
4 0 U 3
5 0 U 4
6 0 U -1
7 0 U 6
8 0 U 7
9 1 U 8
10 0 U 9
11 0 U 10
12 0 U -1
13 1 U 12
14 1 U 13
15 0 U 14
16 0 U 15
17 1 U 16
18 1 U -1
19 1 U 18
20 1 U 19
21 0 U 20
22 1 U 21
23 1 U 22
24 1 U -1
25 0 U 24
26 1 U 25
27 0 U 26
28 1 U 27
29 1 U 28
30 1 U -1
31 1 U 30
32 1 U 31
33 1 U 32
34 1 U 33
35 1 U 34
36 0 L 30
37 1 L 31
38 1 L 32
39 0 L 33
40 0 L 34
41 1 L 35
42 1 U -1
43 0 U 42
# score :34 1462684
# W : 742029 , H : 589499
44
0 0 U -1
1 1 U 0
2 1 U 1
3 1 U 2
4 0 U 3
5 0 U 4
6 0 U -1
7 1 U 6
8 1 U 7
9 1 U 8
10 0 U 9
11 0 U 10
12 0 U -1
13 1 U 12
14 0 U 13
15 0 U 14
16 0 U 15
17 1 U 16
18 1 U -1
19 1 U 18
20 0 U 19
21 0 U 20
22 1 U 21
23 1 U 22
24 1 U -1
25 0 U 24
26 0 U 25
27 0 U 26
28 0 U 27
29 1 U 28
30 1 U -1
31 0 U 30
32 0 U 31
33 1 U 32
34 0 U 33
35 1 U 34
36 0 L 30
37 0 L 31
38 1 L 32
39 0 L 33
40 1 L 34
41 0 L 35
42 1 U -1
43 1 U 42
# score :35 1426109
# W : 640358 , H : 538367
44
0 0 U -1
1 1 U 0
2 0 U 1
3 1 U 2
4 0 U 3
5 1 U 4
6 0 U -1
7 0 U 6
8 0 U 7
9 1 U 8
10 0 U 9
11 1 U 10
12 0 U -1
13 1 U 12
14 0 U 13
15 1 U 14
16 1 U 15
17 0 U 16
18 1 U -1
19 0 U 18
20 1 U 19
21 1 U 20
22 1 U 21
23 1 U 22
24 0 U -1
25 1 U 24
26 1 U 25
27 0 U 26
28 1 U 27
29 1 U 28
30 1 U -1
31 0 U 30
32 0 U 31
33 1 U 32
34 1 U 33
35 1 U 34
36 0 L 24
37 0 L 25
38 1 L 26
39 1 L 27
40 0 L 28
41 0 L 29
42 1 U -1
43 0 U 42
# score :36 1417840
# W : 751273 , H : 481993
44
0 0 U -1
1 1 U 0
2 1 U 1
3 0 U 2
4 0 U 3
5 1 U 4
6 0 U -1
7 0 U 6
8 1 U 7
9 1 U 8
10 1 U 9
11 1 U 10
12 1 U -1
13 1 U 12
14 0 U 13
15 0 U 14
16 1 U 15
17 1 U 16
18 1 U -1
19 1 U 18
20 0 U 19
21 1 U 20
22 0 U 21
23 0 U 22
24 0 U -1
25 1 U 24
26 0 U 25
27 1 U 26
28 1 U 27
29 1 U 28
30 1 U -1
31 0 U 30
32 1 U 31
33 1 U 32
34 1 U 33
35 1 U 34
36 1 L 24
37 1 L 25
38 1 L 26
39 0 L 27
40 1 L 28
41 0 L 29
42 0 U -1
43 1 U 42
# score :37 1434556
# W : 688786 , H : 534936
