91
0 0 U -1
1 0 U 0
2 0 U 1
3 0 U 2
4 0 U 3
5 0 U 4
6 0 U 5
7 0 U 6
8 0 U 7
9 0 U -1
10 0 U 9
11 0 U 10
12 0 U 11
13 0 U 12
14 0 U 13
15 0 U 14
16 0 U 15
17 0 U 16
18 0 U -1
19 0 U 18
20 0 U 19
21 0 U 20
22 0 U 21
23 0 U 22
24 0 U 23
25 0 U 24
26 0 U 25
27 0 U -1
28 0 U 27
29 0 U 28
30 0 U 29
31 0 U 30
32 0 U 31
33 0 U 32
34 0 U 33
35 0 U 34
36 0 U -1
37 0 U 36
38 0 U 37
39 0 U 38
40 0 U 39
41 0 U 40
42 0 U 41
43 0 U 42
44 0 U 43
45 0 U -1
46 0 U 45
47 0 U 46
48 0 U 47
49 0 U 48
50 0 U 49
51 0 U 50
52 0 U 51
53 0 U 52
54 0 U -1
55 0 U 54
56 0 U 55
57 0 U 56
58 0 U 57
59 0 U 58
60 0 U 59
61 0 U 60
62 0 U 61
63 0 U -1
64 0 U 63
65 0 U 64
66 0 U 65
67 0 U 66
68 0 U 67
69 0 U 68
70 0 U 69
71 0 U 70
72 0 U -1
73 0 U 72
74 0 U 73
75 0 U 74
76 0 U 75
77 0 U 76
78 0 U 77
79 0 U 78
80 0 U 79
81 0 U -1
82 0 U 81
83 0 U 82
84 0 U 83
85 0 U 84
86 0 U 85
87 0 U 86
88 0 U 87
89 0 U 88
90 0 U -1
# score :0 1700062
# W : 708420 , H : 865188
91
0 0 U -1
1 1 U 0
2 1 U 1
3 0 U 2
4 0 U 3
5 1 U 4
6 1 U 5
7 1 U 6
8 0 U 7
9 0 U -1
10 0 U 9
11 0 U 10
12 0 U 11
13 1 U 12
14 0 U 13
15 0 U 14
16 1 U 15
17 0 U 16
18 1 U -1
19 1 U 18
20 1 U 19
21 1 U 20
22 1 U 21
23 0 U 22
24 0 U 23
25 0 U 24
26 1 U 25
27 1 U -1
28 1 U 27
29 0 U 28
30 1 U 29
31 0 U 30
32 1 U 31
33 0 U 32
34 0 U 33
35 0 U 34
36 1 U -1
37 0 U 36
38 0 U 37
39 1 U 38
40 1 U 39
41 1 U 40
42 1 U 41
43 0 U 42
44 0 U 43
45 0 U -1
46 0 U 45
47 1 U 46
48 0 U 47
49 1 U 48
50 1 U 49
51 1 U 50
52 0 U 51
53 1 U 52
54 0 U -1
55 0 U 54
56 1 U 55
57 1 U 56
58 1 U 57
59 1 U 58
60 0 U 59
61 1 U 60
62 0 U 61
63 0 U -1
64 0 U 63
65 0 U 64
66 0 U 65
67 1 U 66
68 0 U 67
69 1 U 68
70 1 U 69
71 0 U 70
72 1 U -1
73 1 U 72
74 0 U 73
75 0 U 74
76 0 U 75
77 1 U 76
78 0 U 77
79 1 U 78
80 1 U 79
81 1 U -1
82 0 U 81
83 1 U 82
84 0 U 83
85 1 U 84
86 0 U 85
87 1 U 86
88 0 U 87
89 0 U 88
90 0 U -1
# score :1 1703462
# W : 775803 , H : 753310
91
0 0 U -1
1 0 U 0
2 0 U 1
3 0 U 2
4 0 U 3
5 0 U 4
6 0 U 5
7 0 U 6
8 0 U 7
9 0 U -1
10 0 U 9
11 0 U 10
12 0 U 11
13 0 U 12
14 0 U 13
15 0 U 14
16 0 U 15
17 0 U 16
18 0 U -1
19 0 U 18
20 0 U 19
21 0 U 20
22 0 U 21
23 0 U 22
24 0 U 23
25 0 U 24
26 0 U 25
27 0 U -1
28 0 U 27
29 0 U 28
30 0 U 29
31 0 U 30
32 0 U 31
33 0 U 32
34 0 U 33
35 0 U 34
36 0 U -1
37 0 U 36
38 0 U 37
39 0 U 38
40 0 U 39
41 0 U 40
42 0 U 41
43 0 U 42
44 0 U 43
45 0 U -1
46 0 U 45
47 0 U 46
48 0 U 47
49 0 U 48
50 0 U 49
51 0 U 50
52 0 U 51
53 0 U 52
54 0 U -1
55 0 U 54
56 0 U 55
57 0 U 56
58 0 U 57
59 0 U 58
60 0 U 59
61 0 U 60
62 0 U 61
63 0 U -1
64 0 U 63
65 0 U 64
66 0 U 65
67 0 U 66
68 0 U 67
69 0 U 68
70 0 U 69
71 0 U 70
72 0 U -1
73 0 U 72
74 0 U 73
75 0 U 74
76 0 U 75
77 0 U 76
78 0 U 77
79 0 U 78
80 0 U 79
81 0 L 72
82 0 L 73
83 0 L 74
84 0 L 75
85 0 L 76
86 0 L 77
87 0 L 78
88 0 L 79
89 0 L 80
90 0 U -1
# score :2 2020372
# W : 1301303 , H : 811471
91
0 0 U -1
1 1 U 0
2 1 U 1
3 0 U 2
4 0 U 3
5 1 U 4
6 1 U 5
7 1 U 6
8 0 U 7
9 0 U -1
10 0 U 9
11 0 U 10
12 0 U 11
13 1 U 12
14 0 U 13
15 0 U 14
16 1 U 15
17 0 U 16
18 1 U -1
19 1 U 18
20 1 U 19
21 1 U 20
22 1 U 21
23 0 U 22
24 0 U 23
25 0 U 24
26 1 U 25
27 1 U -1
28 1 U 27
29 0 U 28
30 1 U 29
31 0 U 30
32 1 U 31
33 0 U 32
34 0 U 33
35 0 U 34
36 1 U -1
37 0 U 36
38 0 U 37
39 1 U 38
40 1 U 39
41 1 U 40
42 1 U 41
43 0 U 42
44 0 U 43
45 0 U -1
46 0 U 45
47 1 U 46
48 0 U 47
49 1 U 48
50 1 U 49
51 1 U 50
52 0 U 51
53 1 U 52
54 0 U -1
55 0 U 54
56 1 U 55
57 1 U 56
58 1 U 57
59 1 U 58
60 0 U 59
61 1 U 60
62 0 U 61
63 0 U -1
64 0 U 63
65 0 U 64
66 0 U 65
67 1 U 66
68 0 U 67
69 1 U 68
70 1 U 69
71 0 U 70
72 1 U -1
73 1 U 72
74 0 U 73
75 0 U 74
76 0 U 75
77 1 U 76
78 0 U 77
79 1 U 78
80 1 U 79
81 1 L 72
82 0 L 73
83 1 L 74
84 0 L 75
85 1 L 76
86 0 L 77
87 1 L 78
88 0 L 79
89 0 L 80
90 0 U -1
# score :3 2162199
# W : 1404169 , H : 775905
91
0 0 U -1
1 0 U 0
2 0 U 1
3 0 U 2
4 0 U 3
5 0 U 4
6 0 U 5
7 0 U 6
8 0 U 7
9 0 U -1
10 0 U 9
11 0 U 10
12 0 U 11
13 0 U 12
14 0 U 13
15 0 U 14
16 0 U 15
17 0 U 16
18 0 U -1
19 0 U 18
20 0 U 19
21 0 U 20
22 0 U 21
23 0 U 22
24 0 U 23
25 0 U 24
26 0 U 25
27 0 U -1
28 0 U 27
29 0 U 28
30 0 U 29
31 0 U 30
32 0 U 31
33 0 U 32
34 0 U 33
35 0 U 34
36 0 U -1
37 0 U 36
38 0 U 37
39 0 U 38
40 0 U 39
41 0 U 40
42 0 U 41
43 0 U 42
44 0 U 43
45 0 U -1
46 0 U 45
47 0 U 46
48 0 U 47
49 0 U 48
50 0 U 49
51 0 U 50
52 0 U 51
53 0 U 52
54 0 U -1
55 0 U 54
56 0 U 55
57 0 U 56
58 0 U 57
59 0 U 58
60 0 U 59
61 0 U 60
62 0 U 61
63 0 U -1
64 0 U 63
65 0 U 64
66 0 U 65
67 0 U 66
68 0 U 67
69 0 U 68
70 0 U 69
71 0 U 70
72 0 U -1
73 0 U 72
74 0 U 73
75 0 U 74
76 0 U 75
77 0 U 76
78 0 U 77
79 0 U 78
80 0 U 79
81 0 L 63
82 0 L 64
83 0 L 65
84 0 L 66
85 0 L 67
86 0 L 68
87 0 L 69
88 0 L 70
89 0 L 71
90 0 U -1
# score :4 2134248
# W : 1323937 , H : 779260
91
0 0 U -1
1 1 U 0
2 1 U 1
3 0 U 2
4 0 U 3
5 1 U 4
6 1 U 5
7 1 U 6
8 0 U 7
9 0 U -1
10 0 U 9
11 0 U 10
12 0 U 11
13 1 U 12
14 0 U 13
15 0 U 14
16 1 U 15
17 0 U 16
18 1 U -1
19 1 U 18
20 1 U 19
21 1 U 20
22 1 U 21
23 0 U 22
24 0 U 23
25 0 U 24
26 1 U 25
27 1 U -1
28 1 U 27
29 0 U 28
30 1 U 29
31 0 U 30
32 1 U 31
33 0 U 32
34 0 U 33
35 0 U 34
36 1 U -1
37 0 U 36
38 0 U 37
39 1 U 38
40 1 U 39
41 1 U 40
42 1 U 41
43 0 U 42
44 0 U 43
45 0 U -1
46 0 U 45
47 1 U 46
48 0 U 47
49 1 U 48
50 1 U 49
51 1 U 50
52 0 U 51
53 1 U 52
54 0 U -1
55 0 U 54
56 1 U 55
57 1 U 56
58 1 U 57
59 1 U 58
60 0 U 59
61 1 U 60
62 0 U 61
63 0 U -1
64 0 U 63
65 0 U 64
66 0 U 65
67 1 U 66
68 0 U 67
69 1 U 68
70 1 U 69
71 0 U 70
72 1 U -1
73 1 U 72
74 0 U 73
75 0 U 74
76 0 U 75
77 1 U 76
78 0 U 77
79 1 U 78
80 1 U 79
81 1 L 63
82 0 L 64
83 1 L 65
84 0 L 66
85 1 L 67
86 0 L 68
87 1 L 69
88 0 L 70
89 0 L 71
90 0 U -1
# score :5 2236206
# W : 1439206 , H : 678985
91
0 0 U -1
1 0 U 0
2 0 U 1
3 0 U 2
4 0 U 3
5 0 U 4
6 0 U 5
7 0 U 6
8 0 U 7
9 0 U -1
10 0 U 9
11 0 U 10
12 0 U 11
13 0 U 12
14 0 U 13
15 0 U 14
16 0 U 15
17 0 U 16
18 0 U -1
19 0 U 18
20 0 U 19
21 0 U 20
22 0 U 21
23 0 U 22
24 0 U 23
25 0 U 24
26 0 U 25
27 0 U -1
28 0 U 27
29 0 U 28
30 0 U 29
31 0 U 30
32 0 U 31
33 0 U 32
34 0 U 33
35 0 U 34
36 0 U -1
37 0 U 36
38 0 U 37
39 0 U 38
40 0 U 39
41 0 U 40
42 0 U 41
43 0 U 42
44 0 U 43
45 0 U -1
46 0 U 45
47 0 U 46
48 0 U 47
49 0 U 48
50 0 U 49
51 0 U 50
52 0 U 51
53 0 U 52
54 0 U -1
55 0 U 54
56 0 U 55
57 0 U 56
58 0 U 57
59 0 U 58
60 0 U 59
61 0 U 60
62 0 U 61
63 0 U -1
64 0 U 63
65 0 U 64
66 0 U 65
67 0 U 66
68 0 U 67
69 0 U 68
70 0 U 69
71 0 U 70
72 0 U -1
73 0 U 72
74 0 U 73
75 0 U 74
76 0 U 75
77 0 U 76
78 0 U 77
79 0 U 78
80 0 U 79
81 0 L 63
82 0 L 64
83 0 L 65
84 0 L 66
85 0 L 67
86 0 L 68
87 0 L 69
88 0 L 70
89 0 L 71
90 0 U -1
# score :6 2134248
# W : 1327259 , H : 769081
91
0 0 U -1
1 1 U 0
2 1 U 1
3 0 U 2
4 0 U 3
5 1 U 4
6 1 U 5
7 1 U 6
8 0 U 7
9 0 U -1
10 0 U 9
11 0 U 10
12 0 U 11
13 1 U 12
14 0 U 13
15 0 U 14
16 1 U 15
17 0 U 16
18 1 U -1
19 1 U 18
20 1 U 19
21 1 U 20
22 1 U 21
23 0 U 22
24 0 U 23
25 0 U 24
26 1 U 25
27 1 U -1
28 1 U 27
29 0 U 28
30 1 U 29
31 0 U 30
32 1 U 31
33 0 U 32
34 0 U 33
35 0 U 34
36 1 U -1
37 0 U 36
38 0 U 37
39 1 U 38
40 1 U 39
41 1 U 40
42 1 U 41
43 0 U 42
44 0 U 43
45 0 U -1
46 0 U 45
47 1 U 46
48 0 U 47
49 1 U 48
50 1 U 49
51 1 U 50
52 0 U 51
53 1 U 52
54 0 U -1
55 0 U 54
56 1 U 55
57 1 U 56
58 1 U 57
59 1 U 58
60 0 U 59
61 1 U 60
62 0 U 61
63 0 U -1
64 0 U 63
65 0 U 64
66 0 U 65
67 1 U 66
68 0 U 67
69 1 U 68
70 1 U 69
71 0 U 70
72 1 U -1
73 1 U 72
74 0 U 73
75 0 U 74
76 0 U 75
77 1 U 76
78 0 U 77
79 1 U 78
80 1 U 79
81 1 L 63
82 0 L 64
83 1 L 65
84 0 L 66
85 1 L 67
86 0 L 68
87 1 L 69
88 0 L 70
89 0 L 71
90 0 U -1
# score :7 2236206
# W : 1440512 , H : 713656
91
0 0 U -1
1 0 U 0
2 0 U 1
3 1 U 2
4 0 U 3
5 0 U 4
6 0 U 5
7 1 U 6
8 0 U 7
9 1 U -1
10 0 U 9
11 0 U 10
12 0 U 11
13 1 U 12
14 0 U 13
15 0 U 14
16 1 U 15
17 1 U 16
18 1 U -1
19 1 U 18
20 1 U 19
21 0 U 20
22 1 U 21
23 1 U 22
24 1 U 23
25 1 U 24
26 1 U 25
27 0 U -1
28 1 U 27
29 0 U 28
30 0 U 29
31 1 U 30
32 1 U 31
33 1 U 32
34 0 U 33
35 1 U 34
36 1 U -1
37 0 U 36
38 1 U 37
39 0 U 38
40 0 U 39
41 0 U 40
42 0 U 41
43 0 U 42
44 1 U 43
45 0 U -1
46 1 U 45
47 0 U 46
48 0 U 47
49 0 U 48
50 0 U 49
51 1 U 50
52 1 U 51
53 0 U 52
54 0 U -1
55 0 U 54
56 1 U 55
57 0 U 56
58 0 U 57
59 1 U 58
60 0 U 59
61 1 U 60
62 0 U 61
63 1 U -1
64 0 U 63
65 1 U 64
66 1 U 65
67 0 U 66
68 1 U 67
69 0 U 68
70 0 U 69
71 1 U 70
72 0 U -1
73 1 U 72
74 0 U 73
75 1 U 74
76 1 U 75
77 1 U 76
78 0 U 77
79 0 U 78
80 1 U 79
81 0 U -1
82 0 U 81
83 1 U 82
84 1 U 83
85 0 U 84
86 0 U 85
87 0 U 86
88 1 U 87
89 1 U 88
90 0 U -1
# score :8 1718140
# W : 705991 , H : 871329
91
0 0 U -1
1 0 U 0
2 1 U 1
3 1 U 2
4 1 U 3
5 0 U 4
6 0 U 5
7 1 U 6
8 1 U 7
9 1 U -1
10 1 U 9
11 0 U 10
12 0 U 11
13 1 U 12
14 0 U 13
15 0 U 14
16 1 U 15
17 1 U 16
18 0 U -1
19 1 U 18
20 0 U 19
21 0 U 20
22 0 U 21
23 0 U 22
24 0 U 23
25 1 U 24
26 1 U 25
27 0 U -1
28 0 U 27
29 1 U 28
30 1 U 29
31 1 U 30
32 1 U 31
33 1 U 32
34 0 U 33
35 1 U 34
36 0 U -1
37 0 U 36
38 1 U 37
39 1 U 38
40 0 U 39
41 1 U 40
42 1 U 41
43 1 U 42
44 0 U 43
45 1 U -1
46 0 U 45
47 0 U 46
48 1 U 47
49 0 U 48
50 1 U 49
51 1 U 50
52 1 U 51
53 0 U 52
54 0 U -1
55 0 U 54
56 1 U 55
57 0 U 56
58 1 U 57
59 1 U 58
60 0 U 59
61 0 U 60
62 0 U 61
63 0 U -1
64 1 U 63
65 0 U 64
66 1 U 65
67 0 U 66
68 1 U 67
69 0 U 68
70 1 U 69
71 1 U 70
72 1 U -1
73 1 U 72
74 0 U 73
75 0 U 74
76 1 U 75
77 0 U 76
78 1 U 77
79 1 U 78
80 0 U 79
81 1 U -1
82 1 U 81
83 1 U 82
84 1 U 83
85 1 U 84
86 1 U 85
87 1 U 86
88 1 U 87
89 0 U 88
90 0 U -1
# score :9 1676448
# W : 671361 , H : 866976
91
0 0 U -1
1 0 U 0
2 1 U 1
3 1 U 2
4 1 U 3
5 0 U 4
6 1 U 5
7 0 U 6
8 0 U 7
9 1 U -1
10 1 U 9
11 1 U 10
12 0 U 11
13 1 U 12
14 1 U 13
15 1 U 14
16 0 U 15
17 0 U 16
18 1 U -1
19 0 U 18
20 0 U 19
21 0 U 20
22 0 U 21
23 1 U 22
24 1 U 23
25 1 U 24
26 1 U 25
27 0 U -1
28 0 U 27
29 0 U 28
30 1 U 29
31 0 U 30
32 0 U 31
33 0 U 32
34 1 U 33
35 0 U 34
36 1 U -1
37 1 U 36
38 0 U 37
39 0 U 38
40 0 U 39
41 0 U 40
42 1 U 41
43 0 U 42
44 0 U 43
45 0 U -1
46 1 U 45
47 0 U 46
48 0 U 47
49 0 U 48
50 1 U 49
51 1 U 50
52 1 U 51
53 1 U 52
54 0 U -1
55 0 U 54
56 1 U 55
57 1 U 56
58 1 U 57
59 1 U 58
60 0 U 59
61 1 U 60
62 0 U 61
63 1 U -1
64 0 U 63
65 0 U 64
66 1 U 65
67 0 U 66
68 1 U 67
69 1 U 68
70 0 U 69
71 0 U 70
72 0 U -1
73 1 U 72
74 1 U 73
75 0 U 74
76 0 U 75
77 1 U 76
78 1 U 77
79 1 U 78
80 1 U 79
81 0 L 72
82 0 L 73
83 0 L 74
84 0 L 75
85 0 L 76
86 1 L 77
87 1 L 78
88 0 L 79
89 0 L 80
90 1 U -1
# score :10 2096699
# W : 1249671 , H : 844812
91
0 0 U -1
1 1 U 0
2 1 U 1
3 0 U 2
4 0 U 3
5 0 U 4
6 1 U 5
7 0 U 6
8 1 U 7
9 1 U -1
10 1 U 9
11 0 U 10
12 1 U 11
13 0 U 12
14 1 U 13
15 0 U 14
16 1 U 15
17 1 U 16
18 1 U -1
19 0 U 18
20 0 U 19
21 0 U 20
22 1 U 21
23 0 U 22
24 1 U 23
25 0 U 24
26 0 U 25
27 0 U -1
28 0 U 27
29 1 U 28
30 1 U 29
31 1 U 30
32 0 U 31
33 1 U 32
34 0 U 33
35 1 U 34
36 1 U -1
37 1 U 36
38 1 U 37
39 0 U 38
40 0 U 39
41 1 U 40
42 0 U 41
43 0 U 42
44 0 U 43
45 0 U -1
46 0 U 45
47 0 U 46
48 1 U 47
49 0 U 48
50 0 U 49
51 0 U 50
52 1 U 51
53 0 U 52
54 1 U -1
55 0 U 54
56 1 U 55
57 1 U 56
58 0 U 57
59 1 U 58
60 0 U 59
61 1 U 60
62 0 U 61
63 0 U -1
64 0 U 63
65 1 U 64
66 1 U 65
67 0 U 66
68 1 U 67
69 0 U 68
70 0 U 69
71 0 U 70
72 1 U -1
73 1 U 72
74 0 U 73
75 0 U 74
76 0 U 75
77 0 U 76
78 1 U 77
79 0 U 78
80 0 U 79
81 0 L 72
82 0 L 73
83 1 L 74
84 1 L 75
85 0 L 76
86 1 L 77
87 1 L 78
88 0 L 79
89 1 L 80
90 0 U -1
# score :11 2090965
# W : 1285637 , H : 856766
91
0 1 U -1
1 1 U 0
2 0 U 1
3 1 U 2
4 1 U 3
5 0 U 4
6 1 U 5
7 0 U 6
8 1 U 7
9 1 U -1
10 1 U 9
11 0 U 10
12 1 U 11
13 1 U 12
14 1 U 13
15 0 U 14
16 1 U 15
17 0 U 16
18 1 U -1
19 0 U 18
20 0 U 19
21 1 U 20
22 0 U 21
23 0 U 22
24 1 U 23
25 0 U 24
26 0 U 25
27 1 U -1
28 0 U 27
29 0 U 28
30 0 U 29
31 0 U 30
32 0 U 31
33 1 U 32
34 0 U 33
35 0 U 34
36 1 U -1
37 0 U 36
38 0 U 37
39 0 U 38
40 0 U 39
41 1 U 40
42 0 U 41
43 0 U 42
44 1 U 43
45 1 U -1
46 0 U 45
47 0 U 46
48 0 U 47
49 1 U 48
50 1 U 49
51 1 U 50
52 0 U 51
53 0 U 52
54 1 U -1
55 1 U 54
56 1 U 55
57 1 U 56
58 1 U 57
59 1 U 58
60 1 U 59
61 1 U 60
62 1 U 61
63 1 U -1
64 0 U 63
65 1 U 64
66 0 U 65
67 1 U 66
68 0 U 67
69 1 U 68
70 1 U 69
71 0 U 70
72 0 U -1
73 1 U 72
74 1 U 73
75 0 U 74
76 0 U 75
77 1 U 76
78 0 U 77
79 1 U 78
80 0 U 79
81 1 L 63
82 1 L 64
83 0 L 65
84 0 L 66
85 0 L 67
86 1 L 68
87 0 L 69
88 0 L 70
89 1 L 71
90 1 U -1
# score :12 2034103
# W : 1233843 , H : 741154
91
0 0 U -1
1 1 U 0
2 0 U 1
3 1 U 2
4 0 U 3
5 1 U 4
6 0 U 5
7 1 U 6
8 1 U 7
9 0 U -1
10 1 U 9
11 1 U 10
12 0 U 11
13 0 U 12
14 1 U 13
15 1 U 14
16 0 U 15
17 0 U 16
18 0 U -1
19 1 U 18
20 1 U 19
21 1 U 20
22 1 U 21
23 0 U 22
24 1 U 23
25 1 U 24
26 0 U 25
27 1 U -1
28 1 U 27
29 1 U 28
30 0 U 29
31 1 U 30
32 1 U 31
33 0 U 32
34 0 U 33
35 0 U 34
36 0 U -1
37 0 U 36
38 1 U 37
39 1 U 38
40 1 U 39
41 1 U 40
42 1 U 41
43 1 U 42
44 0 U 43
45 0 U -1
46 0 U 45
47 0 U 46
48 0 U 47
49 0 U 48
50 0 U 49
51 1 U 50
52 1 U 51
53 0 U 52
54 1 U -1
55 0 U 54
56 1 U 55
57 0 U 56
58 0 U 57
59 1 U 58
60 0 U 59
61 0 U 60
62 0 U 61
63 0 U -1
64 0 U 63
65 1 U 64
66 0 U 65
67 0 U 66
68 1 U 67
69 0 U 68
70 0 U 69
71 0 U 70
72 0 U -1
73 0 U 72
74 0 U 73
75 1 U 74
76 0 U 75
77 1 U 76
78 1 U 77
79 1 U 78
80 0 U 79
81 1 L 63
82 0 L 64
83 1 L 65
84 1 L 66
85 1 L 67
86 0 L 68
87 1 L 69
88 1 L 70
89 0 L 71
90 1 U -1
# score :13 2231427
# W : 1169512 , H : 761779
91
0 0 U -1
1 0 U 0
2 1 U 1
3 1 U 2
4 1 U 3
5 0 U 4
6 1 U 5
7 0 U 6
8 1 U 7
9 1 U -1
10 1 U 9
11 1 U 10
12 0 U 11
13 1 U 12
14 1 U 13
15 0 U 14
16 1 U 15
17 1 U 16
18 1 U -1
19 0 U 18
20 0 U 19
21 1 U 20
22 0 U 21
23 0 U 22
24 0 U 23
25 1 U 24
26 0 U 25
27 0 U -1
28 0 U 27
29 1 U 28
30 0 U 29
31 0 U 30
32 0 U 31
33 1 U 32
34 1 U 33
35 1 U 34
36 0 U -1
37 0 U 36
38 0 U 37
39 0 U 38
40 0 U 39
41 1 U 40
42 0 U 41
43 1 U 42
44 1 U 43
45 1 U -1
46 0 U 45
47 0 U 46
48 0 U 47
49 1 U 48
50 1 U 49
51 0 U 50
52 0 U 51
53 1 U 52
54 0 U -1
55 0 U 54
56 0 U 55
57 0 U 56
58 0 U 57
59 0 U 58
60 0 U 59
61 0 U 60
62 1 U 61
63 0 U -1
64 1 U 63
65 1 U 64
66 0 U 65
67 1 U 66
68 0 U 67
69 0 U 68
70 1 U 69
71 1 U 70
72 0 U -1
73 1 U 72
74 0 U 73
75 1 U 74
76 0 U 75
77 0 U 76
78 1 U 77
79 1 U 78
80 1 U 79
81 1 L 63
82 1 L 64
83 0 L 65
84 1 L 66
85 1 L 67
86 1 L 68
87 1 L 69
88 0 L 70
89 1 L 71
90 1 U -1
# score :14 2142774
# W : 1235641 , H : 763316
91
0 1 U -1
1 0 U 0
2 1 U 1
3 0 U 2
4 0 U 3
5 1 U 4
6 0 U 5
7 1 U 6
8 0 U 7
9 1 U -1
10 1 U 9
11 1 U 10
12 1 U 11
13 0 U 12
14 0 U 13
15 1 U 14
16 0 U 15
17 1 U 16
18 1 U -1
19 0 U 18
20 1 U 19
21 0 U 20
22 1 U 21
23 0 U 22
24 0 U 23
25 1 U 24
26 1 U 25
27 0 U -1
28 0 U 27
29 1 U 28
30 1 U 29
31 1 U 30
32 1 U 31
33 0 U 32
34 0 U 33
35 1 U 34
36 1 U -1
37 1 U 36
38 1 U 37
39 0 U 38
40 1 U 39
41 1 U 40
42 1 U 41
43 0 U 42
44 1 U 43
45 1 U -1
46 1 U 45
47 0 U 46
48 1 U 47
49 0 U 48
50 1 U 49
51 0 U 50
52 0 U 51
53 0 U 52
54 0 U -1
55 1 U 54
56 1 U 55
57 0 U 56
58 0 U 57
59 0 U 58
60 1 U 59
61 1 U 60
62 1 U 61
63 0 U -1
64 1 U 63
65 1 U 64
66 0 U 65
67 1 U 66
68 1 U 67
69 1 U 68
70 1 U 69
71 0 U 70
72 1 U -1
73 1 U 72
74 0 U 73
75 0 U 74
76 0 U 75
77 1 U 76
78 0 U 77
79 1 U 78
80 1 U 79
81 0 L 63
82 1 L 64
83 0 L 65
84 1 L 66
85 0 L 67
86 0 L 68
87 0 L 69
88 0 L 70
89 1 L 71
90 1 U -1
# score :15 2089123
# W : 1233193 , H : 790784
91
0 0 U -1
1 0 U 0
2 0 U 1
3 1 U 2
4 1 U 3
5 1 U 4
6 1 U 5
7 0 U 6
8 0 U 7
9 1 U -1
10 1 U 9
11 1 U 10
12 0 U 11
13 1 U 12
14 1 U 13
15 0 U 14
16 0 U 15
17 1 U 16
18 0 U -1
19 0 U 18
20 1 U 19
21 1 U 20
22 1 U 21
23 0 U 22
24 0 U 23
25 1 U 24
26 1 U 25
27 1 U -1
28 0 U 27
29 1 U 28
30 0 U 29
31 0 U 30
32 0 U 31
33 1 U 32
34 0 U 33
35 1 U 34
36 1 U -1
37 1 U 36
38 1 U 37
39 0 U 38
40 1 U 39
41 1 U 40
42 0 U 41
43 0 U 42
44 1 U 43
45 0 U -1
46 1 U 45
47 1 U 46
48 0 U 47
49 0 U 48
50 1 U 49
51 1 U 50
52 1 U 51
53 0 U 52
54 1 U -1
55 0 U 54
56 0 U 55
57 0 U 56
58 0 U 57
59 0 U 58
60 0 U 59
61 1 U 60
62 0 U 61
63 0 U -1
64 1 U 63
65 1 U 64
66 1 U 65
67 1 U 66
68 1 U 67
69 1 U 68
70 1 U 69
71 0 U 70
72 1 U -1
73 0 U 72
74 1 U 73
75 0 U 74
76 1 U 75
77 1 U 76
78 1 U 77
79 0 U 78
80 1 U 79
81 0 U -1
82 1 U 81
83 1 U 82
84 1 U 83
85 1 U 84
86 1 U 85
87 1 U 86
88 0 U 87
89 0 U 88
90 1 U -1
# score :16 1737331
# W : 681536 , H : 887117
91
0 0 U -1
1 1 U 0
2 0 U 1
3 0 U 2
4 0 U 3
5 0 U 4
6 0 U 5
7 1 U 6
8 0 U 7
9 1 U -1
10 0 U 9
11 0 U 10
12 0 U 11
13 1 U 12
14 1 U 13
15 1 U 14
16 1 U 15
17 0 U 16
18 0 U -1
19 0 U 18
20 1 U 19
21 1 U 20
22 0 U 21
23 1 U 22
24 1 U 23
25 0 U 24
26 1 U 25
27 0 U -1
28 1 U 27
29 0 U 28
30 0 U 29
31 1 U 30
32 1 U 31
33 0 U 32
34 0 U 33
35 0 U 34
36 1 U -1
37 1 U 36
38 1 U 37
39 1 U 38
40 0 U 39
41 0 U 40
42 1 U 41
43 0 U 42
44 0 U 43
45 1 U -1
46 0 U 45
47 0 U 46
48 0 U 47
49 0 U 48
50 1 U 49
51 1 U 50
52 0 U 51
53 0 U 52
54 0 U -1
55 0 U 54
56 1 U 55
57 1 U 56
58 1 U 57
59 0 U 58
60 0 U 59
61 1 U 60
62 0 U 61
63 0 U -1
64 0 U 63
65 0 U 64
66 1 U 65
67 1 U 66
68 1 U 67
69 0 U 68
70 0 U 69
71 0 U 70
72 0 U -1
73 0 U 72
74 0 U 73
75 0 U 74
76 0 U 75
77 0 U 76
78 1 U 77
79 1 U 78
80 1 U 79
81 0 U -1
82 1 U 81
83 0 U 82
84 0 U 83
85 1 U 84
86 0 U 85
87 1 U 86
88 0 U 87
89 1 U 88
90 1 U -1
# score :17 1747590
# W : 742470 , H : 834604
91
0 0 U -1
1 1 U 0
2 0 U 1
3 1 U 2
4 0 U 3
5 0 U 4
6 0 U 5
7 1 U 6
8 1 U 7
9 1 U -1
10 0 U 9
11 1 U 10
12 1 U 11
13 0 U 12
14 0 U 13
15 1 U 14
16 1 U 15
17 0 U 16
18 0 U -1
19 1 U 18
20 0 U 19
21 1 U 20
22 0 U 21
23 1 U 22
24 0 U 23
25 0 U 24
26 0 U 25
27 0 U -1
28 1 U 27
29 0 U 28
30 0 U 29
31 1 U 30
32 0 U 31
33 1 U 32
34 0 U 33
35 1 U 34
36 1 U -1
37 1 U 36
38 0 U 37
39 0 U 38
40 1 U 39
41 0 U 40
42 0 U 41
43 0 U 42
44 0 U 43
45 0 U -1
46 1 U 45
47 0 U 46
48 1 U 47
49 0 U 48
50 0 U 49
51 0 U 50
52 0 U 51
53 1 U 52
54 0 U -1
55 1 U 54
56 1 U 55
57 0 U 56
58 1 U 57
59 1 U 58
60 1 U 59
61 1 U 60
62 0 U 61
63 1 U -1
64 1 U 63
65 0 U 64
66 1 U 65
67 1 U 66
68 1 U 67
69 0 U 68
70 1 U 69
71 1 U 70
72 1 U -1
73 1 U 72
74 1 U 73
75 0 U 74
76 0 U 75
77 0 U 76
78 1 U 77
79 0 U 78
80 1 U 79
81 0 L 72
82 1 L 73
83 1 L 74
84 1 L 75
85 0 L 76
86 1 L 77
87 0 L 78
88 1 L 79
89 0 L 80
90 1 U -1
# score :18 2140454
# W : 1106687 , H : 871294
91
0 1 U -1
1 1 U 0
2 0 U 1
3 1 U 2
4 1 U 3
5 1 U 4
6 0 U 5
7 1 U 6
8 0 U 7
9 0 U -1
10 1 U 9
11 0 U 10
12 1 U 11
13 0 U 12
14 0 U 13
15 0 U 14
16 1 U 15
17 1 U 16
18 1 U -1
19 1 U 18
20 1 U 19
21 1 U 20
22 0 U 21
23 0 U 22
24 0 U 23
25 1 U 24
26 1 U 25
27 0 U -1
28 0 U 27
29 1 U 28
30 1 U 29
31 1 U 30
32 1 U 31
33 1 U 32
34 0 U 33
35 0 U 34
36 1 U -1
37 0 U 36
38 0 U 37
39 1 U 38
40 0 U 39
41 0 U 40
42 0 U 41
43 0 U 42
44 0 U 43
45 0 U -1
46 1 U 45
47 0 U 46
48 0 U 47
49 0 U 48
50 1 U 49
51 1 U 50
52 0 U 51
53 0 U 52
54 1 U -1
55 0 U 54
56 0 U 55
57 0 U 56
58 1 U 57
59 0 U 58
60 1 U 59
61 0 U 60
62 1 U 61
63 0 U -1
64 1 U 63
65 0 U 64
66 1 U 65
67 1 U 66
68 1 U 67
69 0 U 68
70 0 U 69
71 1 U 70
72 1 U -1
73 0 U 72
74 1 U 73
75 0 U 74
76 0 U 75
77 0 U 76
78 0 U 77
79 1 U 78
80 1 U 79
81 1 L 72
82 1 L 73
83 1 L 74
84 0 L 75
85 1 L 76
86 0 L 77
87 0 L 78
88 1 L 79
89 0 L 80
90 1 U -1
# score :19 2202286
# W : 1199801 , H : 839488
91
0 1 U -1
1 1 U 0
2 0 U 1
3 1 U 2
4 0 U 3
5 0 U 4
6 1 U 5
7 0 U 6
8 0 U 7
9 0 U -1
10 1 U 9
11 1 U 10
12 1 U 11
13 0 U 12
14 0 U 13
15 1 U 14
16 1 U 15
17 1 U 16
18 0 U -1
19 1 U 18
20 0 U 19
21 1 U 20
22 0 U 21
23 1 U 22
24 1 U 23
25 1 U 24
26 1 U 25
27 0 U -1
28 0 U 27
29 0 U 28
30 0 U 29
31 0 U 30
32 1 U 31
33 1 U 32
34 0 U 33
35 1 U 34
36 1 U -1
37 0 U 36
38 1 U 37
39 1 U 38
40 1 U 39
41 1 U 40
42 1 U 41
43 1 U 42
44 0 U 43
45 0 U -1
46 0 U 45
47 1 U 46
48 1 U 47
49 1 U 48
50 0 U 49
51 0 U 50
52 1 U 51
53 1 U 52
54 1 U -1
55 0 U 54
56 0 U 55
57 1 U 56
58 0 U 57
59 1 U 58
60 1 U 59
61 0 U 60
62 1 U 61
63 1 U -1
64 1 U 63
65 1 U 64
66 1 U 65
67 0 U 66
68 0 U 67
69 1 U 68
70 0 U 69
71 1 U 70
72 1 U -1
73 0 U 72
74 0 U 73
75 1 U 74
76 1 U 75
77 1 U 76
78 0 U 77
79 0 U 78
80 1 U 79
81 0 L 63
82 0 L 64
83 1 L 65
84 0 L 66
85 0 L 67
86 1 L 68
87 1 L 69
88 0 L 70
89 0 L 71
90 1 U -1
# score :20 2183490
# W : 1159865 , H : 763968
91
0 1 U -1
1 0 U 0
2 0 U 1
3 1 U 2
4 1 U 3
5 0 U 4
6 0 U 5
7 1 U 6
8 1 U 7
9 0 U -1
10 1 U 9
11 1 U 10
12 0 U 11
13 1 U 12
14 1 U 13
15 0 U 14
16 1 U 15
17 1 U 16
18 0 U -1
19 0 U 18
20 0 U 19
21 1 U 20
22 1 U 21
23 0 U 22
24 0 U 23
25 1 U 24
26 1 U 25
27 1 U -1
28 0 U 27
29 1 U 28
30 1 U 29
31 0 U 30
32 0 U 31
33 0 U 32
34 1 U 33
35 0 U 34
36 0 U -1
37 0 U 36
38 0 U 37
39 0 U 38
40 0 U 39
41 0 U 40
42 1 U 41
43 0 U 42
44 1 U 43
45 1 U -1
46 0 U 45
47 1 U 46
48 1 U 47
49 1 U 48
50 0 U 49
51 0 U 50
52 1 U 51
53 0 U 52
54 1 U -1
55 0 U 54
56 1 U 55
57 0 U 56
58 1 U 57
59 1 U 58
60 1 U 59
61 0 U 60
62 1 U 61
63 0 U -1
64 0 U 63
65 1 U 64
66 1 U 65
67 0 U 66
68 1 U 67
69 1 U 68
70 1 U 69
71 1 U 70
72 0 U -1
73 1 U 72
74 1 U 73
75 0 U 74
76 0 U 75
77 1 U 76
78 1 U 77
79 0 U 78
80 0 U 79
81 1 L 63
82 0 L 64
83 0 L 65
84 0 L 66
85 1 L 67
86 0 L 68
87 1 L 69
88 1 L 70
89 0 L 71
90 1 U -1
# score :21 2231921
# W : 1366264 , H : 787231
91
0 1 U -1
1 1 U 0
2 0 U 1
3 0 U 2
4 1 U 3
5 0 U 4
6 0 U 5
7 0 U 6
8 0 U 7
9 0 U -1
10 1 U 9
11 1 U 10
12 1 U 11
13 1 U 12
14 0 U 13
15 0 U 14
16 0 U 15
17 0 U 16
18 0 U -1
19 1 U 18
20 0 U 19
21 1 U 20
22 1 U 21
23 1 U 22
24 1 U 23
25 1 U 24
26 0 U 25
27 1 U -1
28 0 U 27
29 0 U 28
30 1 U 29
31 0 U 30
32 1 U 31
33 1 U 32
34 0 U 33
35 0 U 34
36 0 U -1
37 0 U 36
38 0 U 37
39 0 U 38
40 1 U 39
41 1 U 40
42 1 U 41
43 0 U 42
44 1 U 43
45 0 U -1
46 0 U 45
47 1 U 46
48 1 U 47
49 0 U 48
50 1 U 49
51 1 U 50
52 0 U 51
53 1 U 52
54 0 U -1
55 0 U 54
56 0 U 55
57 1 U 56
58 0 U 57
59 0 U 58
60 1 U 59
61 1 U 60
62 0 U 61
63 0 U -1
64 1 U 63
65 1 U 64
66 1 U 65
67 0 U 66
68 1 U 67
69 1 U 68
70 0 U 69
71 0 U 70
72 0 U -1
73 1 U 72
74 0 U 73
75 1 U 74
76 1 U 75
77 1 U 76
78 0 U 77
79 1 U 78
80 1 U 79
81 1 L 63
82 0 L 64
83 0 L 65
84 0 L 66
85 1 L 67
86 1 L 68
87 0 L 69
88 0 L 70
89 0 L 71
90 1 U -1
# score :22 2125260
# W : 1307270 , H : 778077
91
0 0 U -1
1 0 U 0
2 1 U 1
3 1 U 2
4 1 U 3
5 0 U 4
6 1 U 5
7 0 U 6
8 0 U 7
9 1 U -1
10 0 U 9
11 1 U 10
12 1 U 11
13 1 U 12
14 1 U 13
15 1 U 14
16 0 U 15
17 0 U 16
18 1 U -1
19 0 U 18
20 1 U 19
21 1 U 20
22 1 U 21
23 1 U 22
24 1 U 23
25 1 U 24
26 1 U 25
27 1 U -1
28 0 U 27
29 0 U 28
30 1 U 29
31 0 U 30
32 0 U 31
33 1 U 32
34 0 U 33
35 0 U 34
36 0 U -1
37 1 U 36
38 1 U 37
39 1 U 38
40 1 U 39
41 0 U 40
42 1 U 41
43 0 U 42
44 0 U 43
45 1 U -1
46 0 U 45
47 0 U 46
48 1 U 47
49 1 U 48
50 0 U 49
51 1 U 50
52 0 U 51
53 1 U 52
54 0 U -1
55 1 U 54
56 1 U 55
57 0 U 56
58 0 U 57
59 1 U 58
60 0 U 59
61 1 U 60
62 0 U 61
63 0 U -1
64 0 U 63
65 0 U 64
66 0 U 65
67 0 U 66
68 1 U 67
69 1 U 68
70 0 U 69
71 1 U 70
72 1 U -1
73 0 U 72
74 1 U 73
75 1 U 74
76 0 U 75
77 0 U 76
78 0 U 77
79 0 U 78
80 1 U 79
81 1 L 63
82 1 L 64
83 1 L 65
84 0 L 66
85 0 L 67
86 1 L 68
87 0 L 69
88 1 L 70
89 0 L 71
90 1 U -1
# score :23 2205508
# W : 1205319 , H : 784931
91
0 0 U -1
1 1 U 0
2 1 U 1
3 0 U 2
4 1 U 3
5 1 U 4
6 1 U 5
7 0 U 6
8 0 U 7
9 0 U -1
10 0 U 9
11 0 U 10
12 1 U 11
13 0 U 12
14 0 U 13
15 0 U 14
16 1 U 15
17 1 U 16
18 1 U -1
19 0 U 18
20 0 U 19
21 0 U 20
22 1 U 21
23 0 U 22
24 1 U 23
25 1 U 24
26 0 U 25
27 0 U -1
28 1 U 27
29 1 U 28
30 1 U 29
31 0 U 30
32 1 U 31
33 0 U 32
34 0 U 33
35 0 U 34
36 0 U -1
37 0 U 36
38 1 U 37
39 1 U 38
40 0 U 39
41 0 U 40
42 1 U 41
43 0 U 42
44 1 U 43
45 0 U -1
46 1 U 45
47 0 U 46
48 1 U 47
49 0 U 48
50 0 U 49
51 1 U 50
52 0 U 51
53 1 U 52
54 1 U -1
55 1 U 54
56 1 U 55
57 1 U 56
58 1 U 57
59 1 U 58
60 0 U 59
61 1 U 60
62 1 U 61
63 0 U -1
64 1 U 63
65 1 U 64
66 0 U 65
67 1 U 66
68 0 U 67
69 1 U 68
70 0 U 69
71 1 U 70
72 0 U -1
73 1 U 72
74 0 U 73
75 0 U 74
76 1 U 75
77 1 U 76
78 0 U 77
79 0 U 78
80 1 U 79
81 0 U -1
82 1 U 81
83 0 U 82
84 0 U 83
85 0 U 84
86 0 U 85
87 1 U 86
88 0 U 87
89 0 U 88
90 0 U -1
# score :24 1724831
# W : 679291 , H : 855526
91
0 1 U -1
1 1 U 0
2 0 U 1
3 0 U 2
4 1 U 3
5 0 U 4
6 1 U 5
7 1 U 6
8 1 U 7
9 0 U -1
10 0 U 9
11 0 U 10
12 0 U 11
13 1 U 12
14 1 U 13
15 0 U 14
16 1 U 15
17 1 U 16
18 1 U -1
19 0 U 18
20 1 U 19
21 1 U 20
22 0 U 21
23 1 U 22
24 0 U 23
25 0 U 24
26 1 U 25
27 0 U -1
28 0 U 27
29 0 U 28
30 1 U 29
31 1 U 30
32 0 U 31
33 1 U 32
34 1 U 33
35 0 U 34
36 0 U -1
37 0 U 36
38 0 U 37
39 1 U 38
40 1 U 39
41 0 U 40
42 1 U 41
43 0 U 42
44 0 U 43
45 0 U -1
46 0 U 45
47 0 U 46
48 1 U 47
49 1 U 48
50 0 U 49
51 0 U 50
52 0 U 51
53 0 U 52
54 0 U -1
55 0 U 54
56 0 U 55
57 0 U 56
58 1 U 57
59 1 U 58
60 1 U 59
61 1 U 60
62 1 U 61
63 0 U -1
64 1 U 63
65 0 U 64
66 1 U 65
67 0 U 66
68 1 U 67
69 1 U 68
70 0 U 69
71 1 U 70
72 1 U -1
73 1 U 72
74 0 U 73
75 0 U 74
76 0 U 75
77 1 U 76
78 0 U 77
79 0 U 78
80 1 U 79
81 0 U -1
82 1 U 81
83 1 U 82
84 0 U 83
85 0 U 84
86 1 U 85
87 0 U 86
88 0 U 87
89 1 U 88
90 1 U -1
# score :25 1723143
# W : 704691 , H : 869440
91
0 1 U -1
1 0 U 0
2 1 U 1
3 1 U 2
4 0 U 3
5 0 U 4
6 0 U 5
7 0 U 6
8 1 U 7
9 0 U -1
10 0 U 9
11 0 U 10
12 0 U 11
13 1 U 12
14 1 U 13
15 0 U 14
16 0 U 15
17 0 U 16
18 1 U -1
19 1 U 18
20 0 U 19
21 1 U 20
22 1 U 21
23 0 U 22
24 0 U 23
25 1 U 24
26 1 U 25
27 1 U -1
28 1 U 27
29 0 U 28
30 0 U 29
31 1 U 30
32 1 U 31
33 1 U 32
34 1 U 33
35 1 U 34
36 0 U -1
37 0 U 36
38 1 U 37
39 1 U 38
40 1 U 39
41 1 U 40
42 0 U 41
43 1 U 42
44 1 U 43
45 1 U -1
46 1 U 45
47 0 U 46
48 0 U 47
49 0 U 48
50 1 U 49
51 0 U 50
52 1 U 51
53 0 U 52
54 0 U -1
55 0 U 54
56 1 U 55
57 0 U 56
58 1 U 57
59 1 U 58
60 1 U 59
61 1 U 60
62 1 U 61
63 0 U -1
64 0 U 63
65 1 U 64
66 1 U 65
67 0 U 66
68 0 U 67
69 0 U 68
70 0 U 69
71 0 U 70
72 0 U -1
73 0 U 72
74 0 U 73
75 0 U 74
76 1 U 75
77 0 U 76
78 1 U 77
79 1 U 78
80 0 U 79
81 1 L 72
82 1 L 73
83 0 L 74
84 0 L 75
85 1 L 76
86 0 L 77
87 1 L 78
88 0 L 79
89 1 L 80
90 0 U -1
# score :26 1947107
# W : 1171408 , H : 901617
91
0 0 U -1
1 0 U 0
2 1 U 1
3 0 U 2
4 1 U 3
5 1 U 4
6 0 U 5
7 0 U 6
8 0 U 7
9 0 U -1
10 1 U 9
11 1 U 10
12 1 U 11
13 1 U 12
14 0 U 13
15 0 U 14
16 1 U 15
17 1 U 16
18 0 U -1
19 1 U 18
20 1 U 19
21 0 U 20
22 1 U 21
23 0 U 22
24 1 U 23
25 0 U 24
26 1 U 25
27 1 U -1
28 0 U 27
29 1 U 28
30 0 U 29
31 0 U 30
32 1 U 31
33 1 U 32
34 0 U 33
35 0 U 34
36 0 U -1
37 1 U 36
38 0 U 37
39 1 U 38
40 1 U 39
41 1 U 40
42 1 U 41
43 1 U 42
44 0 U 43
45 0 U -1
46 0 U 45
47 1 U 46
48 0 U 47
49 1 U 48
50 0 U 49
51 1 U 50
52 1 U 51
53 0 U 52
54 1 U -1
55 0 U 54
56 0 U 55
57 0 U 56
58 1 U 57
59 0 U 58
60 0 U 59
61 0 U 60
62 1 U 61
63 1 U -1
64 1 U 63
65 0 U 64
66 0 U 65
67 1 U 66
68 0 U 67
69 1 U 68
70 0 U 69
71 0 U 70
72 1 U -1
73 1 U 72
74 1 U 73
75 0 U 74
76 1 U 75
77 0 U 76
78 0 U 77
79 1 U 78
80 0 U 79
81 0 L 72
82 1 L 73
83 0 L 74
84 0 L 75
85 0 L 76
86 1 L 77
87 0 L 78
88 0 L 79
89 0 L 80
90 0 U -1
# score :27 2181530
# W : 1245699 , H : 826144
91
0 1 U -1
1 0 U 0
2 1 U 1
3 1 U 2
4 0 U 3
5 1 U 4
6 1 U 5
7 0 U 6
8 0 U 7
9 1 U -1
10 1 U 9
11 0 U 10
12 0 U 11
13 0 U 12
14 0 U 13
15 1 U 14
16 0 U 15
17 1 U 16
18 0 U -1
19 0 U 18
20 0 U 19
21 0 U 20
22 1 U 21
23 1 U 22
24 0 U 23
25 1 U 24
26 0 U 25
27 0 U -1
28 0 U 27
29 1 U 28
30 0 U 29
31 1 U 30
32 1 U 31
33 1 U 32
34 1 U 33
35 0 U 34
36 1 U -1
37 1 U 36
38 1 U 37
39 0 U 38
40 0 U 39
41 0 U 40
42 1 U 41
43 1 U 42
44 0 U 43
45 1 U -1
46 0 U 45
47 0 U 46
48 1 U 47
49 1 U 48
50 0 U 49
51 1 U 50
52 0 U 51
53 1 U 52
54 0 U -1
55 0 U 54
56 0 U 55
57 0 U 56
58 1 U 57
59 0 U 58
60 0 U 59
61 1 U 60
62 0 U 61
63 0 U -1
64 0 U 63
65 0 U 64
66 1 U 65
67 0 U 66
68 0 U 67
69 1 U 68
70 0 U 69
71 1 U 70
72 0 U -1
73 1 U 72
74 1 U 73
75 1 U 74
76 1 U 75
77 0 U 76
78 0 U 77
79 1 U 78
80 0 U 79
81 0 L 63
82 0 L 64
83 0 L 65
84 0 L 66
85 0 L 67
86 0 L 68
87 0 L 69
88 1 L 70
89 0 L 71
90 1 U -1
# score :28 2196024
# W : 1172613 , H : 815236
91
0 0 U -1
1 1 U 0
2 0 U 1
3 0 U 2
4 0 U 3
5 1 U 4
6 1 U 5
7 0 U 6
8 1 U 7
9 1 U -1
10 1 U 9
11 1 U 10
12 1 U 11
13 0 U 12
14 0 U 13
15 0 U 14
16 0 U 15
17 1 U 16
18 0 U -1
19 1 U 18
20 0 U 19
21 1 U 20
22 1 U 21
23 1 U 22
24 1 U 23
25 1 U 24
26 1 U 25
27 0 U -1
28 0 U 27
29 1 U 28
30 0 U 29
31 1 U 30
32 0 U 31
33 0 U 32
34 0 U 33
35 0 U 34
36 0 U -1
37 0 U 36
38 0 U 37
39 0 U 38
40 0 U 39
41 0 U 40
42 0 U 41
43 1 U 42
44 0 U 43
45 0 U -1
46 1 U 45
47 0 U 46
48 0 U 47
49 1 U 48
50 0 U 49
51 0 U 50
52 0 U 51
53 1 U 52
54 0 U -1
55 0 U 54
56 0 U 55
57 0 U 56
58 0 U 57
59 0 U 58
60 0 U 59
61 0 U 60
62 1 U 61
63 0 U -1
64 1 U 63
65 1 U 64
66 1 U 65
67 1 U 66
68 0 U 67
69 0 U 68
70 0 U 69
71 1 U 70
72 0 U -1
73 1 U 72
74 0 U 73
75 0 U 74
76 1 U 75
77 0 U 76
78 0 U 77
79 0 U 78
80 1 U 79
81 0 L 63
82 0 L 64
83 1 L 65
84 1 L 66
85 1 L 67
86 1 L 68
87 1 L 69
88 0 L 70
89 1 L 71
90 0 U -1
# score :29 2173925
# W : 1318436 , H : 743506
91
0 0 U -1
1 1 U 0
2 1 U 1
3 0 U 2
4 1 U 3
5 0 U 4
6 1 U 5
7 1 U 6
8 0 U 7
9 1 U -1
10 1 U 9
11 0 U 10
12 0 U 11
13 1 U 12
14 0 U 13
15 0 U 14
16 0 U 15
17 1 U 16
18 0 U -1
19 0 U 18
20 0 U 19
21 1 U 20
22 1 U 21
23 0 U 22
24 1 U 23
25 0 U 24
26 1 U 25
27 1 U -1
28 0 U 27
29 0 U 28
30 1 U 29
31 0 U 30
32 0 U 31
33 1 U 32
34 1 U 33
35 1 U 34
36 1 U -1
37 0 U 36
38 0 U 37
39 0 U 38
40 0 U 39
41 1 U 40
42 1 U 41
43 0 U 42
44 1 U 43
45 0 U -1
46 0 U 45
47 0 U 46
48 0 U 47
49 1 U 48
50 1 U 49
51 0 U 50
52 1 U 51
53 1 U 52
54 0 U -1
55 0 U 54
56 0 U 55
57 0 U 56
58 0 U 57
59 1 U 58
60 1 U 59
61 1 U 60
62 0 U 61
63 0 U -1
64 0 U 63
65 1 U 64
66 0 U 65
67 1 U 66
68 0 U 67
69 0 U 68
70 0 U 69
71 0 U 70
72 1 U -1
73 0 U 72
74 0 U 73
75 1 U 74
76 0 U 75
77 0 U 76
78 0 U 77
79 0 U 78
80 0 U 79
81 1 L 63
82 0 L 64
83 1 L 65
84 1 L 66
85 1 L 67
86 0 L 68
87 1 L 69
88 0 L 70
89 0 L 71
90 1 U -1
# score :30 2244919
# W : 1166434 , H : 708632
91
0 0 U -1
1 1 U 0
2 1 U 1
3 1 U 2
4 0 U 3
5 1 U 4
6 1 U 5
7 1 U 6
8 0 U 7
9 0 U -1
10 0 U 9
11 1 U 10
12 1 U 11
13 1 U 12
14 1 U 13
15 0 U 14
16 1 U 15
17 0 U 16
18 0 U -1
19 1 U 18
20 1 U 19
21 1 U 20
22 1 U 21
23 0 U 22
24 0 U 23
25 0 U 24
26 0 U 25
27 1 U -1
28 0 U 27
29 1 U 28
30 0 U 29
31 0 U 30
32 1 U 31
33 0 U 32
34 0 U 33
35 1 U 34
36 0 U -1
37 0 U 36
38 1 U 37
39 1 U 38
40 1 U 39
41 1 U 40
42 1 U 41
43 1 U 42
44 0 U 43
45 1 U -1
46 0 U 45
47 0 U 46
48 0 U 47
49 1 U 48
50 0 U 49
51 1 U 50
52 0 U 51
53 0 U 52
54 0 U -1
55 1 U 54
56 1 U 55
57 0 U 56
58 1 U 57
59 1 U 58
60 0 U 59
61 0 U 60
62 0 U 61
63 1 U -1
64 1 U 63
65 1 U 64
66 0 U 65
67 0 U 66
68 0 U 67
69 1 U 68
70 0 U 69
71 0 U 70
72 0 U -1
73 1 U 72
74 1 U 73
75 1 U 74
76 1 U 75
77 0 U 76
78 1 U 77
79 1 U 78
80 1 U 79
81 1 L 63
82 0 L 64
83 0 L 65
84 0 L 66
85 1 L 67
86 0 L 68
87 0 L 69
88 0 L 70
89 0 L 71
90 1 U -1
# score :31 2199139
# W : 1221239 , H : 731659
91
0 1 U -1
1 1 U 0
2 1 U 1
3 1 U 2
4 1 U 3
5 1 U 4
6 1 U 5
7 1 U 6
8 1 U 7
9 1 U -1
10 0 U 9
11 0 U 10
12 0 U 11
13 0 U 12
14 1 U 13
15 1 U 14
16 1 U 15
17 1 U 16
18 1 U -1
19 1 U 18
20 0 U 19
21 1 U 20
22 0 U 21
23 1 U 22
24 0 U 23
25 1 U 24
26 0 U 25
27 1 U -1
28 0 U 27
29 1 U 28
30 1 U 29
31 0 U 30
32 0 U 31
33 1 U 32
34 1 U 33
35 1 U 34
36 1 U -1
37 0 U 36
38 1 U 37
39 1 U 38
40 1 U 39
41 0 U 40
42 0 U 41
43 0 U 42
44 0 U 43
45 1 U -1
46 0 U 45
47 0 U 46
48 1 U 47
49 0 U 48
50 1 U 49
51 0 U 50
52 1 U 51
53 0 U 52
54 0 U -1
55 1 U 54
56 1 U 55
57 1 U 56
58 1 U 57
59 0 U 58
60 0 U 59
61 0 U 60
62 1 U 61
63 0 U -1
64 1 U 63
65 0 U 64
66 0 U 65
67 1 U 66
68 0 U 67
69 0 U 68
70 0 U 69
71 0 U 70
72 1 U -1
73 1 U 72
74 0 U 73
75 0 U 74
76 0 U 75
77 1 U 76
78 1 U 77
79 0 U 78
80 0 U 79
81 1 U -1
82 0 U 81
83 0 U 82
84 1 U 83
85 0 U 84
86 1 U 85
87 1 U 86
88 1 U 87
89 1 U 88
90 0 U -1
# score :32 1664787
# W : 674060 , H : 832196
91
0 1 U -1
1 0 U 0
2 0 U 1
3 0 U 2
4 1 U 3
5 0 U 4
6 0 U 5
7 1 U 6
8 0 U 7
9 1 U -1
10 0 U 9
11 1 U 10
12 0 U 11
13 1 U 12
14 1 U 13
15 0 U 14
16 0 U 15
17 0 U 16
18 0 U -1
19 1 U 18
20 0 U 19
21 0 U 20
22 1 U 21
23 1 U 22
24 1 U 23
25 0 U 24
26 0 U 25
27 0 U -1
28 1 U 27
29 1 U 28
30 0 U 29
31 1 U 30
32 1 U 31
33 1 U 32
34 1 U 33
35 0 U 34
36 1 U -1
37 0 U 36
38 0 U 37
39 0 U 38
40 1 U 39
41 0 U 40
42 0 U 41
43 0 U 42
44 0 U 43
45 1 U -1
46 0 U 45
47 0 U 46
48 1 U 47
49 0 U 48
50 1 U 49
51 1 U 50
52 0 U 51
53 1 U 52
54 1 U -1
55 0 U 54
56 0 U 55
57 0 U 56
58 0 U 57
59 1 U 58
60 0 U 59
61 1 U 60
62 1 U 61
63 1 U -1
64 1 U 63
65 0 U 64
66 0 U 65
67 0 U 66
68 1 U 67
69 0 U 68
70 1 U 69
71 1 U 70
72 1 U -1
73 0 U 72
74 0 U 73
75 0 U 74
76 0 U 75
77 0 U 76
78 1 U 77
79 0 U 78
80 0 U 79
81 0 U -1
82 0 U 81
83 0 U 82
84 1 U 83
85 0 U 84
86 1 U 85
87 0 U 86
88 0 U 87
89 0 U 88
90 0 U -1
# score :33 1709739
# W : 710630 , H : 887841
91
0 0 U -1
1 1 U 0
2 1 U 1
3 1 U 2
4 1 U 3
5 0 U 4
6 1 U 5
7 0 U 6
8 0 U 7
9 0 U -1
10 1 U 9
11 0 U 10
12 1 U 11
13 0 U 12
14 0 U 13
15 0 U 14
16 0 U 15
17 0 U 16
18 1 U -1
19 1 U 18
20 1 U 19
21 0 U 20
22 1 U 21
23 1 U 22
24 0 U 23
25 0 U 24
26 0 U 25
27 1 U -1
28 1 U 27
29 1 U 28
30 1 U 29
31 0 U 30
32 1 U 31
33 0 U 32
34 1 U 33
35 1 U 34
36 0 U -1
37 0 U 36
38 0 U 37
39 0 U 38
40 0 U 39
41 0 U 40
42 0 U 41
43 0 U 42
44 1 U 43
45 0 U -1
46 1 U 45
47 1 U 46
48 0 U 47
49 1 U 48
50 0 U 49
51 1 U 50
52 1 U 51
53 0 U 52
54 1 U -1
55 1 U 54
56 0 U 55
57 1 U 56
58 1 U 57
59 0 U 58
60 0 U 59
61 0 U 60
62 1 U 61
63 0 U -1
64 1 U 63
65 1 U 64
66 1 U 65
67 1 U 66
68 0 U 67
69 1 U 68
70 1 U 69
71 0 U 70
72 1 U -1
73 1 U 72
74 0 U 73
75 1 U 74
76 1 U 75
77 0 U 76
78 0 U 77
79 0 U 78
80 1 U 79
81 1 L 72
82 0 L 73
83 0 L 74
84 0 L 75
85 0 L 76
86 0 L 77
87 1 L 78
88 0 L 79
89 1 L 80
90 1 U -1
# score :34 1956646
# W : 1366934 , H : 818731
91
0 1 U -1
1 1 U 0
2 1 U 1
3 1 U 2
4 0 U 3
5 1 U 4
6 1 U 5
7 1 U 6
8 1 U 7
9 1 U -1
10 0 U 9
11 1 U 10
12 1 U 11
13 0 U 12
14 0 U 13
15 0 U 14
16 0 U 15
17 0 U 16
18 1 U -1
19 0 U 18
20 1 U 19
21 0 U 20
22 0 U 21
23 1 U 22
24 0 U 23
25 0 U 24
26 1 U 25
27 1 U -1
28 0 U 27
29 0 U 28
30 0 U 29
31 0 U 30
32 0 U 31
33 1 U 32
34 0 U 33
35 1 U 34
36 0 U -1
37 0 U 36
38 1 U 37
39 1 U 38
40 1 U 39
41 0 U 40
42 0 U 41
43 0 U 42
44 0 U 43
45 1 U -1
46 1 U 45
47 1 U 46
48 1 U 47
49 0 U 48
50 1 U 49
51 0 U 50
52 1 U 51
53 1 U 52
54 1 U -1
55 1 U 54
56 1 U 55
57 1 U 56
58 0 U 57
59 1 U 58
60 1 U 59
61 0 U 60
62 0 U 61
63 1 U -1
64 0 U 63
65 0 U 64
66 0 U 65
67 0 U 66
68 0 U 67
69 1 U 68
70 1 U 69
71 0 U 70
72 0 U -1
73 0 U 72
74 0 U 73
75 1 U 74
76 1 U 75
77 1 U 76
78 1 U 77
79 0 U 78
80 1 U 79
81 1 L 72
82 0 L 73
83 1 L 74
84 0 L 75
85 1 L 76
86 0 L 77
87 1 L 78
88 0 L 79
89 0 L 80
90 1 U -1
# score :35 2138442
# W : 1348497 , H : 837738
91
0 1 U -1
1 0 U 0
2 0 U 1
3 0 U 2
4 0 U 3
5 0 U 4
6 1 U 5
7 1 U 6
8 1 U 7
9 1 U -1
10 1 U 9
11 0 U 10
12 1 U 11
13 1 U 12
14 1 U 13
15 1 U 14
16 0 U 15
17 1 U 16
18 0 U -1
19 0 U 18
20 0 U 19
21 0 U 20
22 0 U 21
23 1 U 22
24 0 U 23
25 0 U 24
26 0 U 25
27 0 U -1
28 1 U 27
29 1 U 28
30 1 U 29
31 0 U 30
32 0 U 31
33 1 U 32
34 0 U 33
35 1 U 34
36 0 U -1
37 1 U 36
38 0 U 37
39 0 U 38
40 1 U 39
41 0 U 40
42 1 U 41
43 1 U 42
44 1 U 43
45 1 U -1
46 0 U 45
47 0 U 46
48 1 U 47
49 0 U 48
50 1 U 49
51 0 U 50
52 0 U 51
53 1 U 52
54 0 U -1
55 0 U 54
56 1 U 55
57 1 U 56
58 0 U 57
59 1 U 58
60 0 U 59
61 0 U 60
62 0 U 61
63 0 U -1
64 1 U 63
65 1 U 64
66 1 U 65
67 1 U 66
68 0 U 67
69 0 U 68
70 1 U 69
71 0 U 70
72 1 U -1
73 0 U 72
74 0 U 73
75 1 U 74
76 1 U 75
77 0 U 76
78 1 U 77
79 1 U 78
80 1 U 79
81 0 L 63
82 0 L 64
83 1 L 65
84 0 L 66
85 0 L 67
86 1 L 68
87 1 L 69
88 0 L 70
89 1 L 71
90 0 U -1
# score :36 2138142
# W : 1284886 , H : 774969
91
0 1 U -1
1 1 U 0
2 1 U 1
3 0 U 2
4 0 U 3
5 1 U 4
6 0 U 5
7 1 U 6
8 0 U 7
9 0 U -1
10 0 U 9
11 0 U 10
12 1 U 11
13 1 U 12
14 1 U 13
15 1 U 14
16 1 U 15
17 0 U 16
18 1 U -1
19 1 U 18
20 1 U 19
21 1 U 20
22 1 U 21
23 0 U 22
24 1 U 23
25 1 U 24
26 0 U 25
27 0 U -1
28 0 U 27
29 0 U 28
30 0 U 29
31 0 U 30
32 1 U 31
33 1 U 32
34 1 U 33
35 0 U 34
36 0 U -1
37 1 U 36
38 0 U 37
39 0 U 38
40 1 U 39
41 0 U 40
42 1 U 41
43 0 U 42
44 0 U 43
45 1 U -1
46 0 U 45
47 1 U 46
48 1 U 47
49 0 U 48
50 1 U 49
51 0 U 50
52 1 U 51
53 1 U 52
54 1 U -1
55 1 U 54
56 1 U 55
57 1 U 56
58 0 U 57
59 0 U 58
60 0 U 59
61 0 U 60
62 1 U 61
63 0 U -1
64 0 U 63
65 0 U 64
66 0 U 65
67 1 U 66
68 1 U 67
69 1 U 68
70 0 U 69
71 0 U 70
72 1 U -1
73 0 U 72
74 0 U 73
75 0 U 74
76 0 U 75
77 0 U 76
78 0 U 77
79 0 U 78
80 0 U 79
81 1 L 63
82 1 L 64
83 0 L 65
84 1 L 66
85 0 L 67
86 0 L 68
87 1 L 69
88 1 L 70
89 1 L 71
90 1 U -1
# score :37 2164117
# W : 1317730 , H : 755997
91
0 0 U -1
1 1 U 0
2 0 U 1
3 1 U 2
4 1 U 3
5 1 U 4
6 0 U 5
7 1 U 6
8 0 U 7
9 1 U -1
10 0 U 9
11 0 U 10
12 0 U 11
13 1 U 12
14 0 U 13
15 1 U 14
16 0 U 15
17 0 U 16
18 0 U -1
19 1 U 18
20 1 U 19
21 1 U 20
22 0 U 21
23 0 U 22
24 0 U 23
25 1 U 24
26 1 U 25
27 1 U -1
28 1 U 27
29 0 U 28
30 0 U 29
31 0 U 30
32 0 U 31
33 0 U 32
34 0 U 33
35 0 U 34
36 0 U -1
37 1 U 36
38 0 U 37
39 1 U 38
40 1 U 39
41 1 U 40
42 1 U 41
43 0 U 42
44 0 U 43
45 1 U -1
46 0 U 45
47 1 U 46
48 1 U 47
49 0 U 48
50 0 U 49
51 0 U 50
52 1 U 51
53 1 U 52
54 0 U -1
55 1 U 54
56 0 U 55
57 1 U 56
58 0 U 57
59 0 U 58
60 1 U 59
61 1 U 60
62 0 U 61
63 1 U -1
64 0 U 63
65 0 U 64
66 1 U 65
67 0 U 66
68 0 U 67
69 1 U 68
70 0 U 69
71 0 U 70
72 0 U -1
73 0 U 72
74 1 U 73
75 1 U 74
76 1 U 75
77 0 U 76
78 1 U 77
79 1 U 78
80 1 U 79
81 0 L 63
82 1 L 64
83 0 L 65
84 0 L 66
85 0 L 67
86 1 L 68
87 1 L 69
88 0 L 70
89 1 L 71
90 1 U -1
# score :38 2066928
# W : 1264046 , H : 773815
91
0 1 U -1
1 0 U 0
2 1 U 1
3 1 U 2
4 0 U 3
5 1 U 4
6 1 U 5
7 0 U 6
8 0 U 7
9 0 U -1
10 0 U 9
11 1 U 10
12 0 U 11
13 0 U 12
14 0 U 13
15 1 U 14
16 1 U 15
17 1 U 16
18 0 U -1
19 1 U 18
20 1 U 19
21 0 U 20
22 1 U 21
23 1 U 22
24 0 U 23
25 0 U 24
26 1 U 25
27 1 U -1
28 1 U 27
29 0 U 28
30 1 U 29
31 0 U 30
32 1 U 31
33 1 U 32
34 1 U 33
35 1 U 34
36 1 U -1
37 1 U 36
38 1 U 37
39 1 U 38
40 0 U 39
41 0 U 40
42 0 U 41
43 1 U 42
44 1 U 43
45 0 U -1
46 1 U 45
47 1 U 46
48 1 U 47
49 1 U 48
50 0 U 49
51 0 U 50
52 1 U 51
53 0 U 52
54 1 U -1
55 0 U 54
56 0 U 55
57 0 U 56
58 1 U 57
59 1 U 58
60 0 U 59
61 1 U 60
62 0 U 61
63 0 U -1
64 1 U 63
65 1 U 64
66 0 U 65
67 1 U 66
68 0 U 67
69 0 U 68
70 0 U 69
71 0 U 70
72 0 U -1
73 0 U 72
74 0 U 73
75 1 U 74
76 1 U 75
77 1 U 76
78 1 U 77
79 0 U 78
80 0 U 79
81 1 L 63
82 0 L 64
83 0 L 65
84 1 L 66
85 1 L 67
86 0 L 68
87 1 L 69
88 1 L 70
89 1 L 71
90 0 U -1
# score :39 2133409
# W : 1332357 , H : 743989
91
0 0 U -1
1 0 U 0
2 1 U 1
3 1 U 2
4 0 U 3
5 0 U 4
6 0 U 5
7 0 U 6
8 1 U 7
9 0 U -1
10 0 U 9
11 1 U 10
12 1 U 11
13 0 U 12
14 0 U 13
15 0 U 14
16 1 U 15
17 1 U 16
18 0 U -1
19 1 U 18
20 0 U 19
21 0 U 20
22 1 U 21
23 0 U 22
24 1 U 23
25 1 U 24
26 1 U 25
27 0 U -1
28 1 U 27
29 1 U 28
30 0 U 29
31 0 U 30
32 0 U 31
33 0 U 32
34 0 U 33
35 1 U 34
36 1 U -1
37 1 U 36
38 0 U 37
39 1 U 38
40 0 U 39
41 1 U 40
42 1 U 41
43 0 U 42
44 1 U 43
45 0 U -1
46 1 U 45
47 0 U 46
48 0 U 47
49 0 U 48
50 1 U 49
51 1 U 50
52 0 U 51
53 1 U 52
54 0 U -1
55 1 U 54
56 1 U 55
57 1 U 56
58 1 U 57
59 0 U 58
60 0 U 59
61 0 U 60
62 1 U 61
63 0 U -1
64 1 U 63
65 1 U 64
66 0 U 65
67 0 U 66
68 1 U 67
69 0 U 68
70 1 U 69
71 0 U 70
72 0 U -1
73 0 U 72
74 1 U 73
75 1 U 74
76 1 U 75
77 1 U 76
78 0 U 77
79 1 U 78
80 0 U 79
81 1 U -1
82 0 U 81
83 1 U 82
84 0 U 83
85 0 U 84
86 1 U 85
87 0 U 86
88 1 U 87
89 0 U 88
90 0 U -1
# score :40 1712736
# W : 665221 , H : 888950
91
0 1 U -1
1 0 U 0
2 1 U 1
3 1 U 2
4 0 U 3
5 0 U 4
6 0 U 5
7 0 U 6
8 1 U 7
9 0 U -1
10 1 U 9
11 1 U 10
12 0 U 11
13 1 U 12
14 1 U 13
15 1 U 14
16 1 U 15
17 0 U 16
18 1 U -1
19 0 U 18
20 0 U 19
21 1 U 20
22 1 U 21
23 0 U 22
24 0 U 23
25 0 U 24
26 0 U 25
27 1 U -1
28 1 U 27
29 1 U 28
30 0 U 29
31 1 U 30
32 0 U 31
33 0 U 32
34 1 U 33
35 0 U 34
36 0 U -1
37 1 U 36
38 0 U 37
39 1 U 38
40 1 U 39
41 1 U 40
42 0 U 41
43 1 U 42
44 0 U 43
45 0 U -1
46 0 U 45
47 0 U 46
48 1 U 47
49 0 U 48
50 0 U 49
51 0 U 50
52 1 U 51
53 1 U 52
54 1 U -1
55 1 U 54
56 1 U 55
57 1 U 56
58 1 U 57
59 1 U 58
60 1 U 59
61 0 U 60
62 0 U 61
63 0 U -1
64 1 U 63
65 1 U 64
66 1 U 65
67 1 U 66
68 0 U 67
69 1 U 68
70 1 U 69
71 1 U 70
72 0 U -1
73 1 U 72
74 0 U 73
75 1 U 74
76 1 U 75
77 0 U 76
78 0 U 77
79 0 U 78
80 0 U 79
81 1 U -1
82 0 U 81
83 0 U 82
84 0 U 83
85 0 U 84
86 1 U 85
87 1 U 86
88 1 U 87
89 1 U 88
90 1 U -1
# score :41 1701359
# W : 696712 , H : 828539
91
0 0 U -1
1 1 U 0
2 0 U 1
3 0 U 2
4 0 U 3
5 0 U 4
6 0 U 5
7 0 U 6
8 0 U 7
9 0 U -1
10 0 U 9
11 0 U 10
12 1 U 11
13 0 U 12
14 1 U 13
15 0 U 14
16 1 U 15
17 1 U 16
18 1 U -1
19 0 U 18
20 1 U 19
21 1 U 20
22 1 U 21
23 0 U 22
24 0 U 23
25 0 U 24
26 0 U 25
27 0 U -1
28 1 U 27
29 0 U 28
30 1 U 29
31 0 U 30
32 1 U 31
33 0 U 32
34 1 U 33
35 1 U 34
36 1 U -1
37 1 U 36
38 1 U 37
39 1 U 38
40 0 U 39
41 0 U 40
42 0 U 41
43 0 U 42
44 1 U 43
45 0 U -1
46 1 U 45
47 0 U 46
48 0 U 47
49 1 U 48
50 0 U 49
51 0 U 50
52 0 U 51
53 1 U 52
54 0 U -1
55 1 U 54
56 1 U 55
57 1 U 56
58 0 U 57
59 0 U 58
60 0 U 59
61 1 U 60
62 1 U 61
63 1 U -1
64 1 U 63
65 1 U 64
66 0 U 65
67 1 U 66
68 1 U 67
69 1 U 68
70 0 U 69
71 1 U 70
72 0 U -1
73 1 U 72
74 0 U 73
75 1 U 74
76 0 U 75
77 0 U 76
78 1 U 77
79 1 U 78
80 0 U 79
81 1 L 72
82 1 L 73
83 0 L 74
84 1 L 75
85 0 L 76
86 1 L 77
87 0 L 78
88 1 L 79
89 1 L 80
90 0 U -1
# score :42 1966847
# W : 1099374 , H : 848262
91
0 0 U -1
1 1 U 0
2 1 U 1
3 0 U 2
4 1 U 3
5 0 U 4
6 0 U 5
7 0 U 6
8 1 U 7
9 1 U -1
10 0 U 9
11 1 U 10
12 1 U 11
13 1 U 12
14 0 U 13
15 0 U 14
16 1 U 15
17 1 U 16
18 0 U -1
19 0 U 18
20 1 U 19
21 0 U 20
22 0 U 21
23 0 U 22
24 1 U 23
25 1 U 24
26 0 U 25
27 1 U -1
28 0 U 27
29 0 U 28
30 1 U 29
31 1 U 30
32 0 U 31
33 1 U 32
34 1 U 33
35 0 U 34
36 0 U -1
37 1 U 36
38 0 U 37
39 1 U 38
40 1 U 39
41 0 U 40
42 1 U 41
43 0 U 42
44 1 U 43
45 0 U -1
46 0 U 45
47 0 U 46
48 1 U 47
49 1 U 48
50 0 U 49
51 1 U 50
52 0 U 51
53 0 U 52
54 0 U -1
55 1 U 54
56 1 U 55
57 0 U 56
58 0 U 57
59 0 U 58
60 0 U 59
61 0 U 60
62 1 U 61
63 1 U -1
64 1 U 63
65 0 U 64
66 1 U 65
67 0 U 66
68 1 U 67
69 1 U 68
70 1 U 69
71 1 U 70
72 1 U -1
73 1 U 72
74 0 U 73
75 0 U 74
76 1 U 75
77 0 U 76
78 0 U 77
79 1 U 78
80 1 U 79
81 1 L 72
82 0 L 73
83 0 L 74
84 1 L 75
85 0 L 76
86 1 L 77
87 1 L 78
88 1 L 79
89 1 L 80
90 1 U -1
# score :43 2070513
# W : 1145130 , H : 892598
91
0 0 U -1
1 1 U 0
2 0 U 1
3 0 U 2
4 0 U 3
5 1 U 4
6 1 U 5
7 1 U 6
8 1 U 7
9 1 U -1
10 0 U 9
11 1 U 10
12 1 U 11
13 1 U 12
14 1 U 13
15 0 U 14
16 0 U 15
17 1 U 16
18 0 U -1
19 0 U 18
20 1 U 19
21 1 U 20
22 1 U 21
23 1 U 22
24 0 U 23
25 0 U 24
26 1 U 25
27 1 U -1
28 0 U 27
29 0 U 28
30 1 U 29
31 1 U 30
32 0 U 31
33 0 U 32
34 0 U 33
35 0 U 34
36 1 U -1
37 1 U 36
38 1 U 37
39 1 U 38
40 1 U 39
41 0 U 40
42 0 U 41
43 1 U 42
44 0 U 43
45 1 U -1
46 1 U 45
47 1 U 46
48 0 U 47
49 0 U 48
50 0 U 49
51 0 U 50
52 1 U 51
53 0 U 52
54 0 U -1
55 1 U 54
56 1 U 55
57 0 U 56
58 1 U 57
59 0 U 58
60 0 U 59
61 0 U 60
62 0 U 61
63 1 U -1
64 0 U 63
65 0 U 64
66 1 U 65
67 1 U 66
68 1 U 67
69 0 U 68
70 1 U 69
71 1 U 70
72 0 U -1
73 0 U 72
74 0 U 73
75 0 U 74
76 0 U 75
77 0 U 76
78 0 U 77
79 1 U 78
80 0 U 79
81 1 L 63
82 1 L 64
83 0 L 65
84 0 L 66
85 0 L 67
86 0 L 68
87 1 L 69
88 1 L 70
89 1 L 71
90 1 U -1
# score :44 2179134
# W : 1262180 , H : 764680
91
0 0 U -1
1 1 U 0
2 0 U 1
3 0 U 2
4 0 U 3
5 0 U 4
6 1 U 5
7 0 U 6
8 1 U 7
9 0 U -1
10 0 U 9
11 0 U 10
12 1 U 11
13 0 U 12
14 1 U 13
15 0 U 14
16 0 U 15
17 1 U 16
18 1 U -1
19 0 U 18
20 0 U 19
21 0 U 20
22 0 U 21
23 1 U 22
24 0 U 23
25 0 U 24
26 0 U 25
27 1 U -1
28 0 U 27
29 1 U 28
30 1 U 29
31 0 U 30
32 1 U 31
33 1 U 32
34 0 U 33
35 0 U 34
36 1 U -1
37 1 U 36
38 1 U 37
39 1 U 38
40 0 U 39
41 1 U 40
42 1 U 41
43 1 U 42
44 1 U 43
45 1 U -1
46 0 U 45
47 1 U 46
48 0 U 47
49 0 U 48
50 0 U 49
51 1 U 50
52 1 U 51
53 0 U 52
54 0 U -1
55 1 U 54
56 0 U 55
57 0 U 56
58 1 U 57
59 1 U 58
60 1 U 59
61 1 U 60
62 1 U 61
63 1 U -1
64 1 U 63
65 0 U 64
66 0 U 65
67 0 U 66
68 1 U 67
69 0 U 68
70 0 U 69
71 1 U 70
72 0 U -1
73 0 U 72
74 0 U 73
75 0 U 74
76 0 U 75
77 0 U 76
78 1 U 77
79 1 U 78
80 0 U 79
81 1 L 63
82 0 L 64
83 1 L 65
84 1 L 66
85 0 L 67
86 0 L 68
87 0 L 69
88 1 L 70
89 0 L 71
90 1 U -1
# score :45 2213259
# W : 1238250 , H : 772928
91
0 0 U -1
1 0 U 0
2 1 U 1
3 1 U 2
4 1 U 3
5 0 U 4
6 0 U 5
7 0 U 6
8 1 U 7
9 1 U -1
10 1 U 9
11 1 U 10
12 0 U 11
13 0 U 12
14 1 U 13
15 0 U 14
16 0 U 15
17 1 U 16
18 0 U -1
19 0 U 18
20 1 U 19
21 1 U 20
22 0 U 21
23 1 U 22
24 0 U 23
25 1 U 24
26 0 U 25
27 0 U -1
28 1 U 27
29 0 U 28
30 1 U 29
31 0 U 30
32 1 U 31
33 0 U 32
34 0 U 33
35 0 U 34
36 0 U -1
37 1 U 36
38 0 U 37
39 0 U 38
40 0 U 39
41 0 U 40
42 1 U 41
43 1 U 42
44 1 U 43
45 1 U -1
46 1 U 45
47 1 U 46
48 1 U 47
49 0 U 48
50 1 U 49
51 1 U 50
52 1 U 51
53 0 U 52
54 1 U -1
55 1 U 54
56 1 U 55
57 1 U 56
58 1 U 57
59 0 U 58
60 1 U 59
61 0 U 60
62 0 U 61
63 1 U -1
64 1 U 63
65 0 U 64
66 0 U 65
67 1 U 66
68 1 U 67
69 0 U 68
70 1 U 69
71 1 U 70
72 0 U -1
73 1 U 72
74 1 U 73
75 0 U 74
76 0 U 75
77 0 U 76
78 0 U 77
79 0 U 78
80 0 U 79
81 1 L 63
82 0 L 64
83 0 L 65
84 1 L 66
85 1 L 67
86 0 L 68
87 1 L 69
88 1 L 70
89 1 L 71
90 0 U -1
# score :46 2199771
# W : 1369726 , H : 787459
91
0 1 U -1
1 1 U 0
2 1 U 1
3 0 U 2
4 0 U 3
5 0 U 4
6 1 U 5
7 1 U 6
8 1 U 7
9 1 U -1
10 1 U 9
11 0 U 10
12 1 U 11
13 0 U 12
14 0 U 13
15 1 U 14
16 0 U 15
17 1 U 16
18 1 U -1
19 1 U 18
20 0 U 19
21 0 U 20
22 0 U 21
23 0 U 22
24 1 U 23
25 1 U 24
26 1 U 25
27 1 U -1
28 0 U 27
29 1 U 28
30 1 U 29
31 0 U 30
32 0 U 31
33 0 U 32
34 0 U 33
35 0 U 34
36 0 U -1
37 0 U 36
38 1 U 37
39 0 U 38
40 1 U 39
41 0 U 40
42 1 U 41
43 0 U 42
44 1 U 43
45 1 U -1
46 1 U 45
47 1 U 46
48 0 U 47
49 0 U 48
50 1 U 49
51 1 U 50
52 1 U 51
53 0 U 52
54 1 U -1
55 1 U 54
56 1 U 55
57 1 U 56
58 0 U 57
59 0 U 58
60 1 U 59
61 0 U 60
62 1 U 61
63 0 U -1
64 0 U 63
65 1 U 64
66 1 U 65
67 1 U 66
68 0 U 67
69 0 U 68
70 1 U 69
71 0 U 70
72 0 U -1
73 1 U 72
74 1 U 73
75 0 U 74
76 1 U 75
77 1 U 76
78 0 U 77
79 1 U 78
80 0 U 79
81 1 L 63
82 1 L 64
83 1 L 65
84 1 L 66
85 1 L 67
86 0 L 68
87 1 L 69
88 1 L 70
89 0 L 71
90 1 U -1
# score :47 2238718
# W : 1352317 , H : 770465
91
0 1 U -1
1 0 U 0
2 1 U 1
3 1 U 2
4 1 U 3
5 1 U 4
6 1 U 5
7 0 U 6
8 1 U 7
9 0 U -1
10 1 U 9
11 1 U 10
12 0 U 11
13 1 U 12
14 0 U 13
15 0 U 14
16 1 U 15
17 1 U 16
18 0 U -1
19 1 U 18
20 0 U 19
21 0 U 20
22 1 U 21
23 0 U 22
24 0 U 23
25 1 U 24
26 0 U 25
27 0 U -1
28 0 U 27
29 0 U 28
30 0 U 29
31 0 U 30
32 1 U 31
33 1 U 32
34 0 U 33
35 0 U 34
36 0 U -1
37 1 U 36
38 1 U 37
39 1 U 38
40 1 U 39
41 0 U 40
42 1 U 41
43 1 U 42
44 1 U 43
45 0 U -1
46 1 U 45
47 1 U 46
48 0 U 47
49 0 U 48
50 1 U 49
51 1 U 50
52 0 U 51
53 0 U 52
54 0 U -1
55 0 U 54
56 1 U 55
57 1 U 56
58 1 U 57
59 1 U 58
60 1 U 59
61 1 U 60
62 1 U 61
63 1 U -1
64 1 U 63
65 1 U 64
66 0 U 65
67 0 U 66
68 1 U 67
69 1 U 68
70 1 U 69
71 1 U 70
72 0 U -1
73 1 U 72
74 0 U 73
75 1 U 74
76 1 U 75
77 1 U 76
78 0 U 77
79 1 U 78
80 1 U 79
81 1 U -1
82 0 U 81
83 1 U 82
84 0 U 83
85 1 U 84
86 1 U 85
87 0 U 86
88 0 U 87
89 0 U 88
90 1 U -1
# score :48 1688880
# W : 686473 , H : 861652
91
0 1 U -1
1 1 U 0
2 0 U 1
3 1 U 2
4 1 U 3
5 0 U 4
6 0 U 5
7 0 U 6
8 1 U 7
9 0 U -1
10 1 U 9
11 1 U 10
12 0 U 11
13 0 U 12
14 1 U 13
15 0 U 14
16 1 U 15
17 0 U 16
18 0 U -1
19 0 U 18
20 1 U 19
21 0 U 20
22 1 U 21
23 1 U 22
24 1 U 23
25 0 U 24
26 0 U 25
27 1 U -1
28 1 U 27
29 1 U 28
30 0 U 29
31 1 U 30
32 1 U 31
33 0 U 32
34 1 U 33
35 0 U 34
36 1 U -1
37 1 U 36
38 0 U 37
39 0 U 38
40 1 U 39
41 1 U 40
42 1 U 41
43 0 U 42
44 0 U 43
45 1 U -1
46 1 U 45
47 0 U 46
48 1 U 47
49 0 U 48
50 1 U 49
51 1 U 50
52 1 U 51
53 0 U 52
54 0 U -1
55 1 U 54
56 1 U 55
57 0 U 56
58 1 U 57
59 0 U 58
60 0 U 59
61 1 U 60
62 1 U 61
63 0 U -1
64 0 U 63
65 0 U 64
66 0 U 65
67 0 U 66
68 1 U 67
69 1 U 68
70 1 U 69
71 0 U 70
72 0 U -1
73 0 U 72
74 1 U 73
75 1 U 74
76 1 U 75
77 1 U 76
78 0 U 77
79 1 U 78
80 1 U 79
81 0 U -1
82 1 U 81
83 1 U 82
84 0 U 83
85 1 U 84
86 1 U 85
87 1 U 86
88 0 U 87
89 1 U 88
90 1 U -1
# score :49 1730120
# W : 703064 , H : 913434
91
0 0 U -1
1 1 U 0
2 1 U 1
3 1 U 2
4 0 U 3
5 1 U 4
6 0 U 5
7 0 U 6
8 1 U 7
9 0 U -1
10 0 U 9
11 0 U 10
12 0 U 11
13 0 U 12
14 1 U 13
15 1 U 14
16 0 U 15
17 0 U 16
18 1 U -1
19 0 U 18
20 1 U 19
21 1 U 20
22 1 U 21
23 0 U 22
24 0 U 23
25 1 U 24
26 1 U 25
27 1 U -1
28 0 U 27
29 0 U 28
30 1 U 29
31 1 U 30
32 1 U 31
33 1 U 32
34 0 U 33
35 0 U 34
36 0 U -1
37 0 U 36
38 0 U 37
39 1 U 38
40 0 U 39
41 1 U 40
42 0 U 41
43 0 U 42
44 1 U 43
45 0 U -1
46 0 U 45
47 0 U 46
48 0 U 47
49 1 U 48
50 1 U 49
51 0 U 50
52 1 U 51
53 0 U 52
54 0 U -1
55 0 U 54
56 1 U 55
57 1 U 56
58 0 U 57
59 0 U 58
60 1 U 59
61 1 U 60
62 0 U 61
63 0 U -1
64 0 U 63
65 0 U 64
66 0 U 65
67 1 U 66
68 0 U 67
69 0 U 68
70 0 U 69
71 1 U 70
72 1 U -1
73 1 U 72
74 0 U 73
75 1 U 74
76 0 U 75
77 0 U 76
78 1 U 77
79 1 U 78
80 0 U 79
81 1 L 72
82 1 L 73
83 1 L 74
84 1 L 75
85 1 L 76
86 0 L 77
87 1 L 78
88 1 L 79
89 1 L 80
90 1 U -1
# score :50 2309614
# W : 1306936 , H : 817920
91
0 0 U -1
1 1 U 0
2 1 U 1
3 1 U 2
4 0 U 3
5 1 U 4
6 0 U 5
7 0 U 6
8 0 U 7
9 1 U -1
10 0 U 9
11 1 U 10
12 0 U 11
13 0 U 12
14 1 U 13
15 1 U 14
16 1 U 15
17 1 U 16
18 1 U -1
19 0 U 18
20 1 U 19
21 1 U 20
22 1 U 21
23 1 U 22
24 1 U 23
25 0 U 24
26 0 U 25
27 1 U -1
28 0 U 27
29 0 U 28
30 0 U 29
31 1 U 30
32 1 U 31
33 0 U 32
34 0 U 33
35 1 U 34
36 1 U -1
37 1 U 36
38 0 U 37
39 0 U 38
40 1 U 39
41 0 U 40
42 0 U 41
43 0 U 42
44 0 U 43
45 1 U -1
46 1 U 45
47 0 U 46
48 0 U 47
49 0 U 48
50 1 U 49
51 1 U 50
52 0 U 51
53 0 U 52
54 0 U -1
55 0 U 54
56 0 U 55
57 1 U 56
58 0 U 57
59 0 U 58
60 0 U 59
61 0 U 60
62 1 U 61
63 1 U -1
64 1 U 63
65 1 U 64
66 0 U 65
67 1 U 66
68 1 U 67
69 1 U 68
70 1 U 69
71 1 U 70
72 0 U -1
73 1 U 72
74 1 U 73
75 0 U 74
76 1 U 75
77 1 U 76
78 1 U 77
79 0 U 78
80 0 U 79
81 1 L 72
82 0 L 73
83 1 L 74
84 0 L 75
85 0 L 76
86 0 L 77
87 0 L 78
88 0 L 79
89 1 L 80
90 1 U -1
# score :51 2110924
# W : 1244833 , H : 860807
91
0 0 U -1
1 0 U 0
2 1 U 1
3 0 U 2
4 0 U 3
5 1 U 4
6 0 U 5
7 1 U 6
8 0 U 7
9 1 U -1
10 1 U 9
11 0 U 10
12 0 U 11
13 0 U 12
14 1 U 13
15 1 U 14
16 0 U 15
17 1 U 16
18 1 U -1
19 0 U 18
20 0 U 19
21 0 U 20
22 1 U 21
23 1 U 22
24 1 U 23
25 1 U 24
26 0 U 25
27 1 U -1
28 0 U 27
29 1 U 28
30 1 U 29
31 0 U 30
32 1 U 31
33 1 U 32
34 1 U 33
35 0 U 34
36 0 U -1
37 0 U 36
38 1 U 37
39 1 U 38
40 1 U 39
41 0 U 40
42 1 U 41
43 0 U 42
44 0 U 43
45 0 U -1
46 1 U 45
47 1 U 46
48 0 U 47
49 0 U 48
50 1 U 49
51 0 U 50
52 0 U 51
53 1 U 52
54 1 U -1
55 0 U 54
56 0 U 55
57 0 U 56
58 1 U 57
59 1 U 58
60 1 U 59
61 0 U 60
62 0 U 61
63 1 U -1
64 1 U 63
65 1 U 64
66 1 U 65
67 1 U 66
68 0 U 67
69 0 U 68
70 0 U 69
71 0 U 70
72 1 U -1
73 0 U 72
74 1 U 73
75 0 U 74
76 0 U 75
77 0 U 76
78 1 U 77
79 0 U 78
80 1 U 79
81 0 L 63
82 1 L 64
83 1 L 65
84 0 L 66
85 1 L 67
86 1 L 68
87 1 L 69
88 1 L 70
89 0 L 71
90 1 U -1
# score :52 2183512
# W : 1289401 , H : 782514
91
0 1 U -1
1 1 U 0
2 0 U 1
3 0 U 2
4 0 U 3
5 1 U 4
6 1 U 5
7 1 U 6
8 1 U 7
9 0 U -1
10 0 U 9
11 0 U 10
12 1 U 11
13 1 U 12
14 1 U 13
15 1 U 14
16 1 U 15
17 0 U 16
18 0 U -1
19 0 U 18
20 1 U 19
21 1 U 20
22 1 U 21
23 1 U 22
24 0 U 23
25 1 U 24
26 1 U 25
27 0 U -1
28 0 U 27
29 0 U 28
30 0 U 29
31 1 U 30
32 1 U 31
33 0 U 32
34 0 U 33
35 1 U 34
36 0 U -1
37 0 U 36
38 1 U 37
39 0 U 38
40 1 U 39
41 1 U 40
42 1 U 41
43 1 U 42
44 1 U 43
45 0 U -1
46 0 U 45
47 1 U 46
48 1 U 47
49 0 U 48
50 1 U 49
51 1 U 50
52 1 U 51
53 1 U 52
54 0 U -1
55 1 U 54
56 0 U 55
57 1 U 56
58 0 U 57
59 1 U 58
60 1 U 59
61 1 U 60
62 0 U 61
63 0 U -1
64 0 U 63
65 0 U 64
66 1 U 65
67 1 U 66
68 1 U 67
69 1 U 68
70 0 U 69
71 0 U 70
72 0 U -1
73 0 U 72
74 1 U 73
75 0 U 74
76 1 U 75
77 0 U 76
78 1 U 77
79 1 U 78
80 0 U 79
81 1 L 63
82 0 L 64
83 0 L 65
84 0 L 66
85 1 L 67
86 1 L 68
87 1 L 69
88 1 L 70
89 0 L 71
90 0 U -1
# score :53 2123822
# W : 1287829 , H : 757186
91
0 0 U -1
1 0 U 0
2 1 U 1
3 1 U 2
4 1 U 3
5 0 U 4
6 1 U 5
7 1 U 6
8 1 U 7
9 1 U -1
10 0 U 9
11 0 U 10
12 0 U 11
13 0 U 12
14 1 U 13
15 1 U 14
16 1 U 15
17 1 U 16
18 0 U -1
19 1 U 18
20 0 U 19
21 1 U 20
22 1 U 21
23 0 U 22
24 1 U 23
25 1 U 24
26 1 U 25
27 1 U -1
28 0 U 27
29 1 U 28
30 0 U 29
31 0 U 30
32 1 U 31
33 0 U 32
34 1 U 33
35 0 U 34
36 0 U -1
37 0 U 36
38 1 U 37
39 0 U 38
40 0 U 39
41 0 U 40
42 1 U 41
43 0 U 42
44 1 U 43
45 1 U -1
46 0 U 45
47 0 U 46
48 0 U 47
49 1 U 48
50 1 U 49
51 1 U 50
52 1 U 51
53 1 U 52
54 1 U -1
55 1 U 54
56 0 U 55
57 0 U 56
58 0 U 57
59 1 U 58
60 1 U 59
61 1 U 60
62 0 U 61
63 0 U -1
64 0 U 63
65 0 U 64
66 0 U 65
67 1 U 66
68 1 U 67
69 1 U 68
70 0 U 69
71 1 U 70
72 0 U -1
73 0 U 72
74 1 U 73
75 1 U 74
76 0 U 75
77 0 U 76
78 1 U 77
79 1 U 78
80 1 U 79
81 1 L 63
82 0 L 64
83 0 L 65
84 1 L 66
85 0 L 67
86 0 L 68
87 1 L 69
88 1 L 70
89 1 L 71
90 1 U -1
# score :54 2133100
# W : 1320065 , H : 815119
91
0 1 U -1
1 0 U 0
2 0 U 1
3 0 U 2
4 1 U 3
5 0 U 4
6 1 U 5
7 0 U 6
8 1 U 7
9 1 U -1
10 0 U 9
11 0 U 10
12 0 U 11
13 0 U 12
14 1 U 13
15 1 U 14
16 0 U 15
17 0 U 16
18 0 U -1
19 1 U 18
20 1 U 19
21 1 U 20
22 1 U 21
23 0 U 22
24 0 U 23
25 0 U 24
26 1 U 25
27 0 U -1
28 0 U 27
29 1 U 28
30 0 U 29
31 1 U 30
32 1 U 31
33 0 U 32
34 0 U 33
35 0 U 34
36 0 U -1
37 0 U 36
38 0 U 37
39 0 U 38
40 0 U 39
41 1 U 40
42 1 U 41
43 1 U 42
44 1 U 43
45 0 U -1
46 0 U 45
47 0 U 46
48 1 U 47
49 0 U 48
50 1 U 49
51 1 U 50
52 1 U 51
53 1 U 52
54 0 U -1
55 1 U 54
56 1 U 55
57 0 U 56
58 1 U 57
59 0 U 58
60 1 U 59
61 1 U 60
62 0 U 61
63 1 U -1
64 0 U 63
65 0 U 64
66 0 U 65
67 1 U 66
68 1 U 67
69 1 U 68
70 0 U 69
71 1 U 70
72 0 U -1
73 1 U 72
74 1 U 73
75 0 U 74
76 1 U 75
77 1 U 76
78 0 U 77
79 1 U 78
80 0 U 79
81 1 L 63
82 1 L 64
83 0 L 65
84 1 L 66
85 0 L 67
86 0 L 68
87 0 L 69
88 0 L 70
89 0 L 71
90 0 U -1
# score :55 2153143
# W : 1186993 , H : 740958
91
0 1 U -1
1 0 U 0
2 0 U 1
3 1 U 2
4 0 U 3
5 0 U 4
6 1 U 5
7 0 U 6
8 1 U 7
9 0 U -1
10 0 U 9
11 0 U 10
12 1 U 11
13 1 U 12
14 0 U 13
15 1 U 14
16 1 U 15
17 0 U 16
18 1 U -1
19 1 U 18
20 1 U 19
21 1 U 20
22 1 U 21
23 0 U 22
24 1 U 23
25 1 U 24
26 0 U 25
27 0 U -1
28 1 U 27
29 1 U 28
30 0 U 29
31 1 U 30
32 1 U 31
33 0 U 32
34 1 U 33
35 1 U 34
36 0 U -1
37 0 U 36
38 1 U 37
39 1 U 38
40 1 U 39
41 0 U 40
42 1 U 41
43 1 U 42
44 0 U 43
45 0 U -1
46 0 U 45
47 1 U 46
48 0 U 47
49 0 U 48
50 0 U 49
51 1 U 50
52 0 U 51
53 1 U 52
54 0 U -1
55 0 U 54
56 1 U 55
57 0 U 56
58 1 U 57
59 0 U 58
60 0 U 59
61 0 U 60
62 1 U 61
63 1 U -1
64 0 U 63
65 1 U 64
66 1 U 65
67 1 U 66
68 0 U 67
69 1 U 68
70 0 U 69
71 1 U 70
72 0 U -1
73 1 U 72
74 1 U 73
75 0 U 74
76 0 U 75
77 1 U 76
78 0 U 77
79 1 U 78
80 0 U 79
81 1 U -1
82 0 U 81
83 1 U 82
84 0 U 83
85 1 U 84
86 1 U 85
87 0 U 86
88 0 U 87
89 0 U 88
90 0 U -1
# score :56 1701930
# W : 729578 , H : 844828
91
0 0 U -1
1 1 U 0
2 0 U 1
3 0 U 2
4 0 U 3
5 0 U 4
6 1 U 5
7 0 U 6
8 1 U 7
9 1 U -1
10 1 U 9
11 1 U 10
12 1 U 11
13 0 U 12
14 0 U 13
15 1 U 14
16 0 U 15
17 1 U 16
18 0 U -1
19 0 U 18
20 0 U 19
21 1 U 20
22 0 U 21
23 0 U 22
24 1 U 23
25 0 U 24
26 0 U 25
27 0 U -1
28 1 U 27
29 0 U 28
30 0 U 29
31 0 U 30
32 1 U 31
33 0 U 32
34 0 U 33
35 1 U 34
36 0 U -1
37 1 U 36
38 0 U 37
39 1 U 38
40 0 U 39
41 1 U 40
42 0 U 41
43 1 U 42
44 0 U 43
45 0 U -1
46 1 U 45
47 0 U 46
48 1 U 47
49 1 U 48
50 1 U 49
51 0 U 50
52 1 U 51
53 1 U 52
54 0 U -1
55 1 U 54
56 0 U 55
57 1 U 56
58 0 U 57
59 0 U 58
60 0 U 59
61 0 U 60
62 1 U 61
63 1 U -1
64 0 U 63
65 0 U 64
66 0 U 65
67 1 U 66
68 0 U 67
69 1 U 68
70 1 U 69
71 0 U 70
72 0 U -1
73 0 U 72
74 0 U 73
75 0 U 74
76 1 U 75
77 0 U 76
78 0 U 77
79 1 U 78
80 1 U 79
81 1 U -1
82 1 U 81
83 0 U 82
84 1 U 83
85 1 U 84
86 0 U 85
87 1 U 86
88 0 U 87
89 0 U 88
90 0 U -1
# score :57 1705087
# W : 715732 , H : 864665
91
0 0 U -1
1 1 U 0
2 1 U 1
3 0 U 2
4 1 U 3
5 0 U 4
6 0 U 5
7 0 U 6
8 1 U 7
9 1 U -1
10 1 U 9
11 1 U 10
12 0 U 11
13 1 U 12
14 0 U 13
15 0 U 14
16 0 U 15
17 0 U 16
18 0 U -1
19 1 U 18
20 1 U 19
21 0 U 20
22 0 U 21
23 1 U 22
24 0 U 23
25 0 U 24
26 0 U 25
27 0 U -1
28 0 U 27
29 1 U 28
30 1 U 29
31 0 U 30
32 0 U 31
33 1 U 32
34 1 U 33
35 1 U 34
36 1 U -1
37 0 U 36
38 0 U 37
39 1 U 38
40 0 U 39
41 1 U 40
42 0 U 41
43 1 U 42
44 1 U 43
45 0 U -1
46 1 U 45
47 0 U 46
48 0 U 47
49 0 U 48
50 0 U 49
51 0 U 50
52 1 U 51
53 0 U 52
54 0 U -1
55 1 U 54
56 0 U 55
57 0 U 56
58 0 U 57
59 0 U 58
60 1 U 59
61 0 U 60
62 0 U 61
63 0 U -1
64 1 U 63
65 1 U 64
66 1 U 65
67 0 U 66
68 1 U 67
69 1 U 68
70 0 U 69
71 0 U 70
72 1 U -1
73 1 U 72
74 0 U 73
75 1 U 74
76 0 U 75
77 0 U 76
78 0 U 77
79 0 U 78
80 0 U 79
81 1 L 72
82 1 L 73
83 0 L 74
84 1 L 75
85 0 L 76
86 1 L 77
87 0 L 78
88 0 L 79
89 1 L 80
90 1 U -1
# score :58 2002797
# W : 1155051 , H : 875129
91
0 1 U -1
1 0 U 0
2 0 U 1
3 0 U 2
4 1 U 3
5 0 U 4
6 0 U 5
7 0 U 6
8 0 U 7
9 0 U -1
10 1 U 9
11 0 U 10
12 0 U 11
13 1 U 12
14 1 U 13
15 1 U 14
16 0 U 15
17 0 U 16
18 1 U -1
19 0 U 18
20 0 U 19
21 1 U 20
22 1 U 21
23 1 U 22
24 1 U 23
25 0 U 24
26 0 U 25
27 1 U -1
28 0 U 27
29 1 U 28
30 1 U 29
31 1 U 30
32 1 U 31
33 0 U 32
34 1 U 33
35 1 U 34
36 1 U -1
37 0 U 36
38 0 U 37
39 0 U 38
40 1 U 39
41 1 U 40
42 1 U 41
43 1 U 42
44 1 U 43
45 1 U -1
46 0 U 45
47 1 U 46
48 0 U 47
49 0 U 48
50 0 U 49
51 0 U 50
52 1 U 51
53 0 U 52
54 1 U -1
55 0 U 54
56 1 U 55
57 0 U 56
58 1 U 57
59 1 U 58
60 1 U 59
61 0 U 60
62 0 U 61
63 1 U -1
64 1 U 63
65 1 U 64
66 0 U 65
67 0 U 66
68 0 U 67
69 0 U 68
70 0 U 69
71 1 U 70
72 0 U -1
73 1 U 72
74 0 U 73
75 0 U 74
76 1 U 75
77 1 U 76
78 0 U 77
79 1 U 78
80 0 U 79
81 1 L 72
82 1 L 73
83 1 L 74
84 0 L 75
85 0 L 76
86 1 L 77
87 1 L 78
88 0 L 79
89 1 L 80
90 0 U -1
# score :59 2054469
# W : 1035248 , H : 835966
