67
0 0 U -1
1 0 U 0
2 0 U 1
3 0 U 2
4 0 U 3
5 0 U 4
6 0 U 5
7 0 U 6
8 0 U -1
9 0 U 8
10 0 U 9
11 0 U 10
12 0 U 11
13 0 U 12
14 0 U 13
15 0 U 14
16 0 U -1
17 0 U 16
18 0 U 17
19 0 U 18
20 0 U 19
21 0 U 20
22 0 U 21
23 0 U 22
24 0 U -1
25 0 U 24
26 0 U 25
27 0 U 26
28 0 U 27
29 0 U 28
30 0 U 29
31 0 U 30
32 0 U -1
33 0 U 32
34 0 U 33
35 0 U 34
36 0 U 35
37 0 U 36
38 0 U 37
39 0 U 38
40 0 U -1
41 0 U 40
42 0 U 41
43 0 U 42
44 0 U 43
45 0 U 44
46 0 U 45
47 0 U 46
48 0 U -1
49 0 U 48
50 0 U 49
51 0 U 50
52 0 U 51
53 0 U 52
54 0 U 53
55 0 U 54
56 0 U -1
57 0 U 56
58 0 U 57
59 0 U 58
60 0 U 59
61 0 U 60
62 0 U 61
63 0 U 62
64 0 U -1
65 0 U 64
66 0 U 65
# score :0 1425668
# W : 607884 , H : 820201
67
0 1 U -1
1 1 U 0
2 1 U 1
3 1 U 2
4 1 U 3
5 1 U 4
6 1 U 5
7 1 U 6
8 0 U -1
9 1 U 8
10 0 U 9
11 0 U 10
12 0 U 11
13 0 U 12
14 1 U 13
15 1 U 14
16 0 U -1
17 1 U 16
18 1 U 17
19 0 U 18
20 0 U 19
21 0 U 20
22 0 U 21
23 1 U 22
24 1 U -1
25 0 U 24
26 1 U 25
27 0 U 26
28 1 U 27
29 1 U 28
30 0 U 29
31 0 U 30
32 0 U -1
33 1 U 32
34 0 U 33
35 1 U 34
36 0 U 35
37 1 U 36
38 0 U 37
39 0 U 38
40 0 U -1
41 1 U 40
42 0 U 41
43 0 U 42
44 0 U 43
45 1 U 44
46 1 U 45
47 0 U 46
48 0 U -1
49 0 U 48
50 1 U 49
51 0 U 50
52 1 U 51
53 1 U 52
54 0 U 53
55 0 U 54
56 0 U -1
57 1 U 56
58 1 U 57
59 1 U 58
60 1 U 59
61 1 U 60
62 1 U 61
63 0 U 62
64 1 U -1
65 1 U 64
66 1 U 65
# score :1 1391479
# W : 690533 , H : 661501
67
0 0 U -1
1 0 U 0
2 0 U 1
3 0 U 2
4 0 U 3
5 0 U 4
6 0 U 5
7 0 U 6
8 0 U -1
9 0 U 8
10 0 U 9
11 0 U 10
12 0 U 11
13 0 U 12
14 0 U 13
15 0 U 14
16 0 U -1
17 0 U 16
18 0 U 17
19 0 U 18
20 0 U 19
21 0 U 20
22 0 U 21
23 0 U 22
24 0 U -1
25 0 U 24
26 0 U 25
27 0 U 26
28 0 U 27
29 0 U 28
30 0 U 29
31 0 U 30
32 0 U -1
33 0 U 32
34 0 U 33
35 0 U 34
36 0 U 35
37 0 U 36
38 0 U 37
39 0 U 38
40 0 U -1
41 0 U 40
42 0 U 41
43 0 U 42
44 0 U 43
45 0 U 44
46 0 U 45
47 0 U 46
48 0 U -1
49 0 U 48
50 0 U 49
51 0 U 50
52 0 U 51
53 0 U 52
54 0 U 53
55 0 U 54
56 0 U -1
57 0 U 56
58 0 U 57
59 0 U 58
60 0 U 59
61 0 U 60
62 0 U 61
63 0 U 62
64 0 L 56
65 0 L 57
66 0 L 58
# score :2 1419969
# W : 607391 , H : 816027
67
0 1 U -1
1 1 U 0
2 1 U 1
3 1 U 2
4 1 U 3
5 1 U 4
6 1 U 5
7 1 U 6
8 0 U -1
9 1 U 8
10 0 U 9
11 0 U 10
12 0 U 11
13 0 U 12
14 1 U 13
15 1 U 14
16 0 U -1
17 1 U 16
18 1 U 17
19 0 U 18
20 0 U 19
21 0 U 20
22 0 U 21
23 1 U 22
24 1 U -1
25 0 U 24
26 1 U 25
27 0 U 26
28 1 U 27
29 1 U 28
30 0 U 29
31 0 U 30
32 0 U -1
33 1 U 32
34 0 U 33
35 1 U 34
36 0 U 35
37 1 U 36
38 0 U 37
39 0 U 38
40 0 U -1
41 1 U 40
42 0 U 41
43 0 U 42
44 0 U 43
45 1 U 44
46 1 U 45
47 0 U 46
48 0 U -1
49 0 U 48
50 1 U 49
51 0 U 50
52 1 U 51
53 1 U 52
54 0 U 53
55 0 U 54
56 0 U -1
57 1 U 56
58 1 U 57
59 1 U 58
60 1 U 59
61 1 U 60
62 1 U 61
63 0 U 62
64 1 L 56
65 1 L 57
66 1 L 58
# score :3 1445328
# W : 757382 , H : 634094
67
0 0 U -1
1 0 U 0
2 0 U 1
3 0 U 2
4 0 U 3
5 0 U 4
6 0 U 5
7 0 U 6
8 0 U -1
9 0 U 8
10 0 U 9
11 0 U 10
12 0 U 11
13 0 U 12
14 0 U 13
15 0 U 14
16 0 U -1
17 0 U 16
18 0 U 17
19 0 U 18
20 0 U 19
21 0 U 20
22 0 U 21
23 0 U 22
24 0 U -1
25 0 U 24
26 0 U 25
27 0 U 26
28 0 U 27
29 0 U 28
30 0 U 29
31 0 U 30
32 0 U -1
33 0 U 32
34 0 U 33
35 0 U 34
36 0 U 35
37 0 U 36
38 0 U 37
39 0 U 38
40 0 U -1
41 0 U 40
42 0 U 41
43 0 U 42
44 0 U 43
45 0 U 44
46 0 U 45
47 0 U 46
48 0 U -1
49 0 U 48
50 0 U 49
51 0 U 50
52 0 U 51
53 0 U 52
54 0 U 53
55 0 U 54
56 0 U -1
57 0 U 56
58 0 U 57
59 0 U 58
60 0 U 59
61 0 U 60
62 0 U 61
63 0 U 62
64 0 L 48
65 0 L 49
66 0 L 50
# score :4 1382203
# W : 611251 , H : 741799
67
0 1 U -1
1 1 U 0
2 1 U 1
3 1 U 2
4 1 U 3
5 1 U 4
6 1 U 5
7 1 U 6
8 0 U -1
9 1 U 8
10 0 U 9
11 0 U 10
12 0 U 11
13 0 U 12
14 1 U 13
15 1 U 14
16 0 U -1
17 1 U 16
18 1 U 17
19 0 U 18
20 0 U 19
21 0 U 20
22 0 U 21
23 1 U 22
24 1 U -1
25 0 U 24
26 1 U 25
27 0 U 26
28 1 U 27
29 1 U 28
30 0 U 29
31 0 U 30
32 0 U -1
33 1 U 32
34 0 U 33
35 1 U 34
36 0 U 35
37 1 U 36
38 0 U 37
39 0 U 38
40 0 U -1
41 1 U 40
42 0 U 41
43 0 U 42
44 0 U 43
45 1 U 44
46 1 U 45
47 0 U 46
48 0 U -1
49 0 U 48
50 1 U 49
51 0 U 50
52 1 U 51
53 1 U 52
54 0 U 53
55 0 U 54
56 0 U -1
57 1 U 56
58 1 U 57
59 1 U 58
60 1 U 59
61 1 U 60
62 1 U 61
63 0 U 62
64 1 L 48
65 1 L 49
66 1 L 50
# score :5 1387728
# W : 761392 , H : 598943
67
0 0 U -1
1 0 U 0
2 0 U 1
3 0 U 2
4 0 U 3
5 0 U 4
6 0 U 5
7 0 U 6
8 0 U -1
9 0 U 8
10 0 U 9
11 0 U 10
12 0 U 11
13 0 U 12
14 0 U 13
15 0 U 14
16 0 U -1
17 0 U 16
18 0 U 17
19 0 U 18
20 0 U 19
21 0 U 20
22 0 U 21
23 0 U 22
24 0 U -1
25 0 U 24
26 0 U 25
27 0 U 26
28 0 U 27
29 0 U 28
30 0 U 29
31 0 U 30
32 0 U -1
33 0 U 32
34 0 U 33
35 0 U 34
36 0 U 35
37 0 U 36
38 0 U 37
39 0 U 38
40 0 U -1
41 0 U 40
42 0 U 41
43 0 U 42
44 0 U 43
45 0 U 44
46 0 U 45
47 0 U 46
48 0 U -1
49 0 U 48
50 0 U 49
51 0 U 50
52 0 U 51
53 0 U 52
54 0 U 53
55 0 U 54
56 0 U -1
57 0 U 56
58 0 U 57
59 0 U 58
60 0 U 59
61 0 U 60
62 0 U 61
63 0 U 62
64 0 L 48
65 0 L 49
66 0 L 50
# score :6 1382203
# W : 609008 , H : 741457
67
0 1 U -1
1 1 U 0
2 1 U 1
3 1 U 2
4 1 U 3
5 1 U 4
6 1 U 5
7 1 U 6
8 0 U -1
9 1 U 8
10 0 U 9
11 0 U 10
12 0 U 11
13 0 U 12
14 1 U 13
15 1 U 14
16 0 U -1
17 1 U 16
18 1 U 17
19 0 U 18
20 0 U 19
21 0 U 20
22 0 U 21
23 1 U 22
24 1 U -1
25 0 U 24
26 1 U 25
27 0 U 26
28 1 U 27
29 1 U 28
30 0 U 29
31 0 U 30
32 0 U -1
33 1 U 32
34 0 U 33
35 1 U 34
36 0 U 35
37 1 U 36
38 0 U 37
39 0 U 38
40 0 U -1
41 1 U 40
42 0 U 41
43 0 U 42
44 0 U 43
45 1 U 44
46 1 U 45
47 0 U 46
48 0 U -1
49 0 U 48
50 1 U 49
51 0 U 50
52 1 U 51
53 1 U 52
54 0 U 53
55 0 U 54
56 0 U -1
57 1 U 56
58 1 U 57
59 1 U 58
60 1 U 59
61 1 U 60
62 1 U 61
63 0 U 62
64 1 L 48
65 1 L 49
66 1 L 50
# score :7 1387728
# W : 763650 , H : 593342
67
0 0 U -1
1 1 U 0
2 1 U 1
3 1 U 2
4 0 U 3
5 0 U 4
6 1 U 5
7 1 U 6
8 0 U -1
9 1 U 8
10 0 U 9
11 0 U 10
12 0 U 11
13 1 U 12
14 0 U 13
15 0 U 14
16 0 U -1
17 1 U 16
18 0 U 17
19 1 U 18
20 0 U 19
21 1 U 20
22 1 U 21
23 0 U 22
24 1 U -1
25 0 U 24
26 0 U 25
27 1 U 26
28 1 U 27
29 1 U 28
30 0 U 29
31 0 U 30
32 1 U -1
33 0 U 32
34 0 U 33
35 0 U 34
36 0 U 35
37 1 U 36
38 0 U 37
39 1 U 38
40 0 U -1
41 1 U 40
42 0 U 41
43 0 U 42
44 0 U 43
45 1 U 44
46 1 U 45
47 1 U 46
48 0 U -1
49 0 U 48
50 0 U 49
51 0 U 50
52 0 U 51
53 0 U 52
54 1 U 53
55 0 U 54
56 0 U -1
57 0 U 56
58 0 U 57
59 0 U 58
60 0 U 59
61 1 U 60
62 0 U 61
63 1 U 62
64 1 U -1
65 1 U 64
66 1 U 65
# score :8 1451920
# W : 682548 , H : 723620
67
0 0 U -1
1 1 U 0
2 0 U 1
3 0 U 2
4 0 U 3
5 1 U 4
6 0 U 5
7 1 U 6
8 0 U -1
9 0 U 8
10 0 U 9
11 1 U 10
12 1 U 11
13 0 U 12
14 1 U 13
15 1 U 14
16 1 U -1
17 1 U 16
18 1 U 17
19 0 U 18
20 1 U 19
21 1 U 20
22 0 U 21
23 1 U 22
24 0 U -1
25 0 U 24
26 0 U 25
27 0 U 26
28 0 U 27
29 1 U 28
30 0 U 29
31 0 U 30
32 0 U -1
33 1 U 32
34 0 U 33
35 0 U 34
36 1 U 35
37 1 U 36
38 1 U 37
39 0 U 38
40 0 U -1
41 0 U 40
42 1 U 41
43 0 U 42
44 1 U 43
45 0 U 44
46 0 U 45
47 0 U 46
48 1 U -1
49 0 U 48
50 0 U 49
51 0 U 50
52 1 U 51
53 1 U 52
54 0 U 53
55 1 U 54
56 0 U -1
57 0 U 56
58 1 U 57
59 1 U 58
60 1 U 59
61 0 U 60
62 0 U 61
63 1 U 62
64 1 U -1
65 1 U 64
66 1 U 65
# score :9 1440643
# W : 662745 , H : 739778
67
0 0 U -1
1 1 U 0
2 0 U 1
3 0 U 2
4 0 U 3
5 1 U 4
6 0 U 5
7 0 U 6
8 0 U -1
9 0 U 8
10 1 U 9
11 1 U 10
12 0 U 11
13 1 U 12
14 0 U 13
15 0 U 14
16 1 U -1
17 0 U 16
18 0 U 17
19 0 U 18
20 0 U 19
21 0 U 20
22 0 U 21
23 1 U 22
24 1 U -1
25 1 U 24
26 0 U 25
27 0 U 26
28 0 U 27
29 0 U 28
30 0 U 29
31 0 U 30
32 1 U -1
33 0 U 32
34 0 U 33
35 0 U 34
36 1 U 35
37 1 U 36
38 0 U 37
39 0 U 38
40 1 U -1
41 1 U 40
42 0 U 41
43 1 U 42
44 1 U 43
45 1 U 44
46 1 U 45
47 0 U 46
48 1 U -1
49 1 U 48
50 0 U 49
51 1 U 50
52 0 U 51
53 1 U 52
54 0 U 53
55 1 U 54
56 0 U -1
57 1 U 56
58 1 U 57
59 1 U 58
60 0 U 59
61 0 U 60
62 0 U 61
63 1 U 62
64 1 L 56
65 1 L 57
66 1 L 58
# score :10 1519224
# W : 622994 , H : 755282
67
0 0 U -1
1 1 U 0
2 0 U 1
3 1 U 2
4 0 U 3
5 0 U 4
6 0 U 5
7 1 U 6
8 1 U -1
9 0 U 8
10 1 U 9
11 0 U 10
12 0 U 11
13 1 U 12
14 0 U 13
15 0 U 14
16 0 U -1
17 1 U 16
18 0 U 17
19 1 U 18
20 0 U 19
21 1 U 20
22 0 U 21
23 1 U 22
24 0 U -1
25 0 U 24
26 1 U 25
27 1 U 26
28 1 U 27
29 0 U 28
30 1 U 29
31 0 U 30
32 1 U -1
33 0 U 32
34 0 U 33
35 0 U 34
36 1 U 35
37 1 U 36
38 0 U 37
39 0 U 38
40 1 U -1
41 0 U 40
42 0 U 41
43 0 U 42
44 1 U 43
45 0 U 44
46 1 U 45
47 0 U 46
48 1 U -1
49 0 U 48
50 1 U 49
51 0 U 50
52 0 U 51
53 0 U 52
54 1 U 53
55 0 U 54
56 1 U -1
57 0 U 56
58 1 U 57
59 0 U 58
60 0 U 59
61 1 U 60
62 1 U 61
63 1 U 62
64 1 L 56
65 0 L 57
66 1 L 58
# score :11 1434087
# W : 608721 , H : 778416
67
0 1 U -1
1 1 U 0
2 0 U 1
3 1 U 2
4 1 U 3
5 1 U 4
6 0 U 5
7 0 U 6
8 0 U -1
9 1 U 8
10 1 U 9
11 0 U 10
12 0 U 11
13 1 U 12
14 1 U 13
15 1 U 14
16 0 U -1
17 0 U 16
18 0 U 17
19 0 U 18
20 1 U 19
21 0 U 20
22 0 U 21
23 0 U 22
24 0 U -1
25 0 U 24
26 0 U 25
27 0 U 26
28 1 U 27
29 1 U 28
30 1 U 29
31 1 U 30
32 1 U -1
33 0 U 32
34 0 U 33
35 1 U 34
36 1 U 35
37 1 U 36
38 0 U 37
39 0 U 38
40 1 U -1
41 0 U 40
42 1 U 41
43 0 U 42
44 1 U 43
45 1 U 44
46 0 U 45
47 1 U 46
48 0 U -1
49 0 U 48
50 1 U 49
51 0 U 50
52 1 U 51
53 1 U 52
54 1 U 53
55 1 U 54
56 1 U -1
57 0 U 56
58 0 U 57
59 0 U 58
60 1 U 59
61 0 U 60
62 0 U 61
63 0 U 62
64 0 L 48
65 1 L 49
66 0 L 50
# score :12 1454598
# W : 688280 , H : 695451
67
0 1 U -1
1 0 U 0
2 1 U 1
3 1 U 2
4 0 U 3
5 1 U 4
6 0 U 5
7 1 U 6
8 0 U -1
9 0 U 8
10 1 U 9
11 1 U 10
12 0 U 11
13 1 U 12
14 1 U 13
15 0 U 14
16 0 U -1
17 1 U 16
18 0 U 17
19 1 U 18
20 1 U 19
21 0 U 20
22 1 U 21
23 0 U 22
24 0 U -1
25 0 U 24
26 1 U 25
27 1 U 26
28 0 U 27
29 0 U 28
30 1 U 29
31 1 U 30
32 1 U -1
33 0 U 32
34 1 U 33
35 1 U 34
36 0 U 35
37 0 U 36
38 1 U 37
39 0 U 38
40 1 U -1
41 0 U 40
42 1 U 41
43 1 U 42
44 0 U 43
45 0 U 44
46 0 U 45
47 0 U 46
48 0 U -1
49 1 U 48
50 1 U 49
51 0 U 50
52 1 U 51
53 0 U 52
54 1 U 53
55 0 U 54
56 0 U -1
57 0 U 56
58 0 U 57
59 1 U 58
60 1 U 59
61 0 U 60
62 0 U 61
63 1 U 62
64 1 L 48
65 1 L 49
66 1 L 50
# score :13 1521751
# W : 807028 , H : 722682
67
0 1 U -1
1 0 U 0
2 0 U 1
3 0 U 2
4 1 U 3
5 1 U 4
6 1 U 5
7 1 U 6
8 1 U -1
9 1 U 8
10 0 U 9
11 1 U 10
12 0 U 11
13 1 U 12
14 0 U 13
15 1 U 14
16 1 U -1
17 0 U 16
18 0 U 17
19 0 U 18
20 0 U 19
21 0 U 20
22 1 U 21
23 0 U 22
24 0 U -1
25 1 U 24
26 0 U 25
27 0 U 26
28 0 U 27
29 0 U 28
30 1 U 29
31 1 U 30
32 1 U -1
33 1 U 32
34 1 U 33
35 1 U 34
36 1 U 35
37 0 U 36
38 1 U 37
39 1 U 38
40 1 U -1
41 0 U 40
42 1 U 41
43 1 U 42
44 0 U 43
45 0 U 44
46 1 U 45
47 1 U 46
48 0 U -1
49 1 U 48
50 0 U 49
51 0 U 50
52 0 U 51
53 1 U 52
54 0 U 53
55 1 U 54
56 0 U -1
57 0 U 56
58 1 U 57
59 0 U 58
60 1 U 59
61 1 U 60
62 1 U 61
63 1 U 62
64 1 L 48
65 0 L 49
66 1 L 50
# score :14 1372259
# W : 802656 , H : 680491
67
0 0 U -1
1 1 U 0
2 0 U 1
3 0 U 2
4 0 U 3
5 0 U 4
6 1 U 5
7 1 U 6
8 0 U -1
9 0 U 8
10 1 U 9
11 0 U 10
12 1 U 11
13 0 U 12
14 1 U 13
15 1 U 14
16 0 U -1
17 1 U 16
18 1 U 17
19 0 U 18
20 1 U 19
21 1 U 20
22 1 U 21
23 1 U 22
24 0 U -1
25 1 U 24
26 0 U 25
27 1 U 26
28 0 U 27
29 0 U 28
30 0 U 29
31 0 U 30
32 0 U -1
33 1 U 32
34 0 U 33
35 0 U 34
36 1 U 35
37 1 U 36
38 0 U 37
39 0 U 38
40 0 U -1
41 0 U 40
42 1 U 41
43 0 U 42
44 1 U 43
45 1 U 44
46 0 U 45
47 1 U 46
48 1 U -1
49 1 U 48
50 0 U 49
51 1 U 50
52 1 U 51
53 1 U 52
54 0 U 53
55 0 U 54
56 0 U -1
57 0 U 56
58 0 U 57
59 1 U 58
60 0 U 59
61 1 U 60
62 1 U 61
63 0 U 62
64 0 L 48
65 1 L 49
66 0 L 50
# score :15 1394616
# W : 659797 , H : 721485
67
0 0 U -1
1 0 U 0
2 0 U 1
3 1 U 2
4 0 U 3
5 1 U 4
6 0 U 5
7 0 U 6
8 0 U -1
9 0 U 8
10 1 U 9
11 1 U 10
12 0 U 11
13 0 U 12
14 0 U 13
15 1 U 14
16 0 U -1
17 0 U 16
18 1 U 17
19 0 U 18
20 0 U 19
21 0 U 20
22 0 U 21
23 1 U 22
24 1 U -1
25 0 U 24
26 0 U 25
27 1 U 26
28 1 U 27
29 1 U 28
30 1 U 29
31 0 U 30
32 1 U -1
33 0 U 32
34 0 U 33
35 0 U 34
36 1 U 35
37 0 U 36
38 1 U 37
39 0 U 38
40 0 U -1
41 1 U 40
42 0 U 41
43 0 U 42
44 0 U 43
45 1 U 44
46 0 U 45
47 0 U 46
48 1 U -1
49 0 U 48
50 0 U 49
51 1 U 50
52 0 U 51
53 0 U 52
54 0 U 53
55 0 U 54
56 0 U -1
57 1 U 56
58 1 U 57
59 1 U 58
60 0 U 59
61 1 U 60
62 1 U 61
63 0 U 62
64 1 U -1
65 1 U 64
66 0 U 65
# score :16 1436979
# W : 681395 , H : 741945
67
0 1 U -1
1 1 U 0
2 0 U 1
3 1 U 2
4 1 U 3
5 1 U 4
6 1 U 5
7 1 U 6
8 1 U -1
9 0 U 8
10 0 U 9
11 1 U 10
12 1 U 11
13 0 U 12
14 0 U 13
15 0 U 14
16 1 U -1
17 0 U 16
18 0 U 17
19 0 U 18
20 0 U 19
21 1 U 20
22 1 U 21
23 0 U 22
24 0 U -1
25 0 U 24
26 1 U 25
27 1 U 26
28 1 U 27
29 0 U 28
30 0 U 29
31 0 U 30
32 1 U -1
33 0 U 32
34 0 U 33
35 0 U 34
36 1 U 35
37 1 U 36
38 0 U 37
39 1 U 38
40 1 U -1
41 0 U 40
42 1 U 41
43 1 U 42
44 1 U 43
45 1 U 44
46 1 U 45
47 0 U 46
48 1 U -1
49 0 U 48
50 1 U 49
51 1 U 50
52 1 U 51
53 0 U 52
54 0 U 53
55 1 U 54
56 1 U -1
57 0 U 56
58 1 U 57
59 0 U 58
60 1 U 59
61 1 U 60
62 0 U 61
63 0 U 62
64 1 U -1
65 1 U 64
66 1 U 65
# score :17 1402400
# W : 599217 , H : 751620
67
0 0 U -1
1 1 U 0
2 1 U 1
3 0 U 2
4 0 U 3
5 0 U 4
6 0 U 5
7 1 U 6
8 1 U -1
9 1 U 8
10 1 U 9
11 0 U 10
12 0 U 11
13 1 U 12
14 1 U 13
15 0 U 14
16 1 U -1
17 1 U 16
18 1 U 17
19 0 U 18
20 0 U 19
21 1 U 20
22 1 U 21
23 0 U 22
24 1 U -1
25 1 U 24
26 0 U 25
27 1 U 26
28 1 U 27
29 1 U 28
30 0 U 29
31 1 U 30
32 0 U -1
33 0 U 32
34 0 U 33
35 1 U 34
36 1 U 35
37 1 U 36
38 1 U 37
39 1 U 38
40 1 U -1
41 1 U 40
42 0 U 41
43 0 U 42
44 0 U 43
45 0 U 44
46 0 U 45
47 0 U 46
48 0 U -1
49 0 U 48
50 1 U 49
51 0 U 50
52 1 U 51
53 0 U 52
54 0 U 53
55 0 U 54
56 0 U -1
57 0 U 56
58 1 U 57
59 0 U 58
60 0 U 59
61 1 U 60
62 0 U 61
63 1 U 62
64 1 L 56
65 0 L 57
66 1 L 58
# score :18 1557425
# W : 632390 , H : 791338
67
0 1 U -1
1 1 U 0
2 1 U 1
3 1 U 2
4 0 U 3
5 0 U 4
6 0 U 5
7 0 U 6
8 0 U -1
9 1 U 8
10 0 U 9
11 0 U 10
12 1 U 11
13 1 U 12
14 0 U 13
15 0 U 14
16 1 U -1
17 0 U 16
18 0 U 17
19 1 U 18
20 1 U 19
21 0 U 20
22 0 U 21
23 0 U 22
24 0 U -1
25 0 U 24
26 1 U 25
27 0 U 26
28 1 U 27
29 0 U 28
30 1 U 29
31 1 U 30
32 0 U -1
33 1 U 32
34 0 U 33
35 1 U 34
36 1 U 35
37 0 U 36
38 0 U 37
39 1 U 38
40 0 U -1
41 0 U 40
42 0 U 41
43 1 U 42
44 1 U 43
45 1 U 44
46 1 U 45
47 0 U 46
48 0 U -1
49 1 U 48
50 1 U 49
51 1 U 50
52 0 U 51
53 0 U 52
54 1 U 53
55 1 U 54
56 0 U -1
57 1 U 56
58 0 U 57
59 0 U 58
60 0 U 59
61 1 U 60
62 1 U 61
63 1 U 62
64 1 L 56
65 0 L 57
66 1 L 58
# score :19 1429048
# W : 742823 , H : 700386
67
0 0 U -1
1 1 U 0
2 1 U 1
3 0 U 2
4 1 U 3
5 0 U 4
6 0 U 5
7 0 U 6
8 0 U -1
9 0 U 8
10 1 U 9
11 1 U 10
12 1 U 11
13 0 U 12
14 0 U 13
15 1 U 14
16 0 U -1
17 0 U 16
18 0 U 17
19 0 U 18
20 1 U 19
21 0 U 20
22 0 U 21
23 1 U 22
24 1 U -1
25 0 U 24
26 0 U 25
27 1 U 26
28 1 U 27
29 1 U 28
30 0 U 29
31 1 U 30
32 1 U -1
33 0 U 32
34 0 U 33
35 0 U 34
36 1 U 35
37 1 U 36
38 0 U 37
39 1 U 38
40 1 U -1
41 0 U 40
42 1 U 41
43 0 U 42
44 0 U 43
45 1 U 44
46 1 U 45
47 0 U 46
48 0 U -1
49 0 U 48
50 1 U 49
51 1 U 50
52 0 U 51
53 0 U 52
54 0 U 53
55 1 U 54
56 1 U -1
57 1 U 56
58 0 U 57
59 1 U 58
60 0 U 59
61 1 U 60
62 0 U 61
63 1 U 62
64 0 L 48
65 0 L 49
66 0 L 50
# score :20 1398760
# W : 653229 , H : 731917
67
0 1 U -1
1 0 U 0
2 0 U 1
3 1 U 2
4 0 U 3
5 0 U 4
6 1 U 5
7 0 U 6
8 0 U -1
9 0 U 8
10 1 U 9
11 0 U 10
12 0 U 11
13 1 U 12
14 0 U 13
15 0 U 14
16 1 U -1
17 1 U 16
18 0 U 17
19 0 U 18
20 0 U 19
21 1 U 20
22 0 U 21
23 1 U 22
24 1 U -1
25 1 U 24
26 0 U 25
27 1 U 26
28 1 U 27
29 0 U 28
30 1 U 29
31 0 U 30
32 0 U -1
33 0 U 32
34 1 U 33
35 0 U 34
36 0 U 35
37 1 U 36
38 0 U 37
39 0 U 38
40 1 U -1
41 0 U 40
42 0 U 41
43 1 U 42
44 0 U 43
45 0 U 44
46 0 U 45
47 1 U 46
48 1 U -1
49 0 U 48
50 0 U 49
51 0 U 50
52 1 U 51
53 0 U 52
54 0 U 53
55 1 U 54
56 1 U -1
57 1 U 56
58 1 U 57
59 0 U 58
60 0 U 59
61 0 U 60
62 0 U 61
63 1 U 62
64 1 L 48
65 1 L 49
66 1 L 50
# score :21 1411923
# W : 695417 , H : 715155
67
0 0 U -1
1 1 U 0
2 0 U 1
3 0 U 2
4 1 U 3
5 0 U 4
6 0 U 5
7 0 U 6
8 1 U -1
9 0 U 8
10 1 U 9
11 0 U 10
12 1 U 11
13 1 U 12
14 1 U 13
15 1 U 14
16 0 U -1
17 0 U 16
18 0 U 17
19 1 U 18
20 1 U 19
21 1 U 20
22 1 U 21
23 1 U 22
24 0 U -1
25 0 U 24
26 0 U 25
27 0 U 26
28 0 U 27
29 0 U 28
30 0 U 29
31 1 U 30
32 0 U -1
33 0 U 32
34 0 U 33
35 1 U 34
36 1 U 35
37 1 U 36
38 1 U 37
39 1 U 38
40 1 U -1
41 0 U 40
42 1 U 41
43 1 U 42
44 0 U 43
45 1 U 44
46 1 U 45
47 1 U 46
48 0 U -1
49 0 U 48
50 0 U 49
51 1 U 50
52 1 U 51
53 0 U 52
54 0 U 53
55 1 U 54
56 1 U -1
57 1 U 56
58 1 U 57
59 1 U 58
60 1 U 59
61 1 U 60
62 0 U 61
63 0 U 62
64 1 L 48
65 0 L 49
66 0 L 50
# score :22 1398709
# W : 690034 , H : 730331
67
0 0 U -1
1 1 U 0
2 0 U 1
3 0 U 2
4 0 U 3
5 0 U 4
6 0 U 5
7 0 U 6
8 1 U -1
9 0 U 8
10 1 U 9
11 0 U 10
12 0 U 11
13 0 U 12
14 0 U 13
15 1 U 14
16 0 U -1
17 0 U 16
18 0 U 17
19 0 U 18
20 0 U 19
21 1 U 20
22 1 U 21
23 0 U 22
24 0 U -1
25 1 U 24
26 0 U 25
27 0 U 26
28 0 U 27
29 1 U 28
30 1 U 29
31 1 U 30
32 1 U -1
33 1 U 32
34 0 U 33
35 0 U 34
36 1 U 35
37 1 U 36
38 1 U 37
39 1 U 38
40 1 U -1
41 0 U 40
42 0 U 41
43 1 U 42
44 0 U 43
45 1 U 44
46 1 U 45
47 0 U 46
48 0 U -1
49 0 U 48
50 1 U 49
51 0 U 50
52 1 U 51
53 0 U 52
54 0 U 53
55 1 U 54
56 1 U -1
57 0 U 56
58 1 U 57
59 0 U 58
60 1 U 59
61 0 U 60
62 0 U 61
63 0 U 62
64 0 L 48
65 0 L 49
66 1 L 50
# score :23 1396121
# W : 636873 , H : 728907
67
0 1 U -1
1 0 U 0
2 1 U 1
3 0 U 2
4 1 U 3
5 0 U 4
6 1 U 5
7 0 U 6
8 0 U -1
9 0 U 8
10 1 U 9
11 1 U 10
12 1 U 11
13 1 U 12
14 1 U 13
15 1 U 14
16 0 U -1
17 0 U 16
18 0 U 17
19 1 U 18
20 0 U 19
21 0 U 20
22 1 U 21
23 0 U 22
24 0 U -1
25 0 U 24
26 1 U 25
27 1 U 26
28 1 U 27
29 1 U 28
30 1 U 29
31 0 U 30
32 0 U -1
33 0 U 32
34 1 U 33
35 0 U 34
36 1 U 35
37 0 U 36
38 0 U 37
39 1 U 38
40 1 U -1
41 1 U 40
42 0 U 41
43 0 U 42
44 1 U 43
45 1 U 44
46 1 U 45
47 0 U 46
48 1 U -1
49 1 U 48
50 0 U 49
51 0 U 50
52 1 U 51
53 1 U 52
54 0 U 53
55 0 U 54
56 0 U -1
57 1 U 56
58 0 U 57
59 1 U 58
60 0 U 59
61 0 U 60
62 0 U 61
63 0 U 62
64 1 U -1
65 1 U 64
66 1 U 65
# score :24 1474674
# W : 678953 , H : 761149
67
0 1 U -1
1 1 U 0
2 1 U 1
3 0 U 2
4 0 U 3
5 0 U 4
6 1 U 5
7 1 U 6
8 0 U -1
9 0 U 8
10 0 U 9
11 0 U 10
12 0 U 11
13 1 U 12
14 0 U 13
15 0 U 14
16 1 U -1
17 1 U 16
18 1 U 17
19 1 U 18
20 0 U 19
21 0 U 20
22 0 U 21
23 1 U 22
24 0 U -1
25 1 U 24
26 0 U 25
27 1 U 26
28 0 U 27
29 1 U 28
30 0 U 29
31 1 U 30
32 0 U -1
33 1 U 32
34 1 U 33
35 0 U 34
36 1 U 35
37 1 U 36
38 1 U 37
39 0 U 38
40 0 U -1
41 1 U 40
42 1 U 41
43 0 U 42
44 0 U 43
45 0 U 44
46 1 U 45
47 0 U 46
48 1 U -1
49 1 U 48
50 0 U 49
51 0 U 50
52 0 U 51
53 1 U 52
54 1 U 53
55 1 U 54
56 0 U -1
57 0 U 56
58 1 U 57
59 1 U 58
60 0 U 59
61 0 U 60
62 1 U 61
63 0 U 62
64 1 U -1
65 0 U 64
66 0 U 65
# score :25 1467686
# W : 662693 , H : 788514
67
0 1 U -1
1 1 U 0
2 1 U 1
3 0 U 2
4 1 U 3
5 0 U 4
6 1 U 5
7 0 U 6
8 1 U -1
9 0 U 8
10 1 U 9
11 0 U 10
12 0 U 11
13 1 U 12
14 0 U 13
15 1 U 14
16 0 U -1
17 0 U 16
18 0 U 17
19 1 U 18
20 1 U 19
21 1 U 20
22 0 U 21
23 0 U 22
24 0 U -1
25 1 U 24
26 0 U 25
27 0 U 26
28 1 U 27
29 0 U 28
30 0 U 29
31 0 U 30
32 0 U -1
33 0 U 32
34 1 U 33
35 0 U 34
36 0 U 35
37 1 U 36
38 0 U 37
39 1 U 38
40 0 U -1
41 0 U 40
42 0 U 41
43 0 U 42
44 0 U 43
45 0 U 44
46 1 U 45
47 1 U 46
48 1 U -1
49 1 U 48
50 1 U 49
51 0 U 50
52 1 U 51
53 0 U 52
54 0 U 53
55 0 U 54
56 1 U -1
57 1 U 56
58 0 U 57
59 0 U 58
60 0 U 59
61 0 U 60
62 0 U 61
63 0 U 62
64 0 L 56
65 1 L 57
66 1 L 58
# score :26 1447957
# W : 615029 , H : 794433
67
0 1 U -1
1 1 U 0
2 1 U 1
3 0 U 2
4 1 U 3
5 1 U 4
6 1 U 5
7 1 U 6
8 1 U -1
9 0 U 8
10 1 U 9
11 0 U 10
12 0 U 11
13 0 U 12
14 1 U 13
15 0 U 14
16 1 U -1
17 0 U 16
18 0 U 17
19 0 U 18
20 1 U 19
21 0 U 20
22 0 U 21
23 1 U 22
24 1 U -1
25 0 U 24
26 1 U 25
27 0 U 26
28 1 U 27
29 0 U 28
30 0 U 29
31 1 U 30
32 1 U -1
33 0 U 32
34 0 U 33
35 0 U 34
36 1 U 35
37 0 U 36
38 0 U 37
39 1 U 38
40 1 U -1
41 1 U 40
42 1 U 41
43 0 U 42
44 1 U 43
45 0 U 44
46 0 U 45
47 0 U 46
48 0 U -1
49 0 U 48
50 0 U 49
51 1 U 50
52 0 U 51
53 0 U 52
54 1 U 53
55 1 U 54
56 1 U -1
57 0 U 56
58 1 U 57
59 0 U 58
60 0 U 59
61 1 U 60
62 1 U 61
63 1 U 62
64 0 L 56
65 0 L 57
66 0 L 58
# score :27 1409257
# W : 614135 , H : 759329
67
0 0 U -1
1 0 U 0
2 1 U 1
3 1 U 2
4 0 U 3
5 1 U 4
6 1 U 5
7 1 U 6
8 1 U -1
9 0 U 8
10 1 U 9
11 1 U 10
12 0 U 11
13 0 U 12
14 1 U 13
15 0 U 14
16 0 U -1
17 1 U 16
18 1 U 17
19 0 U 18
20 1 U 19
21 1 U 20
22 0 U 21
23 1 U 22
24 1 U -1
25 0 U 24
26 0 U 25
27 0 U 26
28 1 U 27
29 0 U 28
30 0 U 29
31 1 U 30
32 1 U -1
33 0 U 32
34 1 U 33
35 1 U 34
36 0 U 35
37 0 U 36
38 1 U 37
39 1 U 38
40 1 U -1
41 1 U 40
42 1 U 41
43 1 U 42
44 1 U 43
45 0 U 44
46 1 U 45
47 1 U 46
48 1 U -1
49 0 U 48
50 0 U 49
51 0 U 50
52 0 U 51
53 1 U 52
54 1 U 53
55 1 U 54
56 0 U -1
57 0 U 56
58 0 U 57
59 1 U 58
60 1 U 59
61 1 U 60
62 1 U 61
63 0 U 62
64 0 L 48
65 0 L 49
66 0 L 50
# score :28 1373240
# W : 670741 , H : 694945
67
0 1 U -1
1 1 U 0
2 0 U 1
3 0 U 2
4 1 U 3
5 0 U 4
6 1 U 5
7 1 U 6
8 1 U -1
9 0 U 8
10 0 U 9
11 0 U 10
12 0 U 11
13 1 U 12
14 0 U 13
15 1 U 14
16 1 U -1
17 0 U 16
18 1 U 17
19 1 U 18
20 0 U 19
21 1 U 20
22 0 U 21
23 1 U 22
24 0 U -1
25 0 U 24
26 0 U 25
27 1 U 26
28 0 U 27
29 0 U 28
30 1 U 29
31 1 U 30
32 0 U -1
33 1 U 32
34 0 U 33
35 1 U 34
36 1 U 35
37 1 U 36
38 1 U 37
39 0 U 38
40 0 U -1
41 0 U 40
42 1 U 41
43 0 U 42
44 1 U 43
45 1 U 44
46 1 U 45
47 0 U 46
48 1 U -1
49 0 U 48
50 0 U 49
51 1 U 50
52 1 U 51
53 0 U 52
54 0 U 53
55 1 U 54
56 1 U -1
57 0 U 56
58 1 U 57
59 0 U 58
60 1 U 59
61 0 U 60
62 0 U 61
63 1 U 62
64 0 L 48
65 1 L 49
66 1 L 50
# score :29 1451651
# W : 731250 , H : 714815
67
0 0 U -1
1 0 U 0
2 1 U 1
3 1 U 2
4 0 U 3
5 0 U 4
6 0 U 5
7 1 U 6
8 0 U -1
9 0 U 8
10 1 U 9
11 0 U 10
12 1 U 11
13 0 U 12
14 0 U 13
15 0 U 14
16 0 U -1
17 1 U 16
18 1 U 17
19 1 U 18
20 0 U 19
21 0 U 20
22 1 U 21
23 1 U 22
24 0 U -1
25 1 U 24
26 0 U 25
27 0 U 26
28 1 U 27
29 0 U 28
30 0 U 29
31 0 U 30
32 0 U -1
33 0 U 32
34 1 U 33
35 1 U 34
36 0 U 35
37 1 U 36
38 0 U 37
39 0 U 38
40 0 U -1
41 1 U 40
42 0 U 41
43 0 U 42
44 1 U 43
45 0 U 44
46 1 U 45
47 0 U 46
48 0 U -1
49 0 U 48
50 0 U 49
51 1 U 50
52 0 U 51
53 0 U 52
54 1 U 53
55 0 U 54
56 0 U -1
57 0 U 56
58 0 U 57
59 1 U 58
60 0 U 59
61 1 U 60
62 1 U 61
63 0 U 62
64 1 L 48
65 1 L 49
66 1 L 50
# score :30 1494379
# W : 687196 , H : 718676
67
0 0 U -1
1 1 U 0
2 0 U 1
3 1 U 2
4 1 U 3
5 1 U 4
6 1 U 5
7 1 U 6
8 0 U -1
9 1 U 8
10 1 U 9
11 1 U 10
12 1 U 11
13 0 U 12
14 1 U 13
15 1 U 14
16 0 U -1
17 0 U 16
18 1 U 17
19 1 U 18
20 1 U 19
21 0 U 20
22 1 U 21
23 1 U 22
24 1 U -1
25 1 U 24
26 0 U 25
27 0 U 26
28 1 U 27
29 1 U 28
30 0 U 29
31 1 U 30
32 1 U -1
33 0 U 32
34 0 U 33
35 0 U 34
36 1 U 35
37 0 U 36
38 0 U 37
39 0 U 38
40 0 U -1
41 1 U 40
42 1 U 41
43 0 U 42
44 1 U 43
45 0 U 44
46 0 U 45
47 0 U 46
48 1 U -1
49 1 U 48
50 1 U 49
51 1 U 50
52 0 U 51
53 1 U 52
54 1 U 53
55 1 U 54
56 1 U -1
57 0 U 56
58 1 U 57
59 0 U 58
60 0 U 59
61 0 U 60
62 0 U 61
63 0 U 62
64 1 L 48
65 1 L 49
66 0 L 50
# score :31 1368276
# W : 627227 , H : 721873
67
0 0 U -1
1 1 U 0
2 0 U 1
3 1 U 2
4 0 U 3
5 0 U 4
6 0 U 5
7 1 U 6
8 0 U -1
9 1 U 8
10 1 U 9
11 0 U 10
12 1 U 11
13 0 U 12
14 0 U 13
15 0 U 14
16 1 U -1
17 1 U 16
18 1 U 17
19 0 U 18
20 0 U 19
21 1 U 20
22 1 U 21
23 0 U 22
24 1 U -1
25 1 U 24
26 0 U 25
27 1 U 26
28 1 U 27
29 0 U 28
30 0 U 29
31 1 U 30
32 1 U -1
33 1 U 32
34 0 U 33
35 0 U 34
36 0 U 35
37 1 U 36
38 0 U 37
39 0 U 38
40 1 U -1
41 0 U 40
42 1 U 41
43 0 U 42
44 1 U 43
45 1 U 44
46 0 U 45
47 0 U 46
48 0 U -1
49 0 U 48
50 1 U 49
51 0 U 50
52 1 U 51
53 1 U 52
54 1 U 53
55 1 U 54
56 1 U -1
57 0 U 56
58 1 U 57
59 0 U 58
60 0 U 59
61 1 U 60
62 1 U 61
63 0 U 62
64 0 U -1
65 0 U 64
66 0 U 65
# score :32 1438382
# W : 642194 , H : 781119
67
0 1 U -1
1 0 U 0
2 1 U 1
3 0 U 2
4 1 U 3
5 1 U 4
6 0 U 5
7 0 U 6
8 0 U -1
9 0 U 8
10 0 U 9
11 1 U 10
12 1 U 11
13 0 U 12
14 1 U 13
15 0 U 14
16 1 U -1
17 0 U 16
18 0 U 17
19 0 U 18
20 0 U 19
21 1 U 20
22 1 U 21
23 1 U 22
24 1 U -1
25 1 U 24
26 0 U 25
27 0 U 26
28 1 U 27
29 1 U 28
30 0 U 29
31 1 U 30
32 0 U -1
33 0 U 32
34 0 U 33
35 1 U 34
36 0 U 35
37 0 U 36
38 0 U 37
39 0 U 38
40 0 U -1
41 0 U 40
42 1 U 41
43 1 U 42
44 0 U 43
45 1 U 44
46 0 U 45
47 0 U 46
48 0 U -1
49 1 U 48
50 1 U 49
51 0 U 50
52 0 U 51
53 1 U 52
54 0 U 53
55 0 U 54
56 0 U -1
57 1 U 56
58 0 U 57
59 1 U 58
60 1 U 59
61 0 U 60
62 0 U 61
63 0 U 62
64 1 U -1
65 0 U 64
66 0 U 65
# score :33 1456842
# W : 654316 , H : 766381
67
0 1 U -1
1 0 U 0
2 1 U 1
3 0 U 2
4 0 U 3
5 0 U 4
6 0 U 5
7 1 U 6
8 0 U -1
9 0 U 8
10 1 U 9
11 1 U 10
12 1 U 11
13 1 U 12
14 0 U 13
15 1 U 14
16 0 U -1
17 0 U 16
18 1 U 17
19 1 U 18
20 1 U 19
21 0 U 20
22 0 U 21
23 1 U 22
24 1 U -1
25 1 U 24
26 1 U 25
27 0 U 26
28 0 U 27
29 0 U 28
30 0 U 29
31 1 U 30
32 1 U -1
33 0 U 32
34 0 U 33
35 1 U 34
36 0 U 35
37 0 U 36
38 0 U 37
39 0 U 38
40 0 U -1
41 0 U 40
42 0 U 41
43 0 U 42
44 0 U 43
45 0 U 44
46 1 U 45
47 0 U 46
48 1 U -1
49 0 U 48
50 0 U 49
51 0 U 50
52 0 U 51
53 0 U 52
54 0 U 53
55 0 U 54
56 1 U -1
57 1 U 56
58 0 U 57
59 1 U 58
60 1 U 59
61 1 U 60
62 1 U 61
63 1 U 62
64 0 L 56
65 0 L 57
66 0 L 58
# score :34 1467389
# W : 633563 , H : 797948
67
0 1 U -1
1 0 U 0
2 0 U 1
3 1 U 2
4 0 U 3
5 0 U 4
6 1 U 5
7 0 U 6
8 0 U -1
9 0 U 8
10 1 U 9
11 0 U 10
12 0 U 11
13 0 U 12
14 0 U 13
15 0 U 14
16 0 U -1
17 1 U 16
18 0 U 17
19 1 U 18
20 1 U 19
21 1 U 20
22 1 U 21
23 1 U 22
24 1 U -1
25 1 U 24
26 0 U 25
27 1 U 26
28 0 U 27
29 0 U 28
30 0 U 29
31 1 U 30
32 0 U -1
33 1 U 32
34 1 U 33
35 0 U 34
36 0 U 35
37 0 U 36
38 1 U 37
39 0 U 38
40 0 U -1
41 0 U 40
42 1 U 41
43 1 U 42
44 0 U 43
45 1 U 44
46 0 U 45
47 1 U 46
48 1 U -1
49 1 U 48
50 1 U 49
51 1 U 50
52 1 U 51
53 0 U 52
54 1 U 53
55 1 U 54
56 1 U -1
57 0 U 56
58 1 U 57
59 1 U 58
60 1 U 59
61 0 U 60
62 1 U 61
63 0 U 62
64 0 L 56
65 0 L 57
66 0 L 58
# score :35 1431833
# W : 587174 , H : 779787
67
0 1 U -1
1 0 U 0
2 1 U 1
3 0 U 2
4 0 U 3
5 1 U 4
6 1 U 5
7 0 U 6
8 1 U -1
9 0 U 8
10 0 U 9
11 1 U 10
12 0 U 11
13 1 U 12
14 0 U 13
15 1 U 14
16 1 U -1
17 0 U 16
18 1 U 17
19 1 U 18
20 0 U 19
21 1 U 20
22 0 U 21
23 1 U 22
24 0 U -1
25 1 U 24
26 1 U 25
27 1 U 26
28 0 U 27
29 1 U 28
30 0 U 29
31 1 U 30
32 0 U -1
33 1 U 32
34 0 U 33
35 0 U 34
36 1 U 35
37 1 U 36
38 0 U 37
39 1 U 38
40 1 U -1
41 0 U 40
42 0 U 41
43 0 U 42
44 0 U 43
45 1 U 44
46 0 U 45
47 1 U 46
48 0 U -1
49 1 U 48
50 0 U 49
51 1 U 50
52 0 U 51
53 1 U 52
54 0 U 53
55 1 U 54
56 0 U -1
57 1 U 56
58 0 U 57
59 0 U 58
60 1 U 59
61 0 U 60
62 0 U 61
63 1 U 62
64 0 L 48
65 1 L 49
66 1 L 50
# score :36 1396484
# W : 686116 , H : 696298
67
0 1 U -1
1 1 U 0
2 0 U 1
3 1 U 2
4 1 U 3
5 0 U 4
6 0 U 5
7 1 U 6
8 1 U -1
9 1 U 8
10 0 U 9
11 0 U 10
12 1 U 11
13 0 U 12
14 1 U 13
15 1 U 14
16 1 U -1
17 1 U 16
18 1 U 17
19 0 U 18
20 0 U 19
21 0 U 20
22 0 U 21
23 0 U 22
24 0 U -1
25 0 U 24
26 1 U 25
27 0 U 26
28 1 U 27
29 0 U 28
30 0 U 29
31 1 U 30
32 1 U -1
33 1 U 32
34 1 U 33
35 0 U 34
36 0 U 35
37 1 U 36
38 1 U 37
39 0 U 38
40 0 U -1
41 0 U 40
42 1 U 41
43 1 U 42
44 1 U 43
45 0 U 44
46 1 U 45
47 1 U 46
48 1 U -1
49 1 U 48
50 0 U 49
51 0 U 50
52 0 U 51
53 0 U 52
54 1 U 53
55 1 U 54
56 0 U -1
57 0 U 56
58 1 U 57
59 0 U 58
60 0 U 59
61 1 U 60
62 1 U 61
63 1 U 62
64 0 L 48
65 0 L 49
66 0 L 50
# score :37 1367796
# W : 627948 , H : 657320
67
0 0 U -1
1 0 U 0
2 1 U 1
3 0 U 2
4 0 U 3
5 1 U 4
6 1 U 5
7 1 U 6
8 0 U -1
9 1 U 8
10 1 U 9
11 1 U 10
12 0 U 11
13 1 U 12
14 0 U 13
15 1 U 14
16 1 U -1
17 1 U 16
18 0 U 17
19 0 U 18
20 0 U 19
21 0 U 20
22 0 U 21
23 0 U 22
24 0 U -1
25 1 U 24
26 1 U 25
27 0 U 26
28 1 U 27
29 0 U 28
30 0 U 29
31 0 U 30
32 0 U -1
33 1 U 32
34 0 U 33
35 1 U 34
36 1 U 35
37 0 U 36
38 1 U 37
39 0 U 38
40 1 U -1
41 1 U 40
42 1 U 41
43 1 U 42
44 0 U 43
45 1 U 44
46 1 U 45
47 1 U 46
48 1 U -1
49 1 U 48
50 0 U 49
51 0 U 50
52 1 U 51
53 0 U 52
54 1 U 53
55 1 U 54
56 1 U -1
57 0 U 56
58 1 U 57
59 0 U 58
60 0 U 59
61 0 U 60
62 0 U 61
63 0 U 62
64 1 L 48
65 1 L 49
66 0 L 50
# score :38 1386173
# W : 681900 , H : 714724
67
0 1 U -1
1 1 U 0
2 0 U 1
3 0 U 2
4 1 U 3
5 0 U 4
6 0 U 5
7 0 U 6
8 1 U -1
9 1 U 8
10 1 U 9
11 0 U 10
12 1 U 11
13 0 U 12
14 1 U 13
15 0 U 14
16 0 U -1
17 1 U 16
18 1 U 17
19 0 U 18
20 0 U 19
21 0 U 20
22 0 U 21
23 0 U 22
24 0 U -1
25 1 U 24
26 1 U 25
27 0 U 26
28 1 U 27
29 1 U 28
30 0 U 29
31 1 U 30
32 0 U -1
33 1 U 32
34 1 U 33
35 0 U 34
36 1 U 35
37 0 U 36
38 0 U 37
39 1 U 38
40 0 U -1
41 0 U 40
42 1 U 41
43 1 U 42
44 1 U 43
45 1 U 44
46 0 U 45
47 0 U 46
48 1 U -1
49 0 U 48
50 0 U 49
51 1 U 50
52 0 U 51
53 0 U 52
54 1 U 53
55 1 U 54
56 0 U -1
57 0 U 56
58 0 U 57
59 1 U 58
60 0 U 59
61 0 U 60
62 0 U 61
63 0 U 62
64 1 L 48
65 0 L 49
66 0 L 50
# score :39 1374038
# W : 707905 , H : 678869
67
0 1 U -1
1 1 U 0
2 1 U 1
3 1 U 2
4 1 U 3
5 0 U 4
6 1 U 5
7 0 U 6
8 1 U -1
9 1 U 8
10 0 U 9
11 0 U 10
12 1 U 11
13 1 U 12
14 1 U 13
15 1 U 14
16 0 U -1
17 0 U 16
18 1 U 17
19 1 U 18
20 1 U 19
21 0 U 20
22 0 U 21
23 1 U 22
24 0 U -1
25 0 U 24
26 1 U 25
27 0 U 26
28 1 U 27
29 0 U 28
30 0 U 29
31 1 U 30
32 0 U -1
33 0 U 32
34 0 U 33
35 0 U 34
36 1 U 35
37 1 U 36
38 0 U 37
39 0 U 38
40 1 U -1
41 1 U 40
42 0 U 41
43 0 U 42
44 0 U 43
45 0 U 44
46 1 U 45
47 1 U 46
48 0 U -1
49 1 U 48
50 0 U 49
51 0 U 50
52 0 U 51
53 1 U 52
54 0 U 53
55 0 U 54
56 0 U -1
57 0 U 56
58 1 U 57
59 1 U 58
60 1 U 59
61 0 U 60
62 0 U 61
63 0 U 62
64 1 U -1
65 0 U 64
66 0 U 65
# score :40 1482745
# W : 635495 , H : 749171
67
0 0 U -1
1 1 U 0
2 1 U 1
3 1 U 2
4 0 U 3
5 0 U 4
6 1 U 5
7 1 U 6
8 0 U -1
9 0 U 8
10 0 U 9
11 0 U 10
12 0 U 11
13 0 U 12
14 0 U 13
15 1 U 14
16 0 U -1
17 1 U 16
18 1 U 17
19 0 U 18
20 1 U 19
21 0 U 20
22 0 U 21
23 1 U 22
24 0 U -1
25 1 U 24
26 1 U 25
27 1 U 26
28 0 U 27
29 1 U 28
30 0 U 29
31 1 U 30
32 1 U -1
33 1 U 32
34 0 U 33
35 0 U 34
36 1 U 35
37 0 U 36
38 1 U 37
39 0 U 38
40 1 U -1
41 0 U 40
42 0 U 41
43 0 U 42
44 0 U 43
45 1 U 44
46 1 U 45
47 0 U 46
48 1 U -1
49 0 U 48
50 1 U 49
51 0 U 50
52 0 U 51
53 1 U 52
54 0 U 53
55 1 U 54
56 1 U -1
57 0 U 56
58 1 U 57
59 1 U 58
60 0 U 59
61 1 U 60
62 1 U 61
63 0 U 62
64 0 U -1
65 1 U 64
66 0 U 65
# score :41 1502577
# W : 696268 , H : 808869
67
0 1 U -1
1 1 U 0
2 1 U 1
3 0 U 2
4 0 U 3
5 0 U 4
6 0 U 5
7 1 U 6
8 1 U -1
9 0 U 8
10 1 U 9
11 1 U 10
12 0 U 11
13 1 U 12
14 1 U 13
15 1 U 14
16 1 U -1
17 0 U 16
18 1 U 17
19 1 U 18
20 1 U 19
21 1 U 20
22 1 U 21
23 0 U 22
24 0 U -1
25 1 U 24
26 1 U 25
27 0 U 26
28 0 U 27
29 0 U 28
30 1 U 29
31 1 U 30
32 0 U -1
33 0 U 32
34 0 U 33
35 0 U 34
36 1 U 35
37 1 U 36
38 1 U 37
39 0 U 38
40 1 U -1
41 0 U 40
42 0 U 41
43 1 U 42
44 1 U 43
45 0 U 44
46 1 U 45
47 0 U 46
48 0 U -1
49 0 U 48
50 0 U 49
51 1 U 50
52 0 U 51
53 1 U 52
54 0 U 53
55 0 U 54
56 0 U -1
57 1 U 56
58 0 U 57
59 1 U 58
60 0 U 59
61 0 U 60
62 0 U 61
63 1 U 62
64 0 L 56
65 0 L 57
66 0 L 58
# score :42 1433712
# W : 648200 , H : 754159
67
0 0 U -1
1 1 U 0
2 1 U 1
3 1 U 2
4 0 U 3
5 0 U 4
6 0 U 5
7 1 U 6
8 0 U -1
9 0 U 8
10 1 U 9
11 1 U 10
12 0 U 11
13 1 U 12
14 0 U 13
15 1 U 14
16 0 U -1
17 0 U 16
18 1 U 17
19 0 U 18
20 1 U 19
21 1 U 20
22 1 U 21
23 0 U 22
24 1 U -1
25 1 U 24
26 1 U 25
27 0 U 26
28 0 U 27
29 0 U 28
30 0 U 29
31 0 U 30
32 0 U -1
33 1 U 32
34 0 U 33
35 1 U 34
36 1 U 35
37 0 U 36
38 1 U 37
39 1 U 38
40 0 U -1
41 0 U 40
42 0 U 41
43 1 U 42
44 1 U 43
45 1 U 44
46 1 U 45
47 0 U 46
48 1 U -1
49 1 U 48
50 1 U 49
51 0 U 50
52 0 U 51
53 0 U 52
54 1 U 53
55 0 U 54
56 1 U -1
57 0 U 56
58 0 U 57
59 1 U 58
60 0 U 59
61 1 U 60
62 0 U 61
63 1 U 62
64 1 L 56
65 1 L 57
66 1 L 58
# score :43 1418827
# W : 612190 , H : 804312
67
0 1 U -1
1 1 U 0
2 1 U 1
3 0 U 2
4 0 U 3
5 1 U 4
6 1 U 5
7 0 U 6
8 0 U -1
9 0 U 8
10 0 U 9
11 0 U 10
12 0 U 11
13 0 U 12
14 0 U 13
15 1 U 14
16 1 U -1
17 0 U 16
18 1 U 17
19 1 U 18
20 1 U 19
21 0 U 20
22 1 U 21
23 0 U 22
24 0 U -1
25 1 U 24
26 0 U 25
27 1 U 26
28 1 U 27
29 1 U 28
30 0 U 29
31 0 U 30
32 0 U -1
33 0 U 32
34 1 U 33
35 1 U 34
36 1 U 35
37 0 U 36
38 0 U 37
39 0 U 38
40 0 U -1
41 0 U 40
42 1 U 41
43 0 U 42
44 1 U 43
45 1 U 44
46 0 U 45
47 1 U 46
48 0 U -1
49 1 U 48
50 1 U 49
51 1 U 50
52 0 U 51
53 0 U 52
54 1 U 53
55 0 U 54
56 1 U -1
57 1 U 56
58 1 U 57
59 1 U 58
60 1 U 59
61 1 U 60
62 0 U 61
63 0 U 62
64 0 L 48
65 1 L 49
66 0 L 50
# score :44 1400198
# W : 638505 , H : 703190
67
0 1 U -1
1 0 U 0
2 0 U 1
3 0 U 2
4 0 U 3
5 1 U 4
6 1 U 5
7 1 U 6
8 1 U -1
9 1 U 8
10 0 U 9
11 0 U 10
12 1 U 11
13 1 U 12
14 0 U 13
15 1 U 14
16 1 U -1
17 1 U 16
18 1 U 17
19 0 U 18
20 0 U 19
21 0 U 20
22 1 U 21
23 0 U 22
24 0 U -1
25 1 U 24
26 0 U 25
27 1 U 26
28 1 U 27
29 1 U 28
30 1 U 29
31 0 U 30
32 1 U -1
33 0 U 32
34 0 U 33
35 0 U 34
36 1 U 35
37 0 U 36
38 0 U 37
39 0 U 38
40 0 U -1
41 1 U 40
42 0 U 41
43 1 U 42
44 1 U 43
45 0 U 44
46 0 U 45
47 0 U 46
48 0 U -1
49 0 U 48
50 0 U 49
51 0 U 50
52 1 U 51
53 0 U 52
54 1 U 53
55 0 U 54
56 1 U -1
57 0 U 56
58 1 U 57
59 0 U 58
60 1 U 59
61 1 U 60
62 0 U 61
63 1 U 62
64 0 L 48
65 0 L 49
66 1 L 50
# score :45 1345155
# W : 638811 , H : 689349
67
0 1 U -1
1 1 U 0
2 0 U 1
3 1 U 2
4 1 U 3
5 0 U 4
6 0 U 5
7 0 U 6
8 1 U -1
9 1 U 8
10 0 U 9
11 0 U 10
12 1 U 11
13 1 U 12
14 1 U 13
15 1 U 14
16 0 U -1
17 1 U 16
18 1 U 17
19 1 U 18
20 0 U 19
21 1 U 20
22 0 U 21
23 0 U 22
24 0 U -1
25 1 U 24
26 0 U 25
27 1 U 26
28 0 U 27
29 0 U 28
30 1 U 29
31 0 U 30
32 0 U -1
33 1 U 32
34 0 U 33
35 0 U 34
36 0 U 35
37 1 U 36
38 1 U 37
39 0 U 38
40 0 U -1
41 0 U 40
42 1 U 41
43 0 U 42
44 1 U 43
45 1 U 44
46 1 U 45
47 0 U 46
48 1 U -1
49 0 U 48
50 1 U 49
51 0 U 50
52 0 U 51
53 0 U 52
54 1 U 53
55 1 U 54
56 0 U -1
57 0 U 56
58 0 U 57
59 0 U 58
60 1 U 59
61 1 U 60
62 1 U 61
63 1 U 62
64 1 L 48
65 1 L 49
66 0 L 50
# score :46 1414386
# W : 818855 , H : 661903
67
0 0 U -1
1 1 U 0
2 0 U 1
3 1 U 2
4 1 U 3
5 1 U 4
6 0 U 5
7 0 U 6
8 1 U -1
9 1 U 8
10 0 U 9
11 1 U 10
12 0 U 11
13 1 U 12
14 0 U 13
15 0 U 14
16 0 U -1
17 0 U 16
18 0 U 17
19 1 U 18
20 0 U 19
21 1 U 20
22 1 U 21
23 0 U 22
24 0 U -1
25 0 U 24
26 0 U 25
27 0 U 26
28 1 U 27
29 1 U 28
30 0 U 29
31 1 U 30
32 1 U -1
33 1 U 32
34 0 U 33
35 0 U 34
36 1 U 35
37 0 U 36
38 1 U 37
39 1 U 38
40 1 U -1
41 0 U 40
42 0 U 41
43 1 U 42
44 1 U 43
45 0 U 44
46 1 U 45
47 1 U 46
48 1 U -1
49 0 U 48
50 1 U 49
51 1 U 50
52 1 U 51
53 0 U 52
54 1 U 53
55 0 U 54
56 1 U -1
57 0 U 56
58 0 U 57
59 1 U 58
60 0 U 59
61 0 U 60
62 1 U 61
63 1 U 62
64 1 L 48
65 1 L 49
66 0 L 50
# score :47 1506153
# W : 752300 , H : 724169
67
0 1 U -1
1 1 U 0
2 0 U 1
3 1 U 2
4 1 U 3
5 0 U 4
6 1 U 5
7 1 U 6
8 1 U -1
9 0 U 8
10 0 U 9
11 0 U 10
12 0 U 11
13 1 U 12
14 0 U 13
15 0 U 14
16 1 U -1
17 1 U 16
18 1 U 17
19 0 U 18
20 0 U 19
21 1 U 20
22 1 U 21
23 1 U 22
24 0 U -1
25 0 U 24
26 0 U 25
27 1 U 26
28 1 U 27
29 0 U 28
30 0 U 29
31 1 U 30
32 1 U -1
33 0 U 32
34 1 U 33
35 0 U 34
36 0 U 35
37 0 U 36
38 0 U 37
39 0 U 38
40 1 U -1
41 1 U 40
42 1 U 41
43 1 U 42
44 1 U 43
45 0 U 44
46 0 U 45
47 1 U 46
48 0 U -1
49 1 U 48
50 1 U 49
51 0 U 50
52 1 U 51
53 0 U 52
54 1 U 53
55 1 U 54
56 0 U -1
57 1 U 56
58 1 U 57
59 0 U 58
60 1 U 59
61 1 U 60
62 1 U 61
63 0 U 62
64 1 U -1
65 1 U 64
66 0 U 65
# score :48 1451830
# W : 688613 , H : 708782
67
0 0 U -1
1 1 U 0
2 1 U 1
3 1 U 2
4 0 U 3
5 1 U 4
6 0 U 5
7 0 U 6
8 0 U -1
9 0 U 8
10 1 U 9
11 0 U 10
12 1 U 11
13 1 U 12
14 1 U 13
15 0 U 14
16 0 U -1
17 1 U 16
18 0 U 17
19 1 U 18
20 1 U 19
21 0 U 20
22 0 U 21
23 1 U 22
24 0 U -1
25 1 U 24
26 1 U 25
27 1 U 26
28 1 U 27
29 1 U 28
30 1 U 29
31 1 U 30
32 1 U -1
33 1 U 32
34 0 U 33
35 1 U 34
36 1 U 35
37 1 U 36
38 1 U 37
39 0 U 38
40 1 U -1
41 1 U 40
42 1 U 41
43 1 U 42
44 0 U 43
45 0 U 44
46 0 U 45
47 0 U 46
48 1 U -1
49 1 U 48
50 1 U 49
51 1 U 50
52 0 U 51
53 1 U 52
54 0 U 53
55 1 U 54
56 1 U -1
57 1 U 56
58 0 U 57
59 1 U 58
60 1 U 59
61 1 U 60
62 0 U 61
63 1 U 62
64 1 U -1
65 0 U 64
66 0 U 65
# score :49 1450385
# W : 628471 , H : 783162
67
0 1 U -1
1 1 U 0
2 1 U 1
3 1 U 2
4 1 U 3
5 0 U 4
6 0 U 5
7 0 U 6
8 1 U -1
9 1 U 8
10 0 U 9
11 1 U 10
12 0 U 11
13 0 U 12
14 0 U 13
15 1 U 14
16 0 U -1
17 1 U 16
18 1 U 17
19 0 U 18
20 1 U 19
21 1 U 20
22 1 U 21
23 0 U 22
24 0 U -1
25 1 U 24
26 1 U 25
27 1 U 26
28 1 U 27
29 1 U 28
30 1 U 29
31 1 U 30
32 0 U -1
33 1 U 32
34 0 U 33
35 1 U 34
36 0 U 35
37 0 U 36
38 0 U 37
39 0 U 38
40 0 U -1
41 0 U 40
42 0 U 41
43 1 U 42
44 0 U 43
45 1 U 44
46 1 U 45
47 1 U 46
48 1 U -1
49 1 U 48
50 1 U 49
51 1 U 50
52 0 U 51
53 1 U 52
54 0 U 53
55 1 U 54
56 1 U -1
57 1 U 56
58 1 U 57
59 0 U 58
60 0 U 59
61 1 U 60
62 0 U 61
63 0 U 62
64 1 L 56
65 1 L 57
66 0 L 58
# score :50 1373706
# W : 609608 , H : 723305
67
0 0 U -1
1 0 U 0
2 0 U 1
3 1 U 2
4 1 U 3
5 1 U 4
6 0 U 5
7 1 U 6
8 1 U -1
9 1 U 8
10 1 U 9
11 1 U 10
12 0 U 11
13 1 U 12
14 1 U 13
15 0 U 14
16 1 U -1
17 1 U 16
18 0 U 17
19 0 U 18
20 0 U 19
21 1 U 20
22 1 U 21
23 1 U 22
24 0 U -1
25 0 U 24
26 1 U 25
27 1 U 26
28 0 U 27
29 0 U 28
30 0 U 29
31 0 U 30
32 0 U -1
33 1 U 32
34 1 U 33
35 1 U 34
36 0 U 35
37 1 U 36
38 1 U 37
39 1 U 38
40 0 U -1
41 1 U 40
42 0 U 41
43 1 U 42
44 1 U 43
45 0 U 44
46 1 U 45
47 0 U 46
48 1 U -1
49 0 U 48
50 1 U 49
51 0 U 50
52 1 U 51
53 1 U 52
54 1 U 53
55 0 U 54
56 1 U -1
57 1 U 56
58 1 U 57
59 0 U 58
60 1 U 59
61 0 U 60
62 1 U 61
63 0 U 62
64 1 L 56
65 0 L 57
66 1 L 58
# score :51 1431718
# W : 690181 , H : 728119
67
0 0 U -1
1 0 U 0
2 1 U 1
3 1 U 2
4 1 U 3
5 1 U 4
6 1 U 5
7 0 U 6
8 1 U -1
9 0 U 8
10 1 U 9
11 0 U 10
12 1 U 11
13 0 U 12
14 0 U 13
15 0 U 14
16 0 U -1
17 0 U 16
18 1 U 17
19 0 U 18
20 1 U 19
21 1 U 20
22 0 U 21
23 1 U 22
24 0 U -1
25 0 U 24
26 1 U 25
27 1 U 26
28 1 U 27
29 0 U 28
30 0 U 29
31 0 U 30
32 0 U -1
33 0 U 32
34 0 U 33
35 1 U 34
36 1 U 35
37 1 U 36
38 0 U 37
39 0 U 38
40 0 U -1
41 1 U 40
42 0 U 41
43 1 U 42
44 1 U 43
45 1 U 44
46 1 U 45
47 0 U 46
48 1 U -1
49 1 U 48
50 0 U 49
51 1 U 50
52 0 U 51
53 0 U 52
54 0 U 53
55 0 U 54
56 1 U -1
57 0 U 56
58 0 U 57
59 1 U 58
60 0 U 59
61 0 U 60
62 1 U 61
63 0 U 62
64 1 L 48
65 0 L 49
66 0 L 50
# score :52 1391875
# W : 653892 , H : 716917
67
0 0 U -1
1 1 U 0
2 1 U 1
3 0 U 2
4 1 U 3
5 1 U 4
6 0 U 5
7 1 U 6
8 0 U -1
9 1 U 8
10 0 U 9
11 0 U 10
12 0 U 11
13 0 U 12
14 0 U 13
15 1 U 14
16 0 U -1
17 1 U 16
18 1 U 17
19 0 U 18
20 0 U 19
21 0 U 20
22 1 U 21
23 0 U 22
24 0 U -1
25 1 U 24
26 0 U 25
27 0 U 26
28 0 U 27
29 1 U 28
30 0 U 29
31 0 U 30
32 1 U -1
33 0 U 32
34 1 U 33
35 0 U 34
36 1 U 35
37 0 U 36
38 1 U 37
39 0 U 38
40 1 U -1
41 0 U 40
42 0 U 41
43 1 U 42
44 1 U 43
45 0 U 44
46 1 U 45
47 1 U 46
48 0 U -1
49 0 U 48
50 0 U 49
51 0 U 50
52 1 U 51
53 0 U 52
54 0 U 53
55 1 U 54
56 1 U -1
57 0 U 56
58 1 U 57
59 0 U 58
60 1 U 59
61 0 U 60
62 1 U 61
63 1 U 62
64 1 L 48
65 1 L 49
66 0 L 50
# score :53 1338334
# W : 632318 , H : 692412
67
0 1 U -1
1 1 U 0
2 1 U 1
3 0 U 2
4 0 U 3
5 0 U 4
6 1 U 5
7 0 U 6
8 0 U -1
9 0 U 8
10 0 U 9
11 0 U 10
12 1 U 11
13 0 U 12
14 0 U 13
15 1 U 14
16 1 U -1
17 1 U 16
18 0 U 17
19 1 U 18
20 1 U 19
21 1 U 20
22 1 U 21
23 1 U 22
24 0 U -1
25 1 U 24
26 0 U 25
27 1 U 26
28 0 U 27
29 1 U 28
30 1 U 29
31 0 U 30
32 0 U -1
33 0 U 32
34 0 U 33
35 1 U 34
36 1 U 35
37 0 U 36
38 0 U 37
39 1 U 38
40 0 U -1
41 0 U 40
42 1 U 41
43 1 U 42
44 1 U 43
45 0 U 44
46 0 U 45
47 0 U 46
48 0 U -1
49 1 U 48
50 0 U 49
51 1 U 50
52 1 U 51
53 0 U 52
54 0 U 53
55 0 U 54
56 1 U -1
57 1 U 56
58 0 U 57
59 0 U 58
60 0 U 59
61 0 U 60
62 0 U 61
63 1 U 62
64 1 L 48
65 1 L 49
66 1 L 50
# score :54 1459088
# W : 700711 , H : 710066
67
0 1 U -1
1 0 U 0
2 0 U 1
3 1 U 2
4 1 U 3
5 1 U 4
6 0 U 5
7 1 U 6
8 0 U -1
9 1 U 8
10 1 U 9
11 1 U 10
12 0 U 11
13 1 U 12
14 1 U 13
15 0 U 14
16 0 U -1
17 1 U 16
18 0 U 17
19 1 U 18
20 1 U 19
21 0 U 20
22 1 U 21
23 1 U 22
24 1 U -1
25 1 U 24
26 1 U 25
27 1 U 26
28 1 U 27
29 1 U 28
30 0 U 29
31 1 U 30
32 1 U -1
33 0 U 32
34 1 U 33
35 1 U 34
36 0 U 35
37 0 U 36
38 1 U 37
39 1 U 38
40 0 U -1
41 1 U 40
42 1 U 41
43 1 U 42
44 1 U 43
45 1 U 44
46 1 U 45
47 0 U 46
48 1 U -1
49 0 U 48
50 0 U 49
51 0 U 50
52 0 U 51
53 0 U 52
54 1 U 53
55 0 U 54
56 0 U -1
57 0 U 56
58 0 U 57
59 1 U 58
60 0 U 59
61 1 U 60
62 0 U 61
63 1 U 62
64 0 L 48
65 1 L 49
66 0 L 50
# score :55 1465707
# W : 768097 , H : 684239
67
0 0 U -1
1 0 U 0
2 0 U 1
3 1 U 2
4 0 U 3
5 0 U 4
6 0 U 5
7 0 U 6
8 0 U -1
9 1 U 8
10 1 U 9
11 1 U 10
12 1 U 11
13 1 U 12
14 1 U 13
15 1 U 14
16 1 U -1
17 0 U 16
18 0 U 17
19 1 U 18
20 1 U 19
21 0 U 20
22 0 U 21
23 0 U 22
24 1 U -1
25 1 U 24
26 1 U 25
27 0 U 26
28 0 U 27
29 0 U 28
30 1 U 29
31 1 U 30
32 0 U -1
33 0 U 32
34 0 U 33
35 0 U 34
36 1 U 35
37 0 U 36
38 0 U 37
39 0 U 38
40 1 U -1
41 1 U 40
42 0 U 41
43 1 U 42
44 0 U 43
45 1 U 44
46 1 U 45
47 0 U 46
48 0 U -1
49 1 U 48
50 0 U 49
51 0 U 50
52 1 U 51
53 0 U 52
54 1 U 53
55 0 U 54
56 0 U -1
57 0 U 56
58 1 U 57
59 0 U 58
60 0 U 59
61 1 U 60
62 0 U 61
63 1 U 62
64 0 U -1
65 0 U 64
66 1 U 65
# score :56 1464538
# W : 630987 , H : 790556
