82
0 0 U -1
1 0 U 0
2 0 U 1
3 0 U 2
4 0 U 3
5 0 U 4
6 0 U 5
7 0 U 6
8 0 U 7
9 0 U -1
10 0 U 9
11 0 U 10
12 0 U 11
13 0 U 12
14 0 U 13
15 0 U 14
16 0 U 15
17 0 U 16
18 0 U -1
19 0 U 18
20 0 U 19
21 0 U 20
22 0 U 21
23 0 U 22
24 0 U 23
25 0 U 24
26 0 U 25
27 0 U -1
28 0 U 27
29 0 U 28
30 0 U 29
31 0 U 30
32 0 U 31
33 0 U 32
34 0 U 33
35 0 U 34
36 0 U -1
37 0 U 36
38 0 U 37
39 0 U 38
40 0 U 39
41 0 U 40
42 0 U 41
43 0 U 42
44 0 U 43
45 0 U -1
46 0 U 45
47 0 U 46
48 0 U 47
49 0 U 48
50 0 U 49
51 0 U 50
52 0 U 51
53 0 U 52
54 0 U -1
55 0 U 54
56 0 U 55
57 0 U 56
58 0 U 57
59 0 U 58
60 0 U 59
61 0 U 60
62 0 U 61
63 0 U -1
64 0 U 63
65 0 U 64
66 0 U 65
67 0 U 66
68 0 U 67
69 0 U 68
70 0 U 69
71 0 U 70
72 0 U -1
73 0 U 72
74 0 U 73
75 0 U 74
76 0 U 75
77 0 U 76
78 0 U 77
79 0 U 78
80 0 U 79
81 0 U -1
# score :0 1552124
# W : 677816 , H : 750478
82
0 0 U -1
1 0 U 0
2 1 U 1
3 1 U 2
4 1 U 3
5 0 U 4
6 0 U 5
7 0 U 6
8 1 U 7
9 0 U -1
10 0 U 9
11 1 U 10
12 1 U 11
13 1 U 12
14 1 U 13
15 1 U 14
16 0 U 15
17 1 U 16
18 0 U -1
19 1 U 18
20 0 U 19
21 1 U 20
22 0 U 21
23 1 U 22
24 1 U 23
25 0 U 24
26 0 U 25
27 1 U -1
28 1 U 27
29 1 U 28
30 1 U 29
31 0 U 30
32 0 U 31
33 1 U 32
34 1 U 33
35 0 U 34
36 0 U -1
37 1 U 36
38 1 U 37
39 0 U 38
40 1 U 39
41 1 U 40
42 1 U 41
43 0 U 42
44 0 U 43
45 1 U -1
46 1 U 45
47 0 U 46
48 0 U 47
49 0 U 48
50 1 U 49
51 0 U 50
52 0 U 51
53 1 U 52
54 0 U -1
55 0 U 54
56 1 U 55
57 0 U 56
58 0 U 57
59 0 U 58
60 1 U 59
61 0 U 60
62 1 U 61
63 0 U -1
64 0 U 63
65 0 U 64
66 0 U 65
67 1 U 66
68 0 U 67
69 0 U 68
70 0 U 69
71 0 U 70
72 1 U -1
73 1 U 72
74 0 U 73
75 1 U 74
76 1 U 75
77 1 U 76
78 1 U 77
79 0 U 78
80 0 U 79
81 1 U -1
# score :1 1475521
# W : 748681 , H : 626693
82
0 0 U -1
1 0 U 0
2 0 U 1
3 0 U 2
4 0 U 3
5 0 U 4
6 0 U 5
7 0 U 6
8 0 U 7
9 0 U -1
10 0 U 9
11 0 U 10
12 0 U 11
13 0 U 12
14 0 U 13
15 0 U 14
16 0 U 15
17 0 U 16
18 0 U -1
19 0 U 18
20 0 U 19
21 0 U 20
22 0 U 21
23 0 U 22
24 0 U 23
25 0 U 24
26 0 U 25
27 0 U -1
28 0 U 27
29 0 U 28
30 0 U 29
31 0 U 30
32 0 U 31
33 0 U 32
34 0 U 33
35 0 U 34
36 0 U -1
37 0 U 36
38 0 U 37
39 0 U 38
40 0 U 39
41 0 U 40
42 0 U 41
43 0 U 42
44 0 U 43
45 0 U -1
46 0 U 45
47 0 U 46
48 0 U 47
49 0 U 48
50 0 U 49
51 0 U 50
52 0 U 51
53 0 U 52
54 0 U -1
55 0 U 54
56 0 U 55
57 0 U 56
58 0 U 57
59 0 U 58
60 0 U 59
61 0 U 60
62 0 U 61
63 0 U -1
64 0 U 63
65 0 U 64
66 0 U 65
67 0 U 66
68 0 U 67
69 0 U 68
70 0 U 69
71 0 U 70
72 0 U -1
73 0 U 72
74 0 U 73
75 0 U 74
76 0 U 75
77 0 U 76
78 0 U 77
79 0 U 78
80 0 U 79
81 0 L 72
# score :2 1513198
# W : 674524 , H : 747658
82
0 0 U -1
1 0 U 0
2 1 U 1
3 1 U 2
4 1 U 3
5 0 U 4
6 0 U 5
7 0 U 6
8 1 U 7
9 0 U -1
10 0 U 9
11 1 U 10
12 1 U 11
13 1 U 12
14 1 U 13
15 1 U 14
16 0 U 15
17 1 U 16
18 0 U -1
19 1 U 18
20 0 U 19
21 1 U 20
22 0 U 21
23 1 U 22
24 1 U 23
25 0 U 24
26 0 U 25
27 1 U -1
28 1 U 27
29 1 U 28
30 1 U 29
31 0 U 30
32 0 U 31
33 1 U 32
34 1 U 33
35 0 U 34
36 0 U -1
37 1 U 36
38 1 U 37
39 0 U 38
40 1 U 39
41 1 U 40
42 1 U 41
43 0 U 42
44 0 U 43
45 1 U -1
46 1 U 45
47 0 U 46
48 0 U 47
49 0 U 48
50 1 U 49
51 0 U 50
52 0 U 51
53 1 U 52
54 0 U -1
55 0 U 54
56 1 U 55
57 0 U 56
58 0 U 57
59 0 U 58
60 1 U 59
61 0 U 60
62 1 U 61
63 0 U -1
64 0 U 63
65 0 U 64
66 0 U 65
67 1 U 66
68 0 U 67
69 0 U 68
70 0 U 69
71 0 U 70
72 1 U -1
73 1 U 72
74 0 U 73
75 1 U 74
76 1 U 75
77 1 U 76
78 1 U 77
79 0 U 78
80 0 U 79
81 1 L 72
# score :3 1427171
# W : 728782 , H : 628275
82
0 0 U -1
1 0 U 0
2 0 U 1
3 0 U 2
4 0 U 3
5 0 U 4
6 0 U 5
7 0 U 6
8 0 U 7
9 0 U -1
10 0 U 9
11 0 U 10
12 0 U 11
13 0 U 12
14 0 U 13
15 0 U 14
16 0 U 15
17 0 U 16
18 0 U -1
19 0 U 18
20 0 U 19
21 0 U 20
22 0 U 21
23 0 U 22
24 0 U 23
25 0 U 24
26 0 U 25
27 0 U -1
28 0 U 27
29 0 U 28
30 0 U 29
31 0 U 30
32 0 U 31
33 0 U 32
34 0 U 33
35 0 U 34
36 0 U -1
37 0 U 36
38 0 U 37
39 0 U 38
40 0 U 39
41 0 U 40
42 0 U 41
43 0 U 42
44 0 U 43
45 0 U -1
46 0 U 45
47 0 U 46
48 0 U 47
49 0 U 48
50 0 U 49
51 0 U 50
52 0 U 51
53 0 U 52
54 0 U -1
55 0 U 54
56 0 U 55
57 0 U 56
58 0 U 57
59 0 U 58
60 0 U 59
61 0 U 60
62 0 U 61
63 0 U -1
64 0 U 63
65 0 U 64
66 0 U 65
67 0 U 66
68 0 U 67
69 0 U 68
70 0 U 69
71 0 U 70
72 0 U -1
73 0 U 72
74 0 U 73
75 0 U 74
76 0 U 75
77 0 U 76
78 0 U 77
79 0 U 78
80 0 U 79
81 0 L 63
# score :4 1467537
# W : 664103 , H : 753588
82
0 0 U -1
1 0 U 0
2 1 U 1
3 1 U 2
4 1 U 3
5 0 U 4
6 0 U 5
7 0 U 6
8 1 U 7
9 0 U -1
10 0 U 9
11 1 U 10
12 1 U 11
13 1 U 12
14 1 U 13
15 1 U 14
16 0 U 15
17 1 U 16
18 0 U -1
19 1 U 18
20 0 U 19
21 1 U 20
22 0 U 21
23 1 U 22
24 1 U 23
25 0 U 24
26 0 U 25
27 1 U -1
28 1 U 27
29 1 U 28
30 1 U 29
31 0 U 30
32 0 U 31
33 1 U 32
34 1 U 33
35 0 U 34
36 0 U -1
37 1 U 36
38 1 U 37
39 0 U 38
40 1 U 39
41 1 U 40
42 1 U 41
43 0 U 42
44 0 U 43
45 1 U -1
46 1 U 45
47 0 U 46
48 0 U 47
49 0 U 48
50 1 U 49
51 0 U 50
52 0 U 51
53 1 U 52
54 0 U -1
55 0 U 54
56 1 U 55
57 0 U 56
58 0 U 57
59 0 U 58
60 1 U 59
61 0 U 60
62 1 U 61
63 0 U -1
64 0 U 63
65 0 U 64
66 0 U 65
67 1 U 66
68 0 U 67
69 0 U 68
70 0 U 69
71 0 U 70
72 1 U -1
73 1 U 72
74 0 U 73
75 1 U 74
76 1 U 75
77 1 U 76
78 1 U 77
79 0 U 78
80 0 U 79
81 1 L 63
# score :5 1427171
# W : 727168 , H : 626978
82
0 0 U -1
1 0 U 0
2 0 U 1
3 0 U 2
4 0 U 3
5 0 U 4
6 0 U 5
7 0 U 6
8 0 U 7
9 0 U -1
10 0 U 9
11 0 U 10
12 0 U 11
13 0 U 12
14 0 U 13
15 0 U 14
16 0 U 15
17 0 U 16
18 0 U -1
19 0 U 18
20 0 U 19
21 0 U 20
22 0 U 21
23 0 U 22
24 0 U 23
25 0 U 24
26 0 U 25
27 0 U -1
28 0 U 27
29 0 U 28
30 0 U 29
31 0 U 30
32 0 U 31
33 0 U 32
34 0 U 33
35 0 U 34
36 0 U -1
37 0 U 36
38 0 U 37
39 0 U 38
40 0 U 39
41 0 U 40
42 0 U 41
43 0 U 42
44 0 U 43
45 0 U -1
46 0 U 45
47 0 U 46
48 0 U 47
49 0 U 48
50 0 U 49
51 0 U 50
52 0 U 51
53 0 U 52
54 0 U -1
55 0 U 54
56 0 U 55
57 0 U 56
58 0 U 57
59 0 U 58
60 0 U 59
61 0 U 60
62 0 U 61
63 0 U -1
64 0 U 63
65 0 U 64
66 0 U 65
67 0 U 66
68 0 U 67
69 0 U 68
70 0 U 69
71 0 U 70
72 0 U -1
73 0 U 72
74 0 U 73
75 0 U 74
76 0 U 75
77 0 U 76
78 0 U 77
79 0 U 78
80 0 U 79
81 0 L 63
# score :6 1467537
# W : 682335 , H : 758301
82
0 0 U -1
1 0 U 0
2 1 U 1
3 1 U 2
4 1 U 3
5 0 U 4
6 0 U 5
7 0 U 6
8 1 U 7
9 0 U -1
10 0 U 9
11 1 U 10
12 1 U 11
13 1 U 12
14 1 U 13
15 1 U 14
16 0 U 15
17 1 U 16
18 0 U -1
19 1 U 18
20 0 U 19
21 1 U 20
22 0 U 21
23 1 U 22
24 1 U 23
25 0 U 24
26 0 U 25
27 1 U -1
28 1 U 27
29 1 U 28
30 1 U 29
31 0 U 30
32 0 U 31
33 1 U 32
34 1 U 33
35 0 U 34
36 0 U -1
37 1 U 36
38 1 U 37
39 0 U 38
40 1 U 39
41 1 U 40
42 1 U 41
43 0 U 42
44 0 U 43
45 1 U -1
46 1 U 45
47 0 U 46
48 0 U 47
49 0 U 48
50 1 U 49
51 0 U 50
52 0 U 51
53 1 U 52
54 0 U -1
55 0 U 54
56 1 U 55
57 0 U 56
58 0 U 57
59 0 U 58
60 1 U 59
61 0 U 60
62 1 U 61
63 0 U -1
64 0 U 63
65 0 U 64
66 0 U 65
67 1 U 66
68 0 U 67
69 0 U 68
70 0 U 69
71 0 U 70
72 1 U -1
73 1 U 72
74 0 U 73
75 1 U 74
76 1 U 75
77 1 U 76
78 1 U 77
79 0 U 78
80 0 U 79
81 1 L 63
# score :7 1427171
# W : 724660 , H : 631052
82
0 0 U -1
1 0 U 0
2 0 U 1
3 1 U 2
4 1 U 3
5 1 U 4
6 0 U 5
7 1 U 6
8 1 U 7
9 1 U -1
10 0 U 9
11 0 U 10
12 0 U 11
13 0 U 12
14 1 U 13
15 1 U 14
16 0 U 15
17 0 U 16
18 1 U -1
19 1 U 18
20 0 U 19
21 0 U 20
22 1 U 21
23 1 U 22
24 0 U 23
25 1 U 24
26 1 U 25
27 1 U -1
28 0 U 27
29 0 U 28
30 0 U 29
31 0 U 30
32 1 U 31
33 1 U 32
34 1 U 33
35 1 U 34
36 0 U -1
37 0 U 36
38 0 U 37
39 1 U 38
40 1 U 39
41 1 U 40
42 1 U 41
43 1 U 42
44 0 U 43
45 0 U -1
46 1 U 45
47 1 U 46
48 1 U 47
49 0 U 48
50 1 U 49
51 0 U 50
52 0 U 51
53 1 U 52
54 0 U -1
55 1 U 54
56 1 U 55
57 0 U 56
58 1 U 57
59 0 U 58
60 0 U 59
61 1 U 60
62 1 U 61
63 1 U -1
64 1 U 63
65 0 U 64
66 0 U 65
67 0 U 66
68 1 U 67
69 1 U 68
70 0 U 69
71 0 U 70
72 0 U -1
73 1 U 72
74 0 U 73
75 1 U 74
76 0 U 75
77 1 U 76
78 1 U 77
79 0 U 78
80 1 U 79
81 0 U -1
# score :8 1483744
# W : 631418 , H : 790660
82
0 1 U -1
1 0 U 0
2 0 U 1
3 0 U 2
4 1 U 3
5 1 U 4
6 1 U 5
7 1 U 6
8 0 U 7
9 1 U -1
10 1 U 9
11 0 U 10
12 0 U 11
13 0 U 12
14 0 U 13
15 1 U 14
16 1 U 15
17 1 U 16
18 0 U -1
19 1 U 18
20 1 U 19
21 0 U 20
22 1 U 21
23 1 U 22
24 0 U 23
25 1 U 24
26 0 U 25
27 0 U -1
28 0 U 27
29 0 U 28
30 0 U 29
31 0 U 30
32 0 U 31
33 0 U 32
34 0 U 33
35 1 U 34
36 0 U -1
37 1 U 36
38 0 U 37
39 0 U 38
40 0 U 39
41 1 U 40
42 1 U 41
43 0 U 42
44 0 U 43
45 0 U -1
46 1 U 45
47 1 U 46
48 1 U 47
49 0 U 48
50 0 U 49
51 1 U 50
52 0 U 51
53 0 U 52
54 1 U -1
55 0 U 54
56 0 U 55
57 1 U 56
58 0 U 57
59 1 U 58
60 0 U 59
61 1 U 60
62 0 U 61
63 0 U -1
64 1 U 63
65 0 U 64
66 0 U 65
67 0 U 66
68 0 U 67
69 0 U 68
70 1 U 69
71 1 U 70
72 0 U -1
73 1 U 72
74 1 U 73
75 0 U 74
76 1 U 75
77 0 U 76
78 0 U 77
79 0 U 78
80 1 U 79
81 0 U -1
# score :9 1534881
# W : 622133 , H : 788815
82
0 1 U -1
1 1 U 0
2 1 U 1
3 1 U 2
4 1 U 3
5 1 U 4
6 0 U 5
7 1 U 6
8 1 U 7
9 1 U -1
10 1 U 9
11 1 U 10
12 1 U 11
13 0 U 12
14 1 U 13
15 0 U 14
16 1 U 15
17 0 U 16
18 1 U -1
19 0 U 18
20 1 U 19
21 1 U 20
22 1 U 21
23 0 U 22
24 1 U 23
25 0 U 24
26 0 U 25
27 0 U -1
28 0 U 27
29 0 U 28
30 0 U 29
31 1 U 30
32 1 U 31
33 1 U 32
34 0 U 33
35 1 U 34
36 0 U -1
37 0 U 36
38 0 U 37
39 1 U 38
40 1 U 39
41 0 U 40
42 0 U 41
43 0 U 42
44 1 U 43
45 1 U -1
46 0 U 45
47 0 U 46
48 0 U 47
49 0 U 48
50 0 U 49
51 1 U 50
52 0 U 51
53 1 U 52
54 0 U -1
55 1 U 54
56 1 U 55
57 1 U 56
58 0 U 57
59 1 U 58
60 0 U 59
61 0 U 60
62 1 U 61
63 1 U -1
64 1 U 63
65 0 U 64
66 0 U 65
67 0 U 66
68 0 U 67
69 1 U 68
70 1 U 69
71 0 U 70
72 1 U -1
73 0 U 72
74 1 U 73
75 0 U 74
76 1 U 75
77 0 U 76
78 1 U 77
79 0 U 78
80 0 U 79
81 0 L 72
# score :10 1549981
# W : 705633 , H : 770969
82
0 0 U -1
1 1 U 0
2 0 U 1
3 1 U 2
4 1 U 3
5 0 U 4
6 1 U 5
7 1 U 6
8 0 U 7
9 1 U -1
10 0 U 9
11 0 U 10
12 1 U 11
13 1 U 12
14 0 U 13
15 1 U 14
16 0 U 15
17 0 U 16
18 1 U -1
19 1 U 18
20 0 U 19
21 1 U 20
22 0 U 21
23 1 U 22
24 0 U 23
25 0 U 24
26 0 U 25
27 1 U -1
28 0 U 27
29 1 U 28
30 1 U 29
31 0 U 30
32 1 U 31
33 1 U 32
34 1 U 33
35 1 U 34
36 0 U -1
37 1 U 36
38 0 U 37
39 0 U 38
40 1 U 39
41 0 U 40
42 0 U 41
43 0 U 42
44 1 U 43
45 0 U -1
46 1 U 45
47 0 U 46
48 1 U 47
49 0 U 48
50 0 U 49
51 0 U 50
52 0 U 51
53 1 U 52
54 0 U -1
55 0 U 54
56 0 U 55
57 1 U 56
58 0 U 57
59 1 U 58
60 0 U 59
61 0 U 60
62 0 U 61
63 0 U -1
64 1 U 63
65 0 U 64
66 0 U 65
67 1 U 66
68 1 U 67
69 1 U 68
70 0 U 69
71 0 U 70
72 0 U -1
73 0 U 72
74 1 U 73
75 0 U 74
76 1 U 75
77 0 U 76
78 1 U 77
79 1 U 78
80 1 U 79
81 0 L 72
# score :11 1535042
# W : 681915 , H : 682206
82
0 1 U -1
1 0 U 0
2 0 U 1
3 1 U 2
4 1 U 3
5 1 U 4
6 0 U 5
7 1 U 6
8 0 U 7
9 0 U -1
10 1 U 9
11 1 U 10
12 1 U 11
13 1 U 12
14 1 U 13
15 0 U 14
16 1 U 15
17 1 U 16
18 1 U -1
19 1 U 18
20 1 U 19
21 0 U 20
22 1 U 21
23 1 U 22
24 0 U 23
25 1 U 24
26 0 U 25
27 0 U -1
28 0 U 27
29 0 U 28
30 1 U 29
31 0 U 30
32 0 U 31
33 1 U 32
34 1 U 33
35 0 U 34
36 0 U -1
37 1 U 36
38 1 U 37
39 0 U 38
40 0 U 39
41 0 U 40
42 1 U 41
43 1 U 42
44 0 U 43
45 0 U -1
46 0 U 45
47 0 U 46
48 0 U 47
49 1 U 48
50 1 U 49
51 1 U 50
52 1 U 51
53 1 U 52
54 0 U -1
55 0 U 54
56 0 U 55
57 0 U 56
58 1 U 57
59 1 U 58
60 1 U 59
61 0 U 60
62 0 U 61
63 1 U -1
64 1 U 63
65 0 U 64
66 1 U 65
67 0 U 66
68 0 U 67
69 1 U 68
70 0 U 69
71 1 U 70
72 0 U -1
73 0 U 72
74 0 U 73
75 1 U 74
76 1 U 75
77 1 U 76
78 0 U 77
79 0 U 78
80 0 U 79
81 1 L 63
# score :12 1453848
# W : 615938 , H : 735551
82
0 1 U -1
1 0 U 0
2 0 U 1
3 0 U 2
4 1 U 3
5 0 U 4
6 1 U 5
7 1 U 6
8 0 U 7
9 0 U -1
10 1 U 9
11 1 U 10
12 1 U 11
13 0 U 12
14 0 U 13
15 0 U 14
16 1 U 15
17 0 U 16
18 0 U -1
19 0 U 18
20 0 U 19
21 0 U 20
22 0 U 21
23 1 U 22
24 1 U 23
25 0 U 24
26 0 U 25
27 0 U -1
28 0 U 27
29 0 U 28
30 0 U 29
31 0 U 30
32 0 U 31
33 0 U 32
34 0 U 33
35 0 U 34
36 0 U -1
37 1 U 36
38 0 U 37
39 1 U 38
40 0 U 39
41 1 U 40
42 0 U 41
43 0 U 42
44 0 U 43
45 0 U -1
46 1 U 45
47 0 U 46
48 0 U 47
49 0 U 48
50 0 U 49
51 1 U 50
52 0 U 51
53 1 U 52
54 1 U -1
55 0 U 54
56 1 U 55
57 0 U 56
58 0 U 57
59 0 U 58
60 0 U 59
61 1 U 60
62 0 U 61
63 0 U -1
64 0 U 63
65 1 U 64
66 1 U 65
67 1 U 66
68 0 U 67
69 0 U 68
70 0 U 69
71 0 U 70
72 0 U -1
73 0 U 72
74 0 U 73
75 1 U 74
76 0 U 75
77 0 U 76
78 0 U 77
79 1 U 78
80 1 U 79
81 0 L 63
# score :13 1442320
# W : 690997 , H : 726766
82
0 0 U -1
1 0 U 0
2 1 U 1
3 0 U 2
4 1 U 3
5 1 U 4
6 1 U 5
7 1 U 6
8 0 U 7
9 0 U -1
10 1 U 9
11 0 U 10
12 0 U 11
13 0 U 12
14 1 U 13
15 1 U 14
16 1 U 15
17 1 U 16
18 1 U -1
19 0 U 18
20 0 U 19
21 0 U 20
22 1 U 21
23 0 U 22
24 1 U 23
25 0 U 24
26 1 U 25
27 1 U -1
28 1 U 27
29 1 U 28
30 1 U 29
31 1 U 30
32 0 U 31
33 1 U 32
34 0 U 33
35 0 U 34
36 1 U -1
37 1 U 36
38 1 U 37
39 0 U 38
40 0 U 39
41 0 U 40
42 0 U 41
43 1 U 42
44 0 U 43
45 0 U -1
46 1 U 45
47 1 U 46
48 0 U 47
49 0 U 48
50 1 U 49
51 0 U 50
52 1 U 51
53 1 U 52
54 1 U -1
55 1 U 54
56 0 U 55
57 1 U 56
58 0 U 57
59 1 U 58
60 0 U 59
61 1 U 60
62 1 U 61
63 0 U -1
64 0 U 63
65 0 U 64
66 0 U 65
67 1 U 66
68 0 U 67
69 1 U 68
70 1 U 69
71 1 U 70
72 1 U -1
73 0 U 72
74 1 U 73
75 1 U 74
76 1 U 75
77 0 U 76
78 0 U 77
79 0 U 78
80 0 U 79
81 1 L 63
# score :14 1433721
# W : 651950 , H : 707591
82
0 0 U -1
1 1 U 0
2 0 U 1
3 1 U 2
4 0 U 3
5 1 U 4
6 0 U 5
7 1 U 6
8 1 U 7
9 1 U -1
10 0 U 9
11 1 U 10
12 0 U 11
13 0 U 12
14 0 U 13
15 1 U 14
16 1 U 15
17 1 U 16
18 0 U -1
19 0 U 18
20 1 U 19
21 0 U 20
22 1 U 21
23 1 U 22
24 1 U 23
25 0 U 24
26 1 U 25
27 1 U -1
28 1 U 27
29 1 U 28
30 1 U 29
31 1 U 30
32 1 U 31
33 0 U 32
34 0 U 33
35 1 U 34
36 0 U -1
37 1 U 36
38 1 U 37
39 1 U 38
40 1 U 39
41 0 U 40
42 1 U 41
43 0 U 42
44 0 U 43
45 1 U -1
46 0 U 45
47 0 U 46
48 1 U 47
49 1 U 48
50 1 U 49
51 0 U 50
52 1 U 51
53 1 U 52
54 0 U -1
55 1 U 54
56 1 U 55
57 0 U 56
58 0 U 57
59 0 U 58
60 0 U 59
61 0 U 60
62 1 U 61
63 1 U -1
64 0 U 63
65 0 U 64
66 1 U 65
67 0 U 66
68 1 U 67
69 0 U 68
70 1 U 69
71 0 U 70
72 1 U -1
73 1 U 72
74 0 U 73
75 1 U 74
76 0 U 75
77 1 U 76
78 0 U 77
79 0 U 78
80 0 U 79
81 0 L 63
# score :15 1392317
# W : 622359 , H : 729551
82
0 1 U -1
1 0 U 0
2 0 U 1
3 1 U 2
4 1 U 3
5 0 U 4
6 0 U 5
7 0 U 6
8 0 U 7
9 1 U -1
10 0 U 9
11 1 U 10
12 1 U 11
13 0 U 12
14 0 U 13
15 1 U 14
16 1 U 15
17 0 U 16
18 1 U -1
19 1 U 18
20 0 U 19
21 1 U 20
22 1 U 21
23 0 U 22
24 0 U 23
25 0 U 24
26 1 U 25
27 0 U -1
28 0 U 27
29 0 U 28
30 1 U 29
31 1 U 30
32 1 U 31
33 1 U 32
34 0 U 33
35 0 U 34
36 0 U -1
37 0 U 36
38 0 U 37
39 0 U 38
40 1 U 39
41 1 U 40
42 1 U 41
43 1 U 42
44 1 U 43
45 0 U -1
46 1 U 45
47 0 U 46
48 0 U 47
49 0 U 48
50 1 U 49
51 0 U 50
52 1 U 51
53 1 U 52
54 0 U -1
55 1 U 54
56 0 U 55
57 1 U 56
58 1 U 57
59 0 U 58
60 0 U 59
61 0 U 60
62 0 U 61
63 1 U -1
64 1 U 63
65 0 U 64
66 0 U 65
67 1 U 66
68 1 U 67
69 1 U 68
70 0 U 69
71 1 U 70
72 1 U -1
73 0 U 72
74 0 U 73
75 1 U 74
76 1 U 75
77 1 U 76
78 1 U 77
79 0 U 78
80 0 U 79
81 0 U -1
# score :16 1524091
# W : 673055 , H : 794093
82
0 1 U -1
1 0 U 0
2 0 U 1
3 1 U 2
4 1 U 3
5 0 U 4
6 1 U 5
7 0 U 6
8 0 U 7
9 0 U -1
10 1 U 9
11 1 U 10
12 0 U 11
13 1 U 12
14 1 U 13
15 0 U 14
16 1 U 15
17 0 U 16
18 0 U -1
19 0 U 18
20 1 U 19
21 1 U 20
22 0 U 21
23 0 U 22
24 1 U 23
25 0 U 24
26 0 U 25
27 0 U -1
28 1 U 27
29 1 U 28
30 1 U 29
31 1 U 30
32 0 U 31
33 0 U 32
34 1 U 33
35 0 U 34
36 0 U -1
37 1 U 36
38 0 U 37
39 0 U 38
40 0 U 39
41 1 U 40
42 0 U 41
43 1 U 42
44 0 U 43
45 0 U -1
46 0 U 45
47 0 U 46
48 0 U 47
49 0 U 48
50 1 U 49
51 1 U 50
52 1 U 51
53 1 U 52
54 1 U -1
55 0 U 54
56 1 U 55
57 1 U 56
58 1 U 57
59 1 U 58
60 1 U 59
61 1 U 60
62 0 U 61
63 1 U -1
64 1 U 63
65 0 U 64
66 0 U 65
67 1 U 66
68 0 U 67
69 0 U 68
70 0 U 69
71 1 U 70
72 0 U -1
73 1 U 72
74 0 U 73
75 1 U 74
76 0 U 75
77 1 U 76
78 0 U 77
79 0 U 78
80 1 U 79
81 1 U -1
# score :17 1436720
# W : 657586 , H : 681547
82
0 1 U -1
1 0 U 0
2 1 U 1
3 1 U 2
4 1 U 3
5 0 U 4
6 0 U 5
7 1 U 6
8 0 U 7
9 0 U -1
10 0 U 9
11 0 U 10
12 0 U 11
13 1 U 12
14 1 U 13
15 1 U 14
16 1 U 15
17 0 U 16
18 1 U -1
19 1 U 18
20 1 U 19
21 1 U 20
22 0 U 21
23 0 U 22
24 1 U 23
25 0 U 24
26 0 U 25
27 1 U -1
28 1 U 27
29 1 U 28
30 0 U 29
31 1 U 30
32 0 U 31
33 1 U 32
34 0 U 33
35 1 U 34
36 0 U -1
37 1 U 36
38 0 U 37
39 1 U 38
40 1 U 39
41 1 U 40
42 1 U 41
43 1 U 42
44 0 U 43
45 0 U -1
46 1 U 45
47 0 U 46
48 1 U 47
49 1 U 48
50 0 U 49
51 1 U 50
52 1 U 51
53 1 U 52
54 1 U -1
55 1 U 54
56 1 U 55
57 0 U 56
58 0 U 57
59 0 U 58
60 0 U 59
61 1 U 60
62 0 U 61
63 0 U -1
64 1 U 63
65 0 U 64
66 0 U 65
67 1 U 66
68 1 U 67
69 0 U 68
70 0 U 69
71 1 U 70
72 0 U -1
73 0 U 72
74 0 U 73
75 1 U 74
76 1 U 75
77 1 U 76
78 0 U 77
79 1 U 78
80 1 U 79
81 0 L 72
# score :18 1497704
# W : 610169 , H : 682373
82
0 1 U -1
1 1 U 0
2 0 U 1
3 0 U 2
4 1 U 3
5 0 U 4
6 1 U 5
7 1 U 6
8 0 U 7
9 0 U -1
10 1 U 9
11 0 U 10
12 1 U 11
13 0 U 12
14 1 U 13
15 1 U 14
16 0 U 15
17 0 U 16
18 1 U -1
19 1 U 18
20 0 U 19
21 0 U 20
22 0 U 21
23 0 U 22
24 0 U 23
25 0 U 24
26 0 U 25
27 0 U -1
28 1 U 27
29 1 U 28
30 0 U 29
31 0 U 30
32 0 U 31
33 0 U 32
34 0 U 33
35 1 U 34
36 1 U -1
37 1 U 36
38 1 U 37
39 0 U 38
40 1 U 39
41 1 U 40
42 1 U 41
43 0 U 42
44 1 U 43
45 1 U -1
46 0 U 45
47 0 U 46
48 1 U 47
49 1 U 48
50 1 U 49
51 0 U 50
52 1 U 51
53 0 U 52
54 1 U -1
55 0 U 54
56 0 U 55
57 1 U 56
58 1 U 57
59 0 U 58
60 0 U 59
61 0 U 60
62 0 U 61
63 0 U -1
64 1 U 63
65 1 U 64
66 0 U 65
67 1 U 66
68 0 U 67
69 0 U 68
70 1 U 69
71 0 U 70
72 1 U -1
73 1 U 72
74 0 U 73
75 1 U 74
76 1 U 75
77 1 U 76
78 1 U 77
79 0 U 78
80 0 U 79
81 0 L 72
# score :19 1507051
# W : 618335 , H : 798848
82
0 0 U -1
1 1 U 0
2 1 U 1
3 1 U 2
4 0 U 3
5 0 U 4
6 1 U 5
7 0 U 6
8 0 U 7
9 1 U -1
10 0 U 9
11 0 U 10
12 0 U 11
13 0 U 12
14 1 U 13
15 0 U 14
16 1 U 15
17 1 U 16
18 0 U -1
19 0 U 18
20 1 U 19
21 1 U 20
22 1 U 21
23 0 U 22
24 0 U 23
25 1 U 24
26 0 U 25
27 1 U -1
28 0 U 27
29 0 U 28
30 0 U 29
31 0 U 30
32 1 U 31
33 0 U 32
34 0 U 33
35 0 U 34
36 1 U -1
37 0 U 36
38 0 U 37
39 0 U 38
40 0 U 39
41 1 U 40
42 0 U 41
43 0 U 42
44 1 U 43
45 0 U -1
46 0 U 45
47 1 U 46
48 0 U 47
49 1 U 48
50 1 U 49
51 0 U 50
52 1 U 51
53 1 U 52
54 0 U -1
55 1 U 54
56 1 U 55
57 0 U 56
58 1 U 57
59 1 U 58
60 1 U 59
61 1 U 60
62 0 U 61
63 1 U -1
64 0 U 63
65 1 U 64
66 1 U 65
67 1 U 66
68 1 U 67
69 0 U 68
70 0 U 69
71 0 U 70
72 0 U -1
73 1 U 72
74 0 U 73
75 0 U 74
76 0 U 75
77 1 U 76
78 1 U 77
79 0 U 78
80 0 U 79
81 1 L 63
# score :20 1473892
# W : 638670 , H : 756883
82
0 0 U -1
1 1 U 0
2 1 U 1
3 1 U 2
4 0 U 3
5 0 U 4
6 1 U 5
7 1 U 6
8 1 U 7
9 0 U -1
10 1 U 9
11 0 U 10
12 0 U 11
13 0 U 12
14 1 U 13
15 1 U 14
16 1 U 15
17 0 U 16
18 1 U -1
19 0 U 18
20 1 U 19
21 0 U 20
22 0 U 21
23 0 U 22
24 0 U 23
25 1 U 24
26 1 U 25
27 1 U -1
28 1 U 27
29 1 U 28
30 1 U 29
31 1 U 30
32 1 U 31
33 1 U 32
34 1 U 33
35 0 U 34
36 1 U -1
37 0 U 36
38 0 U 37
39 1 U 38
40 0 U 39
41 1 U 40
42 1 U 41
43 0 U 42
44 1 U 43
45 0 U -1
46 0 U 45
47 1 U 46
48 0 U 47
49 0 U 48
50 0 U 49
51 0 U 50
52 0 U 51
53 1 U 52
54 0 U -1
55 0 U 54
56 0 U 55
57 1 U 56
58 0 U 57
59 0 U 58
60 0 U 59
61 1 U 60
62 1 U 61
63 1 U -1
64 0 U 63
65 0 U 64
66 0 U 65
67 0 U 66
68 0 U 67
69 1 U 68
70 1 U 69
71 1 U 70
72 1 U -1
73 0 U 72
74 1 U 73
75 0 U 74
76 1 U 75
77 0 U 76
78 1 U 77
79 0 U 78
80 0 U 79
81 1 L 63
# score :21 1456457
# W : 661927 , H : 703711
82
0 1 U -1
1 1 U 0
2 1 U 1
3 0 U 2
4 1 U 3
5 1 U 4
6 1 U 5
7 0 U 6
8 1 U 7
9 0 U -1
10 0 U 9
11 1 U 10
12 1 U 11
13 1 U 12
14 1 U 13
15 1 U 14
16 1 U 15
17 0 U 16
18 0 U -1
19 1 U 18
20 1 U 19
21 1 U 20
22 0 U 21
23 1 U 22
24 0 U 23
25 0 U 24
26 1 U 25
27 0 U -1
28 1 U 27
29 0 U 28
30 1 U 29
31 1 U 30
32 1 U 31
33 0 U 32
34 0 U 33
35 1 U 34
36 1 U -1
37 1 U 36
38 0 U 37
39 0 U 38
40 1 U 39
41 0 U 40
42 1 U 41
43 0 U 42
44 1 U 43
45 0 U -1
46 0 U 45
47 0 U 46
48 0 U 47
49 1 U 48
50 0 U 49
51 0 U 50
52 0 U 51
53 1 U 52
54 0 U -1
55 1 U 54
56 0 U 55
57 0 U 56
58 0 U 57
59 0 U 58
60 0 U 59
61 1 U 60
62 1 U 61
63 1 U -1
64 0 U 63
65 0 U 64
66 0 U 65
67 0 U 66
68 1 U 67
69 0 U 68
70 0 U 69
71 0 U 70
72 0 U -1
73 0 U 72
74 1 U 73
75 0 U 74
76 1 U 75
77 1 U 76
78 0 U 77
79 0 U 78
80 0 U 79
81 0 L 63
# score :22 1489142
# W : 651259 , H : 669289
82
0 1 U -1
1 0 U 0
2 0 U 1
3 0 U 2
4 0 U 3
5 1 U 4
6 0 U 5
7 0 U 6
8 0 U 7
9 1 U -1
10 1 U 9
11 0 U 10
12 0 U 11
13 1 U 12
14 0 U 13
15 0 U 14
16 0 U 15
17 0 U 16
18 0 U -1
19 0 U 18
20 0 U 19
21 1 U 20
22 0 U 21
23 1 U 22
24 1 U 23
25 1 U 24
26 1 U 25
27 1 U -1
28 1 U 27
29 0 U 28
30 0 U 29
31 1 U 30
32 1 U 31
33 1 U 32
34 0 U 33
35 1 U 34
36 0 U -1
37 0 U 36
38 1 U 37
39 0 U 38
40 0 U 39
41 1 U 40
42 0 U 41
43 1 U 42
44 0 U 43
45 1 U -1
46 0 U 45
47 0 U 46
48 1 U 47
49 0 U 48
50 0 U 49
51 1 U 50
52 1 U 51
53 0 U 52
54 0 U -1
55 1 U 54
56 0 U 55
57 1 U 56
58 0 U 57
59 1 U 58
60 1 U 59
61 0 U 60
62 1 U 61
63 1 U -1
64 1 U 63
65 1 U 64
66 0 U 65
67 0 U 66
68 0 U 67
69 0 U 68
70 1 U 69
71 0 U 70
72 0 U -1
73 1 U 72
74 1 U 73
75 0 U 74
76 0 U 75
77 1 U 76
78 0 U 77
79 1 U 78
80 1 U 79
81 0 L 63
# score :23 1487783
# W : 622530 , H : 750111
82
0 1 U -1
1 0 U 0
2 0 U 1
3 0 U 2
4 1 U 3
5 1 U 4
6 1 U 5
7 1 U 6
8 0 U 7
9 0 U -1
10 0 U 9
11 0 U 10
12 1 U 11
13 0 U 12
14 1 U 13
15 0 U 14
16 1 U 15
17 0 U 16
18 0 U -1
19 1 U 18
20 0 U 19
21 1 U 20
22 1 U 21
23 1 U 22
24 1 U 23
25 0 U 24
26 1 U 25
27 0 U -1
28 0 U 27
29 1 U 28
30 1 U 29
31 1 U 30
32 1 U 31
33 1 U 32
34 1 U 33
35 0 U 34
36 0 U -1
37 1 U 36
38 0 U 37
39 1 U 38
40 0 U 39
41 0 U 40
42 1 U 41
43 0 U 42
44 1 U 43
45 0 U -1
46 1 U 45
47 1 U 46
48 1 U 47
49 0 U 48
50 0 U 49
51 1 U 50
52 1 U 51
53 1 U 52
54 0 U -1
55 1 U 54
56 0 U 55
57 1 U 56
58 1 U 57
59 1 U 58
60 1 U 59
61 1 U 60
62 1 U 61
63 1 U -1
64 1 U 63
65 1 U 64
66 0 U 65
67 1 U 66
68 1 U 67
69 0 U 68
70 1 U 69
71 0 U 70
72 0 U -1
73 1 U 72
74 0 U 73
75 0 U 74
76 0 U 75
77 1 U 76
78 0 U 77
79 1 U 78
80 1 U 79
81 1 U -1
# score :24 1476755
# W : 631836 , H : 754347
82
0 0 U -1
1 1 U 0
2 1 U 1
3 1 U 2
4 1 U 3
5 1 U 4
6 1 U 5
7 1 U 6
8 0 U 7
9 1 U -1
10 0 U 9
11 0 U 10
12 0 U 11
13 0 U 12
14 0 U 13
15 0 U 14
16 1 U 15
17 0 U 16
18 0 U -1
19 1 U 18
20 1 U 19
21 1 U 20
22 1 U 21
23 1 U 22
24 1 U 23
25 1 U 24
26 1 U 25
27 0 U -1
28 1 U 27
29 0 U 28
30 0 U 29
31 0 U 30
32 0 U 31
33 0 U 32
34 0 U 33
35 0 U 34
36 0 U -1
37 0 U 36
38 1 U 37
39 0 U 38
40 1 U 39
41 1 U 40
42 1 U 41
43 1 U 42
44 0 U 43
45 1 U -1
46 0 U 45
47 1 U 46
48 1 U 47
49 0 U 48
50 1 U 49
51 0 U 50
52 1 U 51
53 1 U 52
54 0 U -1
55 1 U 54
56 1 U 55
57 0 U 56
58 0 U 57
59 1 U 58
60 1 U 59
61 1 U 60
62 1 U 61
63 1 U -1
64 1 U 63
65 0 U 64
66 0 U 65
67 1 U 66
68 0 U 67
69 0 U 68
70 0 U 69
71 1 U 70
72 0 U -1
73 0 U 72
74 1 U 73
75 1 U 74
76 0 U 75
77 1 U 76
78 1 U 77
79 1 U 78
80 1 U 79
81 1 U -1
# score :25 1488409
# W : 631364 , H : 746729
82
0 1 U -1
1 0 U 0
2 1 U 1
3 0 U 2
4 1 U 3
5 1 U 4
6 0 U 5
7 1 U 6
8 0 U 7
9 0 U -1
10 0 U 9
11 1 U 10
12 1 U 11
13 1 U 12
14 0 U 13
15 0 U 14
16 0 U 15
17 0 U 16
18 1 U -1
19 0 U 18
20 0 U 19
21 0 U 20
22 0 U 21
23 1 U 22
24 0 U 23
25 0 U 24
26 0 U 25
27 1 U -1
28 0 U 27
29 1 U 28
30 0 U 29
31 0 U 30
32 1 U 31
33 1 U 32
34 0 U 33
35 1 U 34
36 0 U -1
37 1 U 36
38 0 U 37
39 0 U 38
40 1 U 39
41 0 U 40
42 1 U 41
43 0 U 42
44 1 U 43
45 0 U -1
46 1 U 45
47 1 U 46
48 1 U 47
49 0 U 48
50 0 U 49
51 0 U 50
52 0 U 51
53 0 U 52
54 1 U -1
55 0 U 54
56 0 U 55
57 1 U 56
58 0 U 57
59 1 U 58
60 0 U 59
61 1 U 60
62 0 U 61
63 0 U -1
64 1 U 63
65 0 U 64
66 1 U 65
67 1 U 66
68 1 U 67
69 1 U 68
70 0 U 69
71 1 U 70
72 1 U -1
73 1 U 72
74 1 U 73
75 1 U 74
76 1 U 75
77 1 U 76
78 1 U 77
79 0 U 78
80 0 U 79
81 0 L 72
# score :26 1461531
# W : 621732 , H : 749012
82
0 0 U -1
1 1 U 0
2 1 U 1
3 1 U 2
4 0 U 3
5 0 U 4
6 0 U 5
7 0 U 6
8 1 U 7
9 0 U -1
10 1 U 9
11 0 U 10
12 1 U 11
13 0 U 12
14 1 U 13
15 0 U 14
16 1 U 15
17 0 U 16
18 1 U -1
19 1 U 18
20 0 U 19
21 1 U 20
22 1 U 21
23 1 U 22
24 1 U 23
25 1 U 24
26 1 U 25
27 1 U -1
28 0 U 27
29 1 U 28
30 1 U 29
31 1 U 30
32 0 U 31
33 0 U 32
34 1 U 33
35 0 U 34
36 0 U -1
37 0 U 36
38 0 U 37
39 0 U 38
40 0 U 39
41 1 U 40
42 1 U 41
43 0 U 42
44 0 U 43
45 0 U -1
46 1 U 45
47 1 U 46
48 0 U 47
49 0 U 48
50 1 U 49
51 1 U 50
52 1 U 51
53 0 U 52
54 1 U -1
55 1 U 54
56 1 U 55
57 0 U 56
58 1 U 57
59 1 U 58
60 1 U 59
61 1 U 60
62 1 U 61
63 1 U -1
64 0 U 63
65 0 U 64
66 0 U 65
67 0 U 66
68 1 U 67
69 1 U 68
70 1 U 69
71 0 U 70
72 0 U -1
73 1 U 72
74 0 U 73
75 0 U 74
76 0 U 75
77 0 U 76
78 0 U 77
79 1 U 78
80 0 U 79
81 0 L 72
# score :27 1524549
# W : 639098 , H : 763967
82
0 1 U -1
1 1 U 0
2 0 U 1
3 1 U 2
4 1 U 3
5 1 U 4
6 1 U 5
7 1 U 6
8 0 U 7
9 0 U -1
10 0 U 9
11 0 U 10
12 0 U 11
13 1 U 12
14 0 U 13
15 0 U 14
16 1 U 15
17 1 U 16
18 0 U -1
19 0 U 18
20 0 U 19
21 1 U 20
22 1 U 21
23 1 U 22
24 0 U 23
25 1 U 24
26 1 U 25
27 1 U -1
28 0 U 27
29 1 U 28
30 1 U 29
31 0 U 30
32 0 U 31
33 1 U 32
34 0 U 33
35 1 U 34
36 0 U -1
37 0 U 36
38 0 U 37
39 0 U 38
40 0 U 39
41 1 U 40
42 0 U 41
43 1 U 42
44 1 U 43
45 1 U -1
46 1 U 45
47 0 U 46
48 0 U 47
49 1 U 48
50 1 U 49
51 0 U 50
52 1 U 51
53 1 U 52
54 0 U -1
55 1 U 54
56 0 U 55
57 1 U 56
58 0 U 57
59 1 U 58
60 1 U 59
61 1 U 60
62 0 U 61
63 0 U -1
64 1 U 63
65 1 U 64
66 1 U 65
67 0 U 66
68 0 U 67
69 0 U 68
70 0 U 69
71 0 U 70
72 1 U -1
73 0 U 72
74 0 U 73
75 0 U 74
76 1 U 75
77 0 U 76
78 1 U 77
79 1 U 78
80 1 U 79
81 0 L 63
# score :28 1499471
# W : 649494 , H : 739587
82
0 0 U -1
1 1 U 0
2 0 U 1
3 0 U 2
4 0 U 3
5 1 U 4
6 1 U 5
7 1 U 6
8 1 U 7
9 0 U -1
10 0 U 9
11 1 U 10
12 1 U 11
13 0 U 12
14 1 U 13
15 0 U 14
16 1 U 15
17 0 U 16
18 1 U -1
19 0 U 18
20 1 U 19
21 0 U 20
22 1 U 21
23 1 U 22
24 1 U 23
25 1 U 24
26 0 U 25
27 1 U -1
28 1 U 27
29 0 U 28
30 1 U 29
31 1 U 30
32 0 U 31
33 1 U 32
34 1 U 33
35 1 U 34
36 1 U -1
37 0 U 36
38 1 U 37
39 0 U 38
40 1 U 39
41 1 U 40
42 1 U 41
43 0 U 42
44 1 U 43
45 0 U -1
46 0 U 45
47 1 U 46
48 0 U 47
49 0 U 48
50 1 U 49
51 1 U 50
52 0 U 51
53 1 U 52
54 1 U -1
55 0 U 54
56 1 U 55
57 1 U 56
58 1 U 57
59 1 U 58
60 1 U 59
61 1 U 60
62 1 U 61
63 1 U -1
64 1 U 63
65 0 U 64
66 1 U 65
67 1 U 66
68 0 U 67
69 0 U 68
70 0 U 69
71 0 U 70
72 1 U -1
73 0 U 72
74 0 U 73
75 0 U 74
76 1 U 75
77 1 U 76
78 0 U 77
79 1 U 78
80 1 U 79
81 0 L 63
# score :29 1404545
# W : 654108 , H : 705306
82
0 0 U -1
1 1 U 0
2 0 U 1
3 1 U 2
4 0 U 3
5 1 U 4
6 0 U 5
7 0 U 6
8 1 U 7
9 0 U -1
10 0 U 9
11 0 U 10
12 0 U 11
13 1 U 12
14 0 U 13
15 0 U 14
16 0 U 15
17 0 U 16
18 0 U -1
19 0 U 18
20 0 U 19
21 1 U 20
22 1 U 21
23 1 U 22
24 1 U 23
25 1 U 24
26 0 U 25
27 0 U -1
28 1 U 27
29 0 U 28
30 0 U 29
31 0 U 30
32 1 U 31
33 0 U 32
34 0 U 33
35 0 U 34
36 0 U -1
37 1 U 36
38 0 U 37
39 0 U 38
40 0 U 39
41 1 U 40
42 0 U 41
43 1 U 42
44 1 U 43
45 0 U -1
46 1 U 45
47 0 U 46
48 0 U 47
49 0 U 48
50 0 U 49
51 1 U 50
52 0 U 51
53 0 U 52
54 1 U -1
55 1 U 54
56 1 U 55
57 1 U 56
58 0 U 57
59 1 U 58
60 0 U 59
61 0 U 60
62 1 U 61
63 0 U -1
64 1 U 63
65 0 U 64
66 0 U 65
67 1 U 66
68 1 U 67
69 1 U 68
70 1 U 69
71 0 U 70
72 0 U -1
73 1 U 72
74 1 U 73
75 1 U 74
76 0 U 75
77 1 U 76
78 1 U 77
79 0 U 78
80 0 U 79
81 1 L 63
# score :30 1461419
# W : 654486 , H : 754062
82
0 1 U -1
1 0 U 0
2 1 U 1
3 0 U 2
4 0 U 3
5 0 U 4
6 1 U 5
7 0 U 6
8 0 U 7
9 0 U -1
10 1 U 9
11 0 U 10
12 0 U 11
13 0 U 12
14 0 U 13
15 0 U 14
16 1 U 15
17 1 U 16
18 1 U -1
19 1 U 18
20 0 U 19
21 0 U 20
22 1 U 21
23 1 U 22
24 0 U 23
25 1 U 24
26 1 U 25
27 0 U -1
28 0 U 27
29 0 U 28
30 0 U 29
31 0 U 30
32 1 U 31
33 1 U 32
34 1 U 33
35 0 U 34
36 0 U -1
37 1 U 36
38 0 U 37
39 1 U 38
40 0 U 39
41 0 U 40
42 0 U 41
43 1 U 42
44 1 U 43
45 1 U -1
46 0 U 45
47 0 U 46
48 1 U 47
49 1 U 48
50 1 U 49
51 0 U 50
52 0 U 51
53 0 U 52
54 0 U -1
55 0 U 54
56 0 U 55
57 0 U 56
58 1 U 57
59 0 U 58
60 0 U 59
61 0 U 60
62 0 U 61
63 0 U -1
64 1 U 63
65 1 U 64
66 0 U 65
67 1 U 66
68 0 U 67
69 0 U 68
70 0 U 69
71 1 U 70
72 1 U -1
73 1 U 72
74 0 U 73
75 0 U 74
76 1 U 75
77 1 U 76
78 1 U 77
79 0 U 78
80 1 U 79
81 0 L 63
# score :31 1503827
# W : 631461 , H : 765067
82
0 1 U -1
1 1 U 0
2 0 U 1
3 1 U 2
4 0 U 3
5 1 U 4
6 1 U 5
7 1 U 6
8 1 U 7
9 0 U -1
10 1 U 9
11 1 U 10
12 0 U 11
13 1 U 12
14 0 U 13
15 1 U 14
16 0 U 15
17 1 U 16
18 1 U -1
19 1 U 18
20 1 U 19
21 0 U 20
22 1 U 21
23 1 U 22
24 1 U 23
25 0 U 24
26 0 U 25
27 1 U -1
28 1 U 27
29 1 U 28
30 1 U 29
31 0 U 30
32 0 U 31
33 0 U 32
34 0 U 33
35 1 U 34
36 0 U -1
37 1 U 36
38 0 U 37
39 0 U 38
40 1 U 39
41 1 U 40
42 0 U 41
43 0 U 42
44 0 U 43
45 1 U -1
46 0 U 45
47 0 U 46
48 0 U 47
49 0 U 48
50 0 U 49
51 0 U 50
52 1 U 51
53 0 U 52
54 0 U -1
55 0 U 54
56 1 U 55
57 0 U 56
58 0 U 57
59 0 U 58
60 1 U 59
61 1 U 60
62 1 U 61
63 0 U -1
64 1 U 63
65 0 U 64
66 1 U 65
67 1 U 66
68 0 U 67
69 1 U 68
70 0 U 69
71 1 U 70
72 0 U -1
73 0 U 72
74 1 U 73
75 0 U 74
76 1 U 75
77 0 U 76
78 0 U 77
79 1 U 78
80 1 U 79
81 0 U -1
# score :32 1550991
# W : 668201 , H : 699895
82
0 1 U -1
1 1 U 0
2 1 U 1
3 0 U 2
4 1 U 3
5 0 U 4
6 0 U 5
7 0 U 6
8 0 U 7
9 1 U -1
10 0 U 9
11 1 U 10
12 1 U 11
13 1 U 12
14 1 U 13
15 0 U 14
16 1 U 15
17 1 U 16
18 1 U -1
19 0 U 18
20 0 U 19
21 1 U 20
22 1 U 21
23 1 U 22
24 1 U 23
25 1 U 24
26 1 U 25
27 1 U -1
28 0 U 27
29 0 U 28
30 0 U 29
31 0 U 30
32 1 U 31
33 1 U 32
34 0 U 33
35 0 U 34
36 1 U -1
37 1 U 36
38 0 U 37
39 0 U 38
40 0 U 39
41 1 U 40
42 1 U 41
43 0 U 42
44 0 U 43
45 1 U -1
46 1 U 45
47 0 U 46
48 0 U 47
49 1 U 48
50 1 U 49
51 1 U 50
52 1 U 51
53 1 U 52
54 0 U -1
55 0 U 54
56 1 U 55
57 1 U 56
58 1 U 57
59 0 U 58
60 1 U 59
61 0 U 60
62 1 U 61
63 0 U -1
64 0 U 63
65 1 U 64
66 0 U 65
67 1 U 66
68 1 U 67
69 1 U 68
70 0 U 69
71 0 U 70
72 1 U -1
73 1 U 72
74 0 U 73
75 0 U 74
76 1 U 75
77 1 U 76
78 1 U 77
79 1 U 78
80 1 U 79
81 1 U -1
# score :33 1549106
# W : 670975 , H : 751309
82
0 1 U -1
1 0 U 0
2 0 U 1
3 1 U 2
4 1 U 3
5 0 U 4
6 0 U 5
7 1 U 6
8 1 U 7
9 1 U -1
10 0 U 9
11 0 U 10
12 1 U 11
13 1 U 12
14 0 U 13
15 1 U 14
16 0 U 15
17 1 U 16
18 0 U -1
19 0 U 18
20 0 U 19
21 0 U 20
22 0 U 21
23 0 U 22
24 1 U 23
25 0 U 24
26 0 U 25
27 1 U -1
28 1 U 27
29 1 U 28
30 0 U 29
31 0 U 30
32 1 U 31
33 0 U 32
34 1 U 33
35 0 U 34
36 1 U -1
37 0 U 36
38 1 U 37
39 0 U 38
40 1 U 39
41 1 U 40
42 1 U 41
43 1 U 42
44 0 U 43
45 1 U -1
46 0 U 45
47 0 U 46
48 1 U 47
49 1 U 48
50 0 U 49
51 1 U 50
52 1 U 51
53 0 U 52
54 0 U -1
55 0 U 54
56 1 U 55
57 0 U 56
58 1 U 57
59 0 U 58
60 1 U 59
61 1 U 60
62 0 U 61
63 1 U -1
64 0 U 63
65 1 U 64
66 0 U 65
67 0 U 66
68 0 U 67
69 0 U 68
70 0 U 69
71 1 U 70
72 0 U -1
73 1 U 72
74 0 U 73
75 1 U 74
76 0 U 75
77 0 U 76
78 0 U 77
79 1 U 78
80 0 U 79
81 0 L 72
# score :34 1517731
# W : 648607 , H : 752060
82
0 1 U -1
1 1 U 0
2 1 U 1
3 0 U 2
4 0 U 3
5 1 U 4
6 1 U 5
7 1 U 6
8 1 U 7
9 1 U -1
10 1 U 9
11 1 U 10
12 1 U 11
13 1 U 12
14 0 U 13
15 0 U 14
16 1 U 15
17 1 U 16
18 0 U -1
19 0 U 18
20 0 U 19
21 1 U 20
22 0 U 21
23 1 U 22
24 1 U 23
25 1 U 24
26 0 U 25
27 1 U -1
28 1 U 27
29 0 U 28
30 1 U 29
31 1 U 30
32 0 U 31
33 0 U 32
34 1 U 33
35 1 U 34
36 0 U -1
37 0 U 36
38 0 U 37
39 0 U 38
40 0 U 39
41 1 U 40
42 1 U 41
43 0 U 42
44 1 U 43
45 1 U -1
46 1 U 45
47 1 U 46
48 1 U 47
49 0 U 48
50 0 U 49
51 1 U 50
52 0 U 51
53 1 U 52
54 0 U -1
55 1 U 54
56 1 U 55
57 0 U 56
58 1 U 57
59 1 U 58
60 1 U 59
61 1 U 60
62 0 U 61
63 0 U -1
64 1 U 63
65 0 U 64
66 0 U 65
67 0 U 66
68 0 U 67
69 0 U 68
70 0 U 69
71 1 U 70
72 0 U -1
73 1 U 72
74 1 U 73
75 1 U 74
76 1 U 75
77 1 U 76
78 1 U 77
79 1 U 78
80 1 U 79
81 0 L 72
# score :35 1511967
# W : 615448 , H : 719952
82
0 1 U -1
1 1 U 0
2 0 U 1
3 1 U 2
4 1 U 3
5 0 U 4
6 0 U 5
7 0 U 6
8 1 U 7
9 0 U -1
10 1 U 9
11 1 U 10
12 0 U 11
13 0 U 12
14 0 U 13
15 0 U 14
16 0 U 15
17 0 U 16
18 1 U -1
19 0 U 18
20 1 U 19
21 1 U 20
22 1 U 21
23 1 U 22
24 1 U 23
25 1 U 24
26 1 U 25
27 0 U -1
28 0 U 27
29 0 U 28
30 1 U 29
31 0 U 30
32 0 U 31
33 1 U 32
34 1 U 33
35 0 U 34
36 0 U -1
37 0 U 36
38 1 U 37
39 0 U 38
40 1 U 39
41 0 U 40
42 1 U 41
43 1 U 42
44 1 U 43
45 1 U -1
46 1 U 45
47 1 U 46
48 1 U 47
49 0 U 48
50 1 U 49
51 1 U 50
52 0 U 51
53 1 U 52
54 0 U -1
55 0 U 54
56 1 U 55
57 1 U 56
58 1 U 57
59 0 U 58
60 0 U 59
61 0 U 60
62 0 U 61
63 1 U -1
64 1 U 63
65 1 U 64
66 0 U 65
67 1 U 66
68 1 U 67
69 0 U 68
70 1 U 69
71 0 U 70
72 0 U -1
73 1 U 72
74 1 U 73
75 1 U 74
76 0 U 75
77 0 U 76
78 0 U 77
79 0 U 78
80 1 U 79
81 1 L 63
# score :36 1440978
# W : 653459 , H : 722758
82
0 1 U -1
1 1 U 0
2 1 U 1
3 0 U 2
4 1 U 3
5 0 U 4
6 1 U 5
7 1 U 6
8 1 U 7
9 1 U -1
10 0 U 9
11 1 U 10
12 1 U 11
13 1 U 12
14 1 U 13
15 1 U 14
16 0 U 15
17 0 U 16
18 0 U -1
19 0 U 18
20 1 U 19
21 0 U 20
22 1 U 21
23 1 U 22
24 0 U 23
25 1 U 24
26 0 U 25
27 0 U -1
28 1 U 27
29 1 U 28
30 1 U 29
31 0 U 30
32 1 U 31
33 1 U 32
34 1 U 33
35 0 U 34
36 0 U -1
37 0 U 36
38 0 U 37
39 1 U 38
40 1 U 39
41 1 U 40
42 1 U 41
43 0 U 42
44 1 U 43
45 0 U -1
46 0 U 45
47 0 U 46
48 1 U 47
49 1 U 48
50 1 U 49
51 0 U 50
52 1 U 51
53 0 U 52
54 0 U -1
55 0 U 54
56 0 U 55
57 0 U 56
58 1 U 57
59 1 U 58
60 1 U 59
61 1 U 60
62 1 U 61
63 0 U -1
64 0 U 63
65 0 U 64
66 0 U 65
67 1 U 66
68 1 U 67
69 1 U 68
70 0 U 69
71 0 U 70
72 0 U -1
73 0 U 72
74 1 U 73
75 1 U 74
76 1 U 75
77 0 U 76
78 1 U 77
79 0 U 78
80 0 U 79
81 1 L 63
# score :37 1423906
# W : 666425 , H : 672133
82
0 0 U -1
1 0 U 0
2 1 U 1
3 0 U 2
4 0 U 3
5 0 U 4
6 1 U 5
7 0 U 6
8 1 U 7
9 1 U -1
10 0 U 9
11 1 U 10
12 1 U 11
13 1 U 12
14 0 U 13
15 1 U 14
16 1 U 15
17 0 U 16
18 0 U -1
19 0 U 18
20 0 U 19
21 1 U 20
22 1 U 21
23 1 U 22
24 1 U 23
25 0 U 24
26 1 U 25
27 0 U -1
28 0 U 27
29 1 U 28
30 0 U 29
31 1 U 30
32 0 U 31
33 0 U 32
34 0 U 33
35 0 U 34
36 0 U -1
37 1 U 36
38 0 U 37
39 1 U 38
40 0 U 39
41 1 U 40
42 1 U 41
43 0 U 42
44 0 U 43
45 0 U -1
46 0 U 45
47 0 U 46
48 0 U 47
49 0 U 48
50 0 U 49
51 1 U 50
52 0 U 51
53 0 U 52
54 0 U -1
55 1 U 54
56 1 U 55
57 0 U 56
58 1 U 57
59 1 U 58
60 0 U 59
61 0 U 60
62 0 U 61
63 1 U -1
64 1 U 63
65 1 U 64
66 0 U 65
67 1 U 66
68 1 U 67
69 0 U 68
70 1 U 69
71 1 U 70
72 1 U -1
73 0 U 72
74 0 U 73
75 0 U 74
76 0 U 75
77 1 U 76
78 1 U 77
79 0 U 78
80 0 U 79
81 1 L 63
# score :38 1400967
# W : 644319 , H : 690669
82
0 0 U -1
1 0 U 0
2 0 U 1
3 0 U 2
4 0 U 3
5 0 U 4
6 1 U 5
7 1 U 6
8 0 U 7
9 1 U -1
10 0 U 9
11 1 U 10
12 1 U 11
13 0 U 12
14 1 U 13
15 0 U 14
16 0 U 15
17 1 U 16
18 0 U -1
19 0 U 18
20 1 U 19
21 1 U 20
22 1 U 21
23 1 U 22
24 1 U 23
25 0 U 24
26 1 U 25
27 1 U -1
28 1 U 27
29 1 U 28
30 1 U 29
31 1 U 30
32 0 U 31
33 0 U 32
34 0 U 33
35 0 U 34
36 1 U -1
37 1 U 36
38 1 U 37
39 1 U 38
40 0 U 39
41 1 U 40
42 0 U 41
43 1 U 42
44 0 U 43
45 1 U -1
46 1 U 45
47 1 U 46
48 0 U 47
49 0 U 48
50 1 U 49
51 0 U 50
52 0 U 51
53 1 U 52
54 0 U -1
55 0 U 54
56 0 U 55
57 1 U 56
58 0 U 57
59 0 U 58
60 0 U 59
61 1 U 60
62 1 U 61
63 0 U -1
64 0 U 63
65 0 U 64
66 1 U 65
67 0 U 66
68 0 U 67
69 1 U 68
70 1 U 69
71 1 U 70
72 0 U -1
73 0 U 72
74 0 U 73
75 1 U 74
76 1 U 75
77 0 U 76
78 1 U 77
79 0 U 78
80 1 U 79
81 0 L 63
# score :39 1504932
# W : 687948 , H : 722209
82
0 0 U -1
1 1 U 0
2 1 U 1
3 0 U 2
4 1 U 3
5 1 U 4
6 1 U 5
7 0 U 6
8 0 U 7
9 0 U -1
10 1 U 9
11 0 U 10
12 0 U 11
13 1 U 12
14 1 U 13
15 1 U 14
16 0 U 15
17 0 U 16
18 1 U -1
19 0 U 18
20 1 U 19
21 0 U 20
22 1 U 21
23 1 U 22
24 1 U 23
25 1 U 24
26 1 U 25
27 0 U -1
28 0 U 27
29 0 U 28
30 1 U 29
31 0 U 30
32 0 U 31
33 1 U 32
34 1 U 33
35 1 U 34
36 0 U -1
37 1 U 36
38 0 U 37
39 0 U 38
40 1 U 39
41 0 U 40
42 0 U 41
43 0 U 42
44 0 U 43
45 1 U -1
46 0 U 45
47 0 U 46
48 0 U 47
49 1 U 48
50 1 U 49
51 0 U 50
52 1 U 51
53 1 U 52
54 0 U -1
55 1 U 54
56 1 U 55
57 0 U 56
58 0 U 57
59 1 U 58
60 0 U 59
61 0 U 60
62 1 U 61
63 0 U -1
64 1 U 63
65 1 U 64
66 0 U 65
67 0 U 66
68 0 U 67
69 0 U 68
70 0 U 69
71 1 U 70
72 1 U -1
73 0 U 72
74 0 U 73
75 0 U 74
76 0 U 75
77 1 U 76
78 1 U 77
79 0 U 78
80 1 U 79
81 1 U -1
# score :40 1502572
# W : 649755 , H : 696026
82
0 0 U -1
1 1 U 0
2 1 U 1
3 0 U 2
4 0 U 3
5 1 U 4
6 1 U 5
7 1 U 6
8 1 U 7
9 1 U -1
10 0 U 9
11 1 U 10
12 1 U 11
13 0 U 12
14 1 U 13
15 1 U 14
16 1 U 15
17 1 U 16
18 0 U -1
19 0 U 18
20 1 U 19
21 1 U 20
22 1 U 21
23 0 U 22
24 1 U 23
25 1 U 24
26 0 U 25
27 0 U -1
28 1 U 27
29 1 U 28
30 1 U 29
31 1 U 30
32 0 U 31
33 0 U 32
34 0 U 33
35 1 U 34
36 1 U -1
37 0 U 36
38 0 U 37
39 0 U 38
40 0 U 39
41 0 U 40
42 0 U 41
43 1 U 42
44 1 U 43
45 0 U -1
46 1 U 45
47 1 U 46
48 1 U 47
49 1 U 48
50 1 U 49
51 1 U 50
52 0 U 51
53 1 U 52
54 0 U -1
55 0 U 54
56 0 U 55
57 1 U 56
58 1 U 57
59 0 U 58
60 0 U 59
61 0 U 60
62 0 U 61
63 1 U -1
64 0 U 63
65 0 U 64
66 1 U 65
67 0 U 66
68 0 U 67
69 0 U 68
70 1 U 69
71 0 U 70
72 1 U -1
73 1 U 72
74 1 U 73
75 0 U 74
76 1 U 75
77 1 U 76
78 1 U 77
79 1 U 78
80 1 U 79
81 1 U -1
# score :41 1504727
# W : 629526 , H : 757454
82
0 0 U -1
1 0 U 0
2 1 U 1
3 1 U 2
4 1 U 3
5 0 U 4
6 1 U 5
7 1 U 6
8 0 U 7
9 0 U -1
10 0 U 9
11 1 U 10
12 0 U 11
13 0 U 12
14 0 U 13
15 1 U 14
16 1 U 15
17 0 U 16
18 1 U -1
19 1 U 18
20 0 U 19
21 1 U 20
22 0 U 21
23 1 U 22
24 0 U 23
25 0 U 24
26 1 U 25
27 0 U -1
28 1 U 27
29 1 U 28
30 0 U 29
31 1 U 30
32 0 U 31
33 1 U 32
34 1 U 33
35 1 U 34
36 0 U -1
37 1 U 36
38 1 U 37
39 1 U 38
40 1 U 39
41 0 U 40
42 1 U 41
43 1 U 42
44 1 U 43
45 0 U -1
46 1 U 45
47 0 U 46
48 0 U 47
49 1 U 48
50 1 U 49
51 0 U 50
52 0 U 51
53 1 U 52
54 0 U -1
55 1 U 54
56 1 U 55
57 1 U 56
58 0 U 57
59 1 U 58
60 0 U 59
61 1 U 60
62 1 U 61
63 1 U -1
64 0 U 63
65 1 U 64
66 1 U 65
67 1 U 66
68 0 U 67
69 1 U 68
70 0 U 69
71 0 U 70
72 0 U -1
73 0 U 72
74 0 U 73
75 1 U 74
76 0 U 75
77 0 U 76
78 0 U 77
79 0 U 78
80 1 U 79
81 0 L 72
# score :42 1462890
# W : 640200 , H : 724046
82
0 0 U -1
1 1 U 0
2 1 U 1
3 0 U 2
4 0 U 3
5 0 U 4
6 1 U 5
7 0 U 6
8 0 U 7
9 0 U -1
10 0 U 9
11 0 U 10
12 1 U 11
13 0 U 12
14 1 U 13
15 0 U 14
16 1 U 15
17 1 U 16
18 0 U -1
19 1 U 18
20 1 U 19
21 1 U 20
22 1 U 21
23 1 U 22
24 0 U 23
25 0 U 24
26 1 U 25
27 0 U -1
28 0 U 27
29 1 U 28
30 1 U 29
31 0 U 30
32 0 U 31
33 0 U 32
34 0 U 33
35 0 U 34
36 1 U -1
37 0 U 36
38 1 U 37
39 0 U 38
40 0 U 39
41 0 U 40
42 0 U 41
43 1 U 42
44 1 U 43
45 0 U -1
46 0 U 45
47 0 U 46
48 0 U 47
49 0 U 48
50 1 U 49
51 1 U 50
52 1 U 51
53 0 U 52
54 1 U -1
55 1 U 54
56 0 U 55
57 1 U 56
58 1 U 57
59 0 U 58
60 0 U 59
61 1 U 60
62 1 U 61
63 0 U -1
64 0 U 63
65 1 U 64
66 0 U 65
67 0 U 66
68 1 U 67
69 1 U 68
70 1 U 69
71 1 U 70
72 1 U -1
73 0 U 72
74 1 U 73
75 0 U 74
76 1 U 75
77 0 U 76
78 0 U 77
79 0 U 78
80 1 U 79
81 1 L 72
# score :43 1461467
# W : 627890 , H : 711731
82
0 0 U -1
1 0 U 0
2 1 U 1
3 1 U 2
4 1 U 3
5 0 U 4
6 1 U 5
7 0 U 6
8 1 U 7
9 1 U -1
10 0 U 9
11 1 U 10
12 1 U 11
13 0 U 12
14 0 U 13
15 1 U 14
16 1 U 15
17 0 U 16
18 1 U -1
19 1 U 18
20 1 U 19
21 0 U 20
22 1 U 21
23 0 U 22
24 0 U 23
25 0 U 24
26 1 U 25
27 1 U -1
28 0 U 27
29 0 U 28
30 0 U 29
31 0 U 30
32 0 U 31
33 1 U 32
34 0 U 33
35 0 U 34
36 1 U -1
37 1 U 36
38 1 U 37
39 0 U 38
40 1 U 39
41 0 U 40
42 1 U 41
43 1 U 42
44 1 U 43
45 1 U -1
46 0 U 45
47 0 U 46
48 0 U 47
49 1 U 48
50 1 U 49
51 0 U 50
52 0 U 51
53 1 U 52
54 0 U -1
55 0 U 54
56 1 U 55
57 1 U 56
58 0 U 57
59 0 U 58
60 0 U 59
61 1 U 60
62 0 U 61
63 1 U -1
64 0 U 63
65 0 U 64
66 1 U 65
67 1 U 66
68 1 U 67
69 1 U 68
70 0 U 69
71 0 U 70
72 1 U -1
73 0 U 72
74 1 U 73
75 0 U 74
76 1 U 75
77 1 U 76
78 0 U 77
79 1 U 78
80 1 U 79
81 1 L 63
# score :44 1448573
# W : 673433 , H : 694973
82
0 1 U -1
1 1 U 0
2 0 U 1
3 1 U 2
4 1 U 3
5 0 U 4
6 0 U 5
7 1 U 6
8 0 U 7
9 0 U -1
10 1 U 9
11 0 U 10
12 1 U 11
13 0 U 12
14 0 U 13
15 1 U 14
16 0 U 15
17 1 U 16
18 0 U -1
19 1 U 18
20 0 U 19
21 0 U 20
22 1 U 21
23 1 U 22
24 1 U 23
25 1 U 24
26 0 U 25
27 0 U -1
28 0 U 27
29 0 U 28
30 1 U 29
31 0 U 30
32 1 U 31
33 1 U 32
34 1 U 33
35 0 U 34
36 1 U -1
37 0 U 36
38 1 U 37
39 0 U 38
40 1 U 39
41 0 U 40
42 0 U 41
43 0 U 42
44 1 U 43
45 1 U -1
46 1 U 45
47 1 U 46
48 0 U 47
49 0 U 48
50 1 U 49
51 1 U 50
52 0 U 51
53 1 U 52
54 0 U -1
55 0 U 54
56 1 U 55
57 1 U 56
58 0 U 57
59 0 U 58
60 1 U 59
61 1 U 60
62 1 U 61
63 1 U -1
64 1 U 63
65 0 U 64
66 0 U 65
67 0 U 66
68 1 U 67
69 1 U 68
70 1 U 69
71 0 U 70
72 0 U -1
73 1 U 72
74 1 U 73
75 0 U 74
76 1 U 75
77 1 U 76
78 1 U 77
79 0 U 78
80 0 U 79
81 1 L 63
# score :45 1506271
# W : 689986 , H : 733231
82
0 1 U -1
1 1 U 0
2 0 U 1
3 0 U 2
4 0 U 3
5 1 U 4
6 0 U 5
7 0 U 6
8 1 U 7
9 0 U -1
10 0 U 9
11 1 U 10
12 1 U 11
13 1 U 12
14 1 U 13
15 0 U 14
16 0 U 15
17 1 U 16
18 0 U -1
19 1 U 18
20 1 U 19
21 1 U 20
22 0 U 21
23 0 U 22
24 1 U 23
25 0 U 24
26 1 U 25
27 1 U -1
28 1 U 27
29 0 U 28
30 0 U 29
31 1 U 30
32 0 U 31
33 0 U 32
34 1 U 33
35 1 U 34
36 0 U -1
37 1 U 36
38 0 U 37
39 1 U 38
40 1 U 39
41 0 U 40
42 0 U 41
43 1 U 42
44 1 U 43
45 1 U -1
46 0 U 45
47 1 U 46
48 0 U 47
49 0 U 48
50 1 U 49
51 0 U 50
52 1 U 51
53 0 U 52
54 1 U -1
55 0 U 54
56 1 U 55
57 1 U 56
58 1 U 57
59 1 U 58
60 0 U 59
61 1 U 60
62 1 U 61
63 0 U -1
64 1 U 63
65 1 U 64
66 1 U 65
67 1 U 66
68 1 U 67
69 1 U 68
70 1 U 69
71 1 U 70
72 1 U -1
73 1 U 72
74 1 U 73
75 1 U 74
76 1 U 75
77 1 U 76
78 1 U 77
79 0 U 78
80 0 U 79
81 1 L 63
# score :46 1405382
# W : 657785 , H : 724889
82
0 1 U -1
1 0 U 0
2 0 U 1
3 0 U 2
4 1 U 3
5 1 U 4
6 0 U 5
7 1 U 6
8 0 U 7
9 0 U -1
10 1 U 9
11 0 U 10
12 0 U 11
13 0 U 12
14 0 U 13
15 1 U 14
16 1 U 15
17 0 U 16
18 1 U -1
19 0 U 18
20 1 U 19
21 0 U 20
22 0 U 21
23 0 U 22
24 0 U 23
25 0 U 24
26 1 U 25
27 0 U -1
28 1 U 27
29 0 U 28
30 1 U 29
31 0 U 30
32 0 U 31
33 1 U 32
34 1 U 33
35 1 U 34
36 0 U -1
37 1 U 36
38 0 U 37
39 0 U 38
40 0 U 39
41 0 U 40
42 1 U 41
43 0 U 42
44 0 U 43
45 0 U -1
46 1 U 45
47 1 U 46
48 0 U 47
49 0 U 48
50 1 U 49
51 0 U 50
52 1 U 51
53 1 U 52
54 0 U -1
55 0 U 54
56 0 U 55
57 1 U 56
58 0 U 57
59 1 U 58
60 0 U 59
61 0 U 60
62 0 U 61
63 0 U -1
64 0 U 63
65 0 U 64
66 1 U 65
67 0 U 66
68 1 U 67
69 0 U 68
70 1 U 69
71 0 U 70
72 1 U -1
73 1 U 72
74 0 U 73
75 1 U 74
76 1 U 75
77 1 U 76
78 0 U 77
79 0 U 78
80 1 U 79
81 0 L 63
# score :47 1411282
# W : 637470 , H : 746260
82
0 1 U -1
1 1 U 0
2 1 U 1
3 1 U 2
4 1 U 3
5 1 U 4
6 1 U 5
7 1 U 6
8 0 U 7
9 0 U -1
10 1 U 9
11 0 U 10
12 1 U 11
13 1 U 12
14 0 U 13
15 0 U 14
16 0 U 15
17 1 U 16
18 0 U -1
19 0 U 18
20 0 U 19
21 1 U 20
22 1 U 21
23 1 U 22
24 1 U 23
25 0 U 24
26 1 U 25
27 0 U -1
28 1 U 27
29 1 U 28
30 1 U 29
31 1 U 30
32 1 U 31
33 0 U 32
34 1 U 33
35 1 U 34
36 0 U -1
37 0 U 36
38 1 U 37
39 0 U 38
40 0 U 39
41 0 U 40
42 0 U 41
43 0 U 42
44 1 U 43
45 0 U -1
46 1 U 45
47 0 U 46
48 1 U 47
49 0 U 48
50 0 U 49
51 0 U 50
52 0 U 51
53 1 U 52
54 0 U -1
55 1 U 54
56 1 U 55
57 1 U 56
58 1 U 57
59 1 U 58
60 1 U 59
61 0 U 60
62 1 U 61
63 1 U -1
64 0 U 63
65 1 U 64
66 0 U 65
67 0 U 66
68 1 U 67
69 1 U 68
70 1 U 69
71 0 U 70
72 0 U -1
73 1 U 72
74 0 U 73
75 0 U 74
76 0 U 75
77 0 U 76
78 0 U 77
79 1 U 78
80 1 U 79
81 0 U -1
# score :48 1547382
# W : 678480 , H : 730176
82
0 1 U -1
1 0 U 0
2 0 U 1
3 1 U 2
4 1 U 3
5 1 U 4
6 1 U 5
7 1 U 6
8 1 U 7
9 0 U -1
10 1 U 9
11 1 U 10
12 1 U 11
13 1 U 12
14 0 U 13
15 1 U 14
16 0 U 15
17 1 U 16
18 1 U -1
19 1 U 18
20 0 U 19
21 0 U 20
22 0 U 21
23 1 U 22
24 1 U 23
25 0 U 24
26 1 U 25
27 1 U -1
28 0 U 27
29 1 U 28
30 0 U 29
31 0 U 30
32 1 U 31
33 1 U 32
34 0 U 33
35 0 U 34
36 0 U -1
37 1 U 36
38 0 U 37
39 1 U 38
40 1 U 39
41 0 U 40
42 1 U 41
43 1 U 42
44 0 U 43
45 1 U -1
46 0 U 45
47 1 U 46
48 1 U 47
49 1 U 48
50 1 U 49
51 1 U 50
52 1 U 51
53 0 U 52
54 0 U -1
55 0 U 54
56 1 U 55
57 1 U 56
58 0 U 57
59 1 U 58
60 0 U 59
61 1 U 60
62 1 U 61
63 0 U -1
64 1 U 63
65 1 U 64
66 1 U 65
67 0 U 66
68 0 U 67
69 1 U 68
70 0 U 69
71 0 U 70
72 0 U -1
73 1 U 72
74 0 U 73
75 0 U 74
76 0 U 75
77 0 U 76
78 1 U 77
79 1 U 78
80 1 U 79
81 1 U -1
# score :49 1478079
# W : 652994 , H : 720932
82
0 0 U -1
1 0 U 0
2 1 U 1
3 1 U 2
4 1 U 3
5 0 U 4
6 0 U 5
7 1 U 6
8 0 U 7
9 1 U -1
10 1 U 9
11 1 U 10
12 0 U 11
13 1 U 12
14 0 U 13
15 0 U 14
16 1 U 15
17 0 U 16
18 1 U -1
19 1 U 18
20 0 U 19
21 0 U 20
22 1 U 21
23 0 U 22
24 0 U 23
25 0 U 24
26 1 U 25
27 1 U -1
28 1 U 27
29 1 U 28
30 0 U 29
31 0 U 30
32 0 U 31
33 0 U 32
34 0 U 33
35 0 U 34
36 1 U -1
37 0 U 36
38 0 U 37
39 0 U 38
40 0 U 39
41 1 U 40
42 1 U 41
43 1 U 42
44 1 U 43
45 1 U -1
46 0 U 45
47 0 U 46
48 0 U 47
49 1 U 48
50 0 U 49
51 0 U 50
52 0 U 51
53 1 U 52
54 0 U -1
55 0 U 54
56 0 U 55
57 0 U 56
58 0 U 57
59 0 U 58
60 1 U 59
61 0 U 60
62 0 U 61
63 0 U -1
64 0 U 63
65 0 U 64
66 1 U 65
67 1 U 66
68 0 U 67
69 1 U 68
70 1 U 69
71 0 U 70
72 1 U -1
73 1 U 72
74 1 U 73
75 0 U 74
76 0 U 75
77 0 U 76
78 0 U 77
79 0 U 78
80 1 U 79
81 1 L 72
# score :50 1481411
# W : 698241 , H : 737535
82
0 1 U -1
1 0 U 0
2 0 U 1
3 1 U 2
4 0 U 3
5 1 U 4
6 1 U 5
7 1 U 6
8 1 U 7
9 1 U -1
10 1 U 9
11 1 U 10
12 0 U 11
13 1 U 12
14 1 U 13
15 1 U 14
16 1 U 15
17 0 U 16
18 0 U -1
19 1 U 18
20 0 U 19
21 1 U 20
22 1 U 21
23 1 U 22
24 1 U 23
25 1 U 24
26 1 U 25
27 1 U -1
28 0 U 27
29 0 U 28
30 1 U 29
31 1 U 30
32 1 U 31
33 0 U 32
34 1 U 33
35 1 U 34
36 1 U -1
37 0 U 36
38 0 U 37
39 1 U 38
40 0 U 39
41 1 U 40
42 1 U 41
43 0 U 42
44 0 U 43
45 1 U -1
46 0 U 45
47 1 U 46
48 1 U 47
49 0 U 48
50 1 U 49
51 1 U 50
52 0 U 51
53 1 U 52
54 1 U -1
55 0 U 54
56 0 U 55
57 0 U 56
58 0 U 57
59 0 U 58
60 0 U 59
61 0 U 60
62 1 U 61
63 1 U -1
64 1 U 63
65 0 U 64
66 1 U 65
67 0 U 66
68 1 U 67
69 0 U 68
70 1 U 69
71 1 U 70
72 1 U -1
73 1 U 72
74 0 U 73
75 0 U 74
76 1 U 75
77 0 U 76
78 0 U 77
79 0 U 78
80 0 U 79
81 0 L 72
# score :51 1508359
# W : 645681 , H : 732780
82
0 0 U -1
1 1 U 0
2 0 U 1
3 0 U 2
4 1 U 3
5 0 U 4
6 0 U 5
7 1 U 6
8 1 U 7
9 1 U -1
10 0 U 9
11 0 U 10
12 1 U 11
13 0 U 12
14 1 U 13
15 0 U 14
16 0 U 15
17 0 U 16
18 1 U -1
19 1 U 18
20 1 U 19
21 0 U 20
22 1 U 21
23 1 U 22
24 1 U 23
25 0 U 24
26 0 U 25
27 1 U -1
28 1 U 27
29 0 U 28
30 1 U 29
31 0 U 30
32 1 U 31
33 0 U 32
34 0 U 33
35 1 U 34
36 1 U -1
37 1 U 36
38 1 U 37
39 1 U 38
40 0 U 39
41 0 U 40
42 1 U 41
43 1 U 42
44 0 U 43
45 1 U -1
46 1 U 45
47 0 U 46
48 1 U 47
49 0 U 48
50 1 U 49
51 0 U 50
52 0 U 51
53 1 U 52
54 1 U -1
55 0 U 54
56 0 U 55
57 0 U 56
58 1 U 57
59 1 U 58
60 0 U 59
61 0 U 60
62 0 U 61
63 0 U -1
64 1 U 63
65 0 U 64
66 1 U 65
67 0 U 66
68 0 U 67
69 0 U 68
70 1 U 69
71 1 U 70
72 0 U -1
73 1 U 72
74 1 U 73
75 0 U 74
76 1 U 75
77 0 U 76
78 1 U 77
79 1 U 78
80 0 U 79
81 0 L 63
# score :52 1566272
# W : 714439 , H : 748652
82
0 0 U -1
1 1 U 0
2 1 U 1
3 0 U 2
4 1 U 3
5 1 U 4
6 0 U 5
7 0 U 6
8 0 U 7
9 0 U -1
10 1 U 9
11 0 U 10
12 0 U 11
13 1 U 12
14 1 U 13
15 1 U 14
16 1 U 15
17 0 U 16
18 0 U -1
19 0 U 18
20 0 U 19
21 1 U 20
22 0 U 21
23 0 U 22
24 1 U 23
25 0 U 24
26 0 U 25
27 1 U -1
28 1 U 27
29 1 U 28
30 0 U 29
31 0 U 30
32 1 U 31
33 0 U 32
34 0 U 33
35 0 U 34
36 0 U -1
37 1 U 36
38 1 U 37
39 1 U 38
40 0 U 39
41 1 U 40
42 0 U 41
43 1 U 42
44 1 U 43
45 1 U -1
46 0 U 45
47 1 U 46
48 1 U 47
49 0 U 48
50 0 U 49
51 0 U 50
52 1 U 51
53 1 U 52
54 1 U -1
55 1 U 54
56 0 U 55
57 0 U 56
58 0 U 57
59 1 U 58
60 0 U 59
61 1 U 60
62 1 U 61
63 1 U -1
64 0 U 63
65 1 U 64
66 1 U 65
67 1 U 66
68 1 U 67
69 0 U 68
70 0 U 69
71 0 U 70
72 0 U -1
73 0 U 72
74 1 U 73
75 0 U 74
76 0 U 75
77 0 U 76
78 0 U 77
79 0 U 78
80 1 U 79
81 0 L 63
# score :53 1445656
# W : 636057 , H : 706887
82
0 1 U -1
1 0 U 0
2 0 U 1
3 1 U 2
4 1 U 3
5 1 U 4
6 1 U 5
7 0 U 6
8 0 U 7
9 1 U -1
10 1 U 9
11 1 U 10
12 0 U 11
13 1 U 12
14 1 U 13
15 1 U 14
16 0 U 15
17 1 U 16
18 1 U -1
19 1 U 18
20 1 U 19
21 1 U 20
22 1 U 21
23 1 U 22
24 0 U 23
25 0 U 24
26 0 U 25
27 0 U -1
28 0 U 27
29 1 U 28
30 1 U 29
31 0 U 30
32 0 U 31
33 1 U 32
34 1 U 33
35 0 U 34
36 0 U -1
37 0 U 36
38 1 U 37
39 1 U 38
40 1 U 39
41 1 U 40
42 0 U 41
43 1 U 42
44 0 U 43
45 0 U -1
46 1 U 45
47 1 U 46
48 0 U 47
49 0 U 48
50 0 U 49
51 0 U 50
52 1 U 51
53 1 U 52
54 0 U -1
55 1 U 54
56 0 U 55
57 1 U 56
58 1 U 57
59 1 U 58
60 0 U 59
61 0 U 60
62 1 U 61
63 0 U -1
64 1 U 63
65 0 U 64
66 0 U 65
67 0 U 66
68 0 U 67
69 0 U 68
70 1 U 69
71 1 U 70
72 0 U -1
73 1 U 72
74 0 U 73
75 1 U 74
76 1 U 75
77 1 U 76
78 1 U 77
79 1 U 78
80 1 U 79
81 1 L 63
# score :54 1416400
# W : 616664 , H : 736825
82
0 0 U -1
1 1 U 0
2 1 U 1
3 0 U 2
4 1 U 3
5 0 U 4
6 0 U 5
7 0 U 6
8 1 U 7
9 1 U -1
10 0 U 9
11 1 U 10
12 1 U 11
13 1 U 12
14 1 U 13
15 0 U 14
16 1 U 15
17 1 U 16
18 1 U -1
19 1 U 18
20 0 U 19
21 0 U 20
22 0 U 21
23 1 U 22
24 0 U 23
25 1 U 24
26 0 U 25
27 0 U -1
28 0 U 27
29 1 U 28
30 0 U 29
31 0 U 30
32 0 U 31
33 0 U 32
34 0 U 33
35 1 U 34
36 1 U -1
37 1 U 36
38 1 U 37
39 0 U 38
40 1 U 39
41 0 U 40
42 0 U 41
43 1 U 42
44 1 U 43
45 1 U -1
46 0 U 45
47 0 U 46
48 0 U 47
49 0 U 48
50 1 U 49
51 0 U 50
52 1 U 51
53 0 U 52
54 1 U -1
55 0 U 54
56 0 U 55
57 1 U 56
58 1 U 57
59 1 U 58
60 0 U 59
61 1 U 60
62 1 U 61
63 0 U -1
64 1 U 63
65 0 U 64
66 1 U 65
67 0 U 66
68 0 U 67
69 0 U 68
70 1 U 69
71 0 U 70
72 1 U -1
73 1 U 72
74 1 U 73
75 0 U 74
76 0 U 75
77 0 U 76
78 1 U 77
79 1 U 78
80 0 U 79
81 0 L 63
# score :55 1466357
# W : 658403 , H : 717387
82
0 1 U -1
1 1 U 0
2 1 U 1
3 1 U 2
4 1 U 3
5 0 U 4
6 0 U 5
7 1 U 6
8 0 U 7
9 0 U -1
10 1 U 9
11 1 U 10
12 1 U 11
13 0 U 12
14 0 U 13
15 0 U 14
16 0 U 15
17 1 U 16
18 0 U -1
19 0 U 18
20 1 U 19
21 1 U 20
22 0 U 21
23 0 U 22
24 0 U 23
25 1 U 24
26 1 U 25
27 0 U -1
28 0 U 27
29 0 U 28
30 0 U 29
31 1 U 30
32 0 U 31
33 0 U 32
34 1 U 33
35 0 U 34
36 0 U -1
37 0 U 36
38 0 U 37
39 1 U 38
40 0 U 39
41 0 U 40
42 1 U 41
43 0 U 42
44 1 U 43
45 1 U -1
46 0 U 45
47 0 U 46
48 1 U 47
49 0 U 48
50 1 U 49
51 1 U 50
52 1 U 51
53 1 U 52
54 1 U -1
55 0 U 54
56 1 U 55
57 1 U 56
58 0 U 57
59 1 U 58
60 0 U 59
61 0 U 60
62 1 U 61
63 0 U -1
64 1 U 63
65 0 U 64
66 0 U 65
67 0 U 66
68 0 U 67
69 0 U 68
70 1 U 69
71 0 U 70
72 1 U -1
73 0 U 72
74 0 U 73
75 0 U 74
76 1 U 75
77 0 U 76
78 0 U 77
79 0 U 78
80 1 U 79
81 0 U -1
# score :56 1578331
# W : 662726 , H : 787944
82
0 0 U -1
1 1 U 0
2 1 U 1
3 0 U 2
4 1 U 3
5 1 U 4
6 1 U 5
7 1 U 6
8 0 U 7
9 0 U -1
10 0 U 9
11 1 U 10
12 1 U 11
13 0 U 12
14 1 U 13
15 1 U 14
16 1 U 15
17 0 U 16
18 1 U -1
19 1 U 18
20 0 U 19
21 0 U 20
22 0 U 21
23 1 U 22
24 0 U 23
25 0 U 24
26 0 U 25
27 1 U -1
28 0 U 27
29 0 U 28
30 0 U 29
31 1 U 30
32 0 U 31
33 1 U 32
34 0 U 33
35 1 U 34
36 1 U -1
37 1 U 36
38 1 U 37
39 0 U 38
40 0 U 39
41 1 U 40
42 1 U 41
43 0 U 42
44 0 U 43
45 1 U -1
46 1 U 45
47 0 U 46
48 0 U 47
49 1 U 48
50 1 U 49
51 1 U 50
52 1 U 51
53 1 U 52
54 0 U -1
55 1 U 54
56 0 U 55
57 0 U 56
58 1 U 57
59 0 U 58
60 1 U 59
61 0 U 60
62 1 U 61
63 1 U -1
64 0 U 63
65 0 U 64
66 0 U 65
67 1 U 66
68 1 U 67
69 1 U 68
70 0 U 69
71 0 U 70
72 0 U -1
73 0 U 72
74 0 U 73
75 0 U 74
76 0 U 75
77 1 U 76
78 1 U 77
79 0 U 78
80 1 U 79
81 0 U -1
# score :57 1565974
# W : 647871 , H : 749295
82
0 0 U -1
1 0 U 0
2 1 U 1
3 1 U 2
4 1 U 3
5 0 U 4
6 0 U 5
7 0 U 6
8 0 U 7
9 0 U -1
10 1 U 9
11 0 U 10
12 1 U 11
13 0 U 12
14 1 U 13
15 0 U 14
16 0 U 15
17 1 U 16
18 1 U -1
19 1 U 18
20 1 U 19
21 0 U 20
22 1 U 21
23 1 U 22
24 1 U 23
25 1 U 24
26 0 U 25
27 1 U -1
28 0 U 27
29 1 U 28
30 1 U 29
31 0 U 30
32 1 U 31
33 0 U 32
34 0 U 33
35 0 U 34
36 1 U -1
37 0 U 36
38 0 U 37
39 0 U 38
40 1 U 39
41 1 U 40
42 0 U 41
43 1 U 42
44 0 U 43
45 1 U -1
46 1 U 45
47 0 U 46
48 0 U 47
49 1 U 48
50 0 U 49
51 1 U 50
52 1 U 51
53 0 U 52
54 0 U -1
55 0 U 54
56 0 U 55
57 0 U 56
58 1 U 57
59 1 U 58
60 0 U 59
61 1 U 60
62 0 U 61
63 0 U -1
64 0 U 63
65 0 U 64
66 1 U 65
67 0 U 66
68 1 U 67
69 1 U 68
70 1 U 69
71 1 U 70
72 0 U -1
73 1 U 72
74 0 U 73
75 1 U 74
76 1 U 75
77 0 U 76
78 0 U 77
79 0 U 78
80 1 U 79
81 1 L 72
# score :58 1510074
# W : 661725 , H : 727017
82
0 1 U -1
1 0 U 0
2 1 U 1
3 1 U 2
4 1 U 3
5 1 U 4
6 0 U 5
7 1 U 6
8 1 U 7
9 0 U -1
10 1 U 9
11 0 U 10
12 1 U 11
13 1 U 12
14 0 U 13
15 1 U 14
16 1 U 15
17 1 U 16
18 0 U -1
19 1 U 18
20 1 U 19
21 0 U 20
22 0 U 21
23 0 U 22
24 0 U 23
25 0 U 24
26 0 U 25
27 0 U -1
28 0 U 27
29 0 U 28
30 1 U 29
31 0 U 30
32 1 U 31
33 1 U 32
34 1 U 33
35 0 U 34
36 0 U -1
37 1 U 36
38 0 U 37
39 1 U 38
40 0 U 39
41 0 U 40
42 0 U 41
43 1 U 42
44 0 U 43
45 0 U -1
46 1 U 45
47 1 U 46
48 1 U 47
49 0 U 48
50 1 U 49
51 0 U 50
52 0 U 51
53 1 U 52
54 1 U -1
55 0 U 54
56 1 U 55
57 0 U 56
58 0 U 57
59 1 U 58
60 0 U 59
61 1 U 60
62 0 U 61
63 1 U -1
64 1 U 63
65 1 U 64
66 0 U 65
67 1 U 66
68 1 U 67
69 0 U 68
70 1 U 69
71 0 U 70
72 1 U -1
73 0 U 72
74 0 U 73
75 0 U 74
76 0 U 75
77 1 U 76
78 1 U 77
79 1 U 78
80 0 U 79
81 0 L 72
# score :59 1467871
# W : 637752 , H : 715064
82
0 1 U -1
1 0 U 0
2 1 U 1
3 0 U 2
4 1 U 3
5 0 U 4
6 0 U 5
7 1 U 6
8 0 U 7
9 1 U -1
10 1 U 9
11 1 U 10
12 0 U 11
13 0 U 12
14 1 U 13
15 0 U 14
16 0 U 15
17 0 U 16
18 1 U -1
19 1 U 18
20 0 U 19
21 0 U 20
22 0 U 21
23 0 U 22
24 0 U 23
25 1 U 24
26 1 U 25
27 1 U -1
28 1 U 27
29 1 U 28
30 0 U 29
31 0 U 30
32 0 U 31
33 1 U 32
34 0 U 33
35 1 U 34
36 1 U -1
37 1 U 36
38 1 U 37
39 1 U 38
40 1 U 39
41 0 U 40
42 0 U 41
43 0 U 42
44 0 U 43
45 0 U -1
46 1 U 45
47 0 U 46
48 0 U 47
49 1 U 48
50 1 U 49
51 0 U 50
52 1 U 51
53 1 U 52
54 1 U -1
55 1 U 54
56 1 U 55
57 1 U 56
58 0 U 57
59 0 U 58
60 1 U 59
61 0 U 60
62 1 U 61
63 1 U -1
64 0 U 63
65 1 U 64
66 0 U 65
67 0 U 66
68 0 U 67
69 1 U 68
70 1 U 69
71 1 U 70
72 0 U -1
73 1 U 72
74 0 U 73
75 0 U 74
76 1 U 75
77 1 U 76
78 0 U 77
79 1 U 78
80 0 U 79
81 0 L 63
# score :60 1429006
# W : 626982 , H : 716119
82
0 1 U -1
1 1 U 0
2 0 U 1
3 0 U 2
4 0 U 3
5 1 U 4
6 1 U 5
7 0 U 6
8 0 U 7
9 1 U -1
10 1 U 9
11 0 U 10
12 0 U 11
13 1 U 12
14 1 U 13
15 1 U 14
16 1 U 15
17 1 U 16
18 1 U -1
19 1 U 18
20 0 U 19
21 1 U 20
22 0 U 21
23 0 U 22
24 0 U 23
25 0 U 24
26 0 U 25
27 0 U -1
28 0 U 27
29 1 U 28
30 1 U 29
31 1 U 30
32 1 U 31
33 0 U 32
34 1 U 33
35 1 U 34
36 1 U -1
37 1 U 36
38 0 U 37
39 1 U 38
40 1 U 39
41 1 U 40
42 0 U 41
43 0 U 42
44 0 U 43
45 0 U -1
46 0 U 45
47 1 U 46
48 1 U 47
49 1 U 48
50 1 U 49
51 0 U 50
52 0 U 51
53 1 U 52
54 0 U -1
55 0 U 54
56 0 U 55
57 0 U 56
58 0 U 57
59 0 U 58
60 0 U 59
61 1 U 60
62 1 U 61
63 0 U -1
64 1 U 63
65 1 U 64
66 1 U 65
67 0 U 66
68 1 U 67
69 0 U 68
70 0 U 69
71 1 U 70
72 1 U -1
73 1 U 72
74 0 U 73
75 1 U 74
76 0 U 75
77 0 U 76
78 1 U 77
79 0 U 78
80 1 U 79
81 0 L 63
# score :61 1431999
# W : 664704 , H : 762979
82
0 0 U -1
1 1 U 0
2 0 U 1
3 0 U 2
4 0 U 3
5 0 U 4
6 1 U 5
7 1 U 6
8 1 U 7
9 1 U -1
10 1 U 9
11 0 U 10
12 0 U 11
13 1 U 12
14 0 U 13
15 0 U 14
16 0 U 15
17 1 U 16
18 0 U -1
19 0 U 18
20 1 U 19
21 1 U 20
22 0 U 21
23 1 U 22
24 0 U 23
25 1 U 24
26 1 U 25
27 1 U -1
28 0 U 27
29 1 U 28
30 1 U 29
31 0 U 30
32 1 U 31
33 0 U 32
34 0 U 33
35 1 U 34
36 1 U -1
37 1 U 36
38 1 U 37
39 1 U 38
40 0 U 39
41 0 U 40
42 0 U 41
43 1 U 42
44 0 U 43
45 1 U -1
46 0 U 45
47 1 U 46
48 1 U 47
49 1 U 48
50 0 U 49
51 1 U 50
52 1 U 51
53 1 U 52
54 1 U -1
55 0 U 54
56 0 U 55
57 0 U 56
58 1 U 57
59 1 U 58
60 1 U 59
61 1 U 60
62 1 U 61
63 1 U -1
64 0 U 63
65 0 U 64
66 1 U 65
67 0 U 66
68 0 U 67
69 0 U 68
70 1 U 69
71 1 U 70
72 1 U -1
73 1 U 72
74 1 U 73
75 1 U 74
76 1 U 75
77 0 U 76
78 1 U 77
79 0 U 78
80 1 U 79
81 1 L 63
# score :62 1412165
# W : 650733 , H : 742678
82
0 0 U -1
1 0 U 0
2 0 U 1
3 1 U 2
4 1 U 3
5 1 U 4
6 1 U 5
7 1 U 6
8 0 U 7
9 0 U -1
10 0 U 9
11 1 U 10
12 0 U 11
13 0 U 12
14 1 U 13
15 1 U 14
16 0 U 15
17 0 U 16
18 1 U -1
19 1 U 18
20 1 U 19
21 0 U 20
22 1 U 21
23 0 U 22
24 0 U 23
25 0 U 24
26 1 U 25
27 0 U -1
28 0 U 27
29 0 U 28
30 0 U 29
31 1 U 30
32 1 U 31
33 1 U 32
34 1 U 33
35 0 U 34
36 0 U -1
37 0 U 36
38 0 U 37
39 1 U 38
40 0 U 39
41 0 U 40
42 1 U 41
43 1 U 42
44 1 U 43
45 1 U -1
46 1 U 45
47 1 U 46
48 1 U 47
49 1 U 48
50 0 U 49
51 0 U 50
52 1 U 51
53 1 U 52
54 0 U -1
55 0 U 54
56 1 U 55
57 0 U 56
58 1 U 57
59 1 U 58
60 0 U 59
61 1 U 60
62 0 U 61
63 0 U -1
64 1 U 63
65 1 U 64
66 1 U 65
67 0 U 66
68 0 U 67
69 0 U 68
70 1 U 69
71 0 U 70
72 1 U -1
73 1 U 72
74 1 U 73
75 1 U 74
76 1 U 75
77 1 U 76
78 0 U 77
79 0 U 78
80 1 U 79
81 1 L 63
# score :63 1476534
# W : 612220 , H : 806632
82
0 0 U -1
1 0 U 0
2 0 U 1
3 0 U 2
4 0 U 3
5 1 U 4
6 0 U 5
7 0 U 6
8 0 U 7
9 1 U -1
10 1 U 9
11 1 U 10
12 1 U 11
13 0 U 12
14 1 U 13
15 1 U 14
16 0 U 15
17 1 U 16
18 0 U -1
19 0 U 18
20 0 U 19
21 1 U 20
22 1 U 21
23 0 U 22
24 1 U 23
25 1 U 24
26 1 U 25
27 1 U -1
28 0 U 27
29 0 U 28
30 0 U 29
31 1 U 30
32 0 U 31
33 1 U 32
34 0 U 33
35 1 U 34
36 0 U -1
37 1 U 36
38 1 U 37
39 1 U 38
40 1 U 39
41 0 U 40
42 0 U 41
43 1 U 42
44 1 U 43
45 0 U -1
46 0 U 45
47 0 U 46
48 1 U 47
49 0 U 48
50 0 U 49
51 1 U 50
52 1 U 51
53 0 U 52
54 0 U -1
55 0 U 54
56 1 U 55
57 0 U 56
58 1 U 57
59 1 U 58
60 0 U 59
61 1 U 60
62 1 U 61
63 1 U -1
64 0 U 63
65 0 U 64
66 0 U 65
67 1 U 66
68 0 U 67
69 1 U 68
70 0 U 69
71 0 U 70
72 0 U -1
73 1 U 72
74 0 U 73
75 0 U 74
76 1 U 75
77 1 U 76
78 0 U 77
79 0 U 78
80 1 U 79
81 0 U -1
# score :64 1536110
# W : 653238 , H : 705421
82
0 0 U -1
1 1 U 0
2 1 U 1
3 1 U 2
4 0 U 3
5 0 U 4
6 0 U 5
7 0 U 6
8 0 U 7
9 0 U -1
10 1 U 9
11 0 U 10
12 0 U 11
13 0 U 12
14 0 U 13
15 0 U 14
16 1 U 15
17 1 U 16
18 1 U -1
19 0 U 18
20 0 U 19
21 1 U 20
22 0 U 21
23 1 U 22
24 0 U 23
25 0 U 24
26 0 U 25
27 0 U -1
28 1 U 27
29 1 U 28
30 0 U 29
31 0 U 30
32 1 U 31
33 1 U 32
34 1 U 33
35 1 U 34
36 1 U -1
37 0 U 36
38 0 U 37
39 0 U 38
40 1 U 39
41 1 U 40
42 0 U 41
43 0 U 42
44 1 U 43
45 0 U -1
46 0 U 45
47 0 U 46
48 0 U 47
49 0 U 48
50 0 U 49
51 0 U 50
52 1 U 51
53 1 U 52
54 0 U -1
55 1 U 54
56 1 U 55
57 1 U 56
58 1 U 57
59 0 U 58
60 1 U 59
61 1 U 60
62 1 U 61
63 1 U -1
64 1 U 63
65 1 U 64
66 0 U 65
67 1 U 66
68 0 U 67
69 0 U 68
70 0 U 69
71 0 U 70
72 1 U -1
73 1 U 72
74 0 U 73
75 0 U 74
76 0 U 75
77 1 U 76
78 0 U 77
79 0 U 78
80 0 U 79
81 0 U -1
# score :65 1525381
# W : 672170 , H : 749858
82
0 1 U -1
1 1 U 0
2 0 U 1
3 1 U 2
4 0 U 3
5 0 U 4
6 0 U 5
7 0 U 6
8 0 U 7
9 0 U -1
10 0 U 9
11 1 U 10
12 1 U 11
13 0 U 12
14 0 U 13
15 0 U 14
16 1 U 15
17 0 U 16
18 1 U -1
19 1 U 18
20 0 U 19
21 1 U 20
22 1 U 21
23 0 U 22
24 1 U 23
25 0 U 24
26 1 U 25
27 0 U -1
28 1 U 27
29 1 U 28
30 0 U 29
31 1 U 30
32 0 U 31
33 1 U 32
34 1 U 33
35 1 U 34
36 1 U -1
37 1 U 36
38 1 U 37
39 0 U 38
40 1 U 39
41 1 U 40
42 1 U 41
43 0 U 42
44 0 U 43
45 1 U -1
46 1 U 45
47 1 U 46
48 0 U 47
49 1 U 48
50 1 U 49
51 1 U 50
52 0 U 51
53 0 U 52
54 1 U -1
55 1 U 54
56 0 U 55
57 0 U 56
58 0 U 57
59 1 U 58
60 1 U 59
61 0 U 60
62 0 U 61
63 1 U -1
64 1 U 63
65 0 U 64
66 0 U 65
67 0 U 66
68 1 U 67
69 1 U 68
70 0 U 69
71 0 U 70
72 0 U -1
73 1 U 72
74 0 U 73
75 1 U 74
76 1 U 75
77 1 U 76
78 1 U 77
79 0 U 78
80 1 U 79
81 1 L 72
# score :66 1464979
# W : 576612 , H : 699062
82
0 1 U -1
1 0 U 0
2 1 U 1
3 1 U 2
4 1 U 3
5 1 U 4
6 0 U 5
7 1 U 6
8 1 U 7
9 1 U -1
10 0 U 9
11 0 U 10
12 0 U 11
13 0 U 12
14 0 U 13
15 0 U 14
16 0 U 15
17 0 U 16
18 1 U -1
19 0 U 18
20 0 U 19
21 1 U 20
22 1 U 21
23 0 U 22
24 0 U 23
25 0 U 24
26 0 U 25
27 0 U -1
28 1 U 27
29 1 U 28
30 1 U 29
31 0 U 30
32 0 U 31
33 1 U 32
34 1 U 33
35 0 U 34
36 0 U -1
37 1 U 36
38 1 U 37
39 1 U 38
40 1 U 39
41 1 U 40
42 0 U 41
43 1 U 42
44 1 U 43
45 1 U -1
46 0 U 45
47 0 U 46
48 0 U 47
49 0 U 48
50 1 U 49
51 1 U 50
52 0 U 51
53 1 U 52
54 0 U -1
55 0 U 54
56 1 U 55
57 1 U 56
58 0 U 57
59 1 U 58
60 0 U 59
61 0 U 60
62 1 U 61
63 0 U -1
64 0 U 63
65 1 U 64
66 1 U 65
67 1 U 66
68 1 U 67
69 1 U 68
70 1 U 69
71 1 U 70
72 0 U -1
73 0 U 72
74 0 U 73
75 0 U 74
76 1 U 75
77 0 U 76
78 0 U 77
79 1 U 78
80 0 U 79
81 1 L 72
# score :67 1525194
# W : 704396 , H : 709110
82
0 1 U -1
1 1 U 0
2 1 U 1
3 0 U 2
4 0 U 3
5 0 U 4
6 1 U 5
7 1 U 6
8 1 U 7
9 0 U -1
10 1 U 9
11 1 U 10
12 1 U 11
13 0 U 12
14 1 U 13
15 0 U 14
16 0 U 15
17 0 U 16
18 0 U -1
19 0 U 18
20 0 U 19
21 0 U 20
22 1 U 21
23 1 U 22
24 1 U 23
25 1 U 24
26 1 U 25
27 1 U -1
28 0 U 27
29 0 U 28
30 1 U 29
31 1 U 30
32 1 U 31
33 1 U 32
34 1 U 33
35 1 U 34
36 0 U -1
37 1 U 36
38 0 U 37
39 0 U 38
40 1 U 39
41 0 U 40
42 0 U 41
43 0 U 42
44 1 U 43
45 1 U -1
46 1 U 45
47 0 U 46
48 1 U 47
49 1 U 48
50 0 U 49
51 0 U 50
52 1 U 51
53 1 U 52
54 0 U -1
55 1 U 54
56 1 U 55
57 1 U 56
58 1 U 57
59 0 U 58
60 1 U 59
61 0 U 60
62 1 U 61
63 0 U -1
64 1 U 63
65 1 U 64
66 1 U 65
67 0 U 66
68 1 U 67
69 1 U 68
70 0 U 69
71 0 U 70
72 0 U -1
73 0 U 72
74 1 U 73
75 0 U 74
76 1 U 75
77 0 U 76
78 1 U 77
79 0 U 78
80 1 U 79
81 1 L 63
# score :68 1413720
# W : 623698 , H : 730355
82
0 0 U -1
1 1 U 0
2 0 U 1
3 1 U 2
4 0 U 3
5 0 U 4
6 1 U 5
7 0 U 6
8 0 U 7
9 1 U -1
10 0 U 9
11 1 U 10
12 0 U 11
13 1 U 12
14 1 U 13
15 0 U 14
16 0 U 15
17 0 U 16
18 0 U -1
19 0 U 18
20 0 U 19
21 1 U 20
22 0 U 21
23 0 U 22
24 1 U 23
25 1 U 24
26 0 U 25
27 0 U -1
28 1 U 27
29 1 U 28
30 0 U 29
31 1 U 30
32 0 U 31
33 1 U 32
34 1 U 33
35 0 U 34
36 1 U -1
37 0 U 36
38 0 U 37
39 1 U 38
40 1 U 39
41 1 U 40
42 1 U 41
43 1 U 42
44 0 U 43
45 1 U -1
46 1 U 45
47 0 U 46
48 0 U 47
49 0 U 48
50 1 U 49
51 1 U 50
52 1 U 51
53 1 U 52
54 1 U -1
55 1 U 54
56 1 U 55
57 0 U 56
58 1 U 57
59 1 U 58
60 1 U 59
61 0 U 60
62 0 U 61
63 1 U -1
64 1 U 63
65 0 U 64
66 0 U 65
67 1 U 66
68 0 U 67
69 0 U 68
70 1 U 69
71 0 U 70
72 0 U -1
73 0 U 72
74 1 U 73
75 1 U 74
76 0 U 75
77 1 U 76
78 1 U 77
79 0 U 78
80 0 U 79
81 0 L 63
# score :69 1506466
# W : 693752 , H : 731233
82
0 0 U -1
1 1 U 0
2 0 U 1
3 0 U 2
4 0 U 3
5 1 U 4
6 1 U 5
7 1 U 6
8 1 U 7
9 0 U -1
10 0 U 9
11 0 U 10
12 0 U 11
13 0 U 12
14 0 U 13
15 1 U 14
16 0 U 15
17 1 U 16
18 0 U -1
19 1 U 18
20 1 U 19
21 1 U 20
22 0 U 21
23 1 U 22
24 0 U 23
25 0 U 24
26 1 U 25
27 0 U -1
28 0 U 27
29 0 U 28
30 1 U 29
31 0 U 30
32 1 U 31
33 1 U 32
34 0 U 33
35 1 U 34
36 0 U -1
37 1 U 36
38 0 U 37
39 0 U 38
40 0 U 39
41 1 U 40
42 0 U 41
43 0 U 42
44 0 U 43
45 0 U -1
46 1 U 45
47 0 U 46
48 1 U 47
49 0 U 48
50 1 U 49
51 0 U 50
52 1 U 51
53 1 U 52
54 1 U -1
55 0 U 54
56 1 U 55
57 1 U 56
58 1 U 57
59 1 U 58
60 0 U 59
61 0 U 60
62 1 U 61
63 0 U -1
64 1 U 63
65 0 U 64
66 0 U 65
67 0 U 66
68 0 U 67
69 0 U 68
70 0 U 69
71 1 U 70
72 1 U -1
73 0 U 72
74 1 U 73
75 0 U 74
76 1 U 75
77 0 U 76
78 1 U 77
79 0 U 78
80 0 U 79
81 0 L 63
# score :70 1407632
# W : 639267 , H : 744405
82
0 1 U -1
1 1 U 0
2 1 U 1
3 1 U 2
4 1 U 3
5 0 U 4
6 0 U 5
7 0 U 6
8 1 U 7
9 0 U -1
10 1 U 9
11 0 U 10
12 0 U 11
13 1 U 12
14 0 U 13
15 0 U 14
16 0 U 15
17 0 U 16
18 0 U -1
19 1 U 18
20 0 U 19
21 1 U 20
22 0 U 21
23 1 U 22
24 0 U 23
25 1 U 24
26 1 U 25
27 1 U -1
28 1 U 27
29 1 U 28
30 0 U 29
31 0 U 30
32 0 U 31
33 1 U 32
34 1 U 33
35 1 U 34
36 1 U -1
37 1 U 36
38 1 U 37
39 0 U 38
40 1 U 39
41 1 U 40
42 1 U 41
43 0 U 42
44 0 U 43
45 0 U -1
46 1 U 45
47 0 U 46
48 0 U 47
49 1 U 48
50 1 U 49
51 0 U 50
52 1 U 51
53 0 U 52
54 0 U -1
55 0 U 54
56 0 U 55
57 1 U 56
58 1 U 57
59 0 U 58
60 0 U 59
61 1 U 60
62 0 U 61
63 1 U -1
64 0 U 63
65 0 U 64
66 0 U 65
67 1 U 66
68 0 U 67
69 1 U 68
70 1 U 69
71 0 U 70
72 1 U -1
73 1 U 72
74 1 U 73
75 1 U 74
76 0 U 75
77 0 U 76
78 0 U 77
79 0 U 78
80 0 U 79
81 1 L 63
# score :71 1440030
# W : 760551 , H : 670248
82
0 0 U -1
1 1 U 0
2 1 U 1
3 1 U 2
4 1 U 3
5 1 U 4
6 0 U 5
7 0 U 6
8 1 U 7
9 1 U -1
10 0 U 9
11 1 U 10
12 1 U 11
13 1 U 12
14 0 U 13
15 1 U 14
16 0 U 15
17 0 U 16
18 0 U -1
19 1 U 18
20 1 U 19
21 1 U 20
22 1 U 21
23 1 U 22
24 1 U 23
25 1 U 24
26 0 U 25
27 1 U -1
28 1 U 27
29 0 U 28
30 1 U 29
31 1 U 30
32 0 U 31
33 0 U 32
34 0 U 33
35 0 U 34
36 1 U -1
37 1 U 36
38 1 U 37
39 1 U 38
40 0 U 39
41 0 U 40
42 1 U 41
43 0 U 42
44 1 U 43
45 1 U -1
46 1 U 45
47 0 U 46
48 1 U 47
49 0 U 48
50 0 U 49
51 1 U 50
52 0 U 51
53 1 U 52
54 1 U -1
55 1 U 54
56 1 U 55
57 1 U 56
58 1 U 57
59 1 U 58
60 1 U 59
61 1 U 60
62 1 U 61
63 1 U -1
64 1 U 63
65 0 U 64
66 0 U 65
67 0 U 66
68 1 U 67
69 0 U 68
70 0 U 69
71 1 U 70
72 0 U -1
73 0 U 72
74 0 U 73
75 0 U 74
76 1 U 75
77 1 U 76
78 1 U 77
79 1 U 78
80 0 U 79
81 0 U -1
# score :72 1587075
# W : 681109 , H : 722529
82
0 0 U -1
1 1 U 0
2 0 U 1
3 1 U 2
4 1 U 3
5 1 U 4
6 0 U 5
7 0 U 6
8 0 U 7
9 1 U -1
10 0 U 9
11 0 U 10
12 0 U 11
13 1 U 12
14 1 U 13
15 0 U 14
16 0 U 15
17 1 U 16
18 0 U -1
19 1 U 18
20 0 U 19
21 1 U 20
22 1 U 21
23 1 U 22
24 0 U 23
25 0 U 24
26 1 U 25
27 1 U -1
28 1 U 27
29 1 U 28
30 0 U 29
31 0 U 30
32 0 U 31
33 0 U 32
34 1 U 33
35 0 U 34
36 1 U -1
37 1 U 36
38 1 U 37
39 1 U 38
40 0 U 39
41 0 U 40
42 0 U 41
43 1 U 42
44 1 U 43
45 0 U -1
46 0 U 45
47 1 U 46
48 1 U 47
49 0 U 48
50 1 U 49
51 1 U 50
52 0 U 51
53 0 U 52
54 1 U -1
55 0 U 54
56 0 U 55
57 0 U 56
58 1 U 57
59 1 U 58
60 0 U 59
61 1 U 60
62 0 U 61
63 1 U -1
64 0 U 63
65 0 U 64
66 1 U 65
67 1 U 66
68 0 U 67
69 0 U 68
70 1 U 69
71 1 U 70
72 0 U -1
73 1 U 72
74 1 U 73
75 0 U 74
76 1 U 75
77 1 U 76
78 0 U 77
79 1 U 78
80 1 U 79
81 1 U -1
# score :73 1489155
# W : 580433 , H : 738930
82
0 1 U -1
1 1 U 0
2 0 U 1
3 0 U 2
4 0 U 3
5 1 U 4
6 1 U 5
7 0 U 6
8 0 U 7
9 0 U -1
10 0 U 9
11 0 U 10
12 1 U 11
13 0 U 12
14 1 U 13
15 0 U 14
16 1 U 15
17 1 U 16
18 0 U -1
19 0 U 18
20 0 U 19
21 0 U 20
22 0 U 21
23 1 U 22
24 0 U 23
25 0 U 24
26 0 U 25
27 1 U -1
28 0 U 27
29 0 U 28
30 1 U 29
31 0 U 30
32 0 U 31
33 0 U 32
34 1 U 33
35 1 U 34
36 1 U -1
37 1 U 36
38 0 U 37
39 1 U 38
40 0 U 39
41 0 U 40
42 1 U 41
43 0 U 42
44 1 U 43
45 1 U -1
46 0 U 45
47 0 U 46
48 0 U 47
49 1 U 48
50 0 U 49
51 0 U 50
52 0 U 51
53 0 U 52
54 0 U -1
55 0 U 54
56 1 U 55
57 0 U 56
58 1 U 57
59 1 U 58
60 0 U 59
61 1 U 60
62 1 U 61
63 1 U -1
64 0 U 63
65 0 U 64
66 0 U 65
67 1 U 66
68 1 U 67
69 1 U 68
70 0 U 69
71 0 U 70
72 1 U -1
73 1 U 72
74 1 U 73
75 1 U 74
76 0 U 75
77 1 U 76
78 1 U 77
79 0 U 78
80 0 U 79
81 1 L 72
# score :74 1430649
# W : 654423 , H : 751528
82
0 1 U -1
1 1 U 0
2 0 U 1
3 1 U 2
4 1 U 3
5 1 U 4
6 0 U 5
7 0 U 6
8 1 U 7
9 0 U -1
10 0 U 9
11 0 U 10
12 1 U 11
13 1 U 12
14 1 U 13
15 1 U 14
16 1 U 15
17 1 U 16
18 1 U -1
19 0 U 18
20 0 U 19
21 1 U 20
22 0 U 21
23 0 U 22
24 0 U 23
25 0 U 24
26 1 U 25
27 0 U -1
28 0 U 27
29 1 U 28
30 0 U 29
31 0 U 30
32 0 U 31
33 0 U 32
34 0 U 33
35 0 U 34
36 0 U -1
37 1 U 36
38 0 U 37
39 0 U 38
40 0 U 39
41 1 U 40
42 1 U 41
43 0 U 42
44 1 U 43
45 1 U -1
46 0 U 45
47 1 U 46
48 0 U 47
49 1 U 48
50 0 U 49
51 1 U 50
52 1 U 51
53 0 U 52
54 0 U -1
55 0 U 54
56 0 U 55
57 0 U 56
58 0 U 57
59 1 U 58
60 0 U 59
61 0 U 60
62 0 U 61
63 1 U -1
64 1 U 63
65 1 U 64
66 0 U 65
67 1 U 66
68 0 U 67
69 1 U 68
70 0 U 69
71 0 U 70
72 1 U -1
73 0 U 72
74 0 U 73
75 0 U 74
76 0 U 75
77 0 U 76
78 0 U 77
79 0 U 78
80 1 U 79
81 1 L 72
# score :75 1464162
# W : 609117 , H : 744810
82
0 1 U -1
1 0 U 0
2 0 U 1
3 1 U 2
4 1 U 3
5 0 U 4
6 0 U 5
7 0 U 6
8 1 U 7
9 1 U -1
10 1 U 9
11 1 U 10
12 1 U 11
13 0 U 12
14 0 U 13
15 0 U 14
16 0 U 15
17 1 U 16
18 0 U -1
19 0 U 18
20 0 U 19
21 1 U 20
22 0 U 21
23 1 U 22
24 0 U 23
25 0 U 24
26 0 U 25
27 0 U -1
28 0 U 27
29 0 U 28
30 0 U 29
31 1 U 30
32 1 U 31
33 1 U 32
34 0 U 33
35 0 U 34
36 1 U -1
37 1 U 36
38 0 U 37
39 0 U 38
40 0 U 39
41 1 U 40
42 1 U 41
43 1 U 42
44 0 U 43
45 1 U -1
46 0 U 45
47 0 U 46
48 0 U 47
49 1 U 48
50 0 U 49
51 0 U 50
52 0 U 51
53 0 U 52
54 0 U -1
55 0 U 54
56 0 U 55
57 1 U 56
58 1 U 57
59 0 U 58
60 0 U 59
61 0 U 60
62 0 U 61
63 0 U -1
64 0 U 63
65 1 U 64
66 1 U 65
67 0 U 66
68 1 U 67
69 0 U 68
70 1 U 69
71 1 U 70
72 0 U -1
73 0 U 72
74 0 U 73
75 1 U 74
76 0 U 75
77 0 U 76
78 1 U 77
79 0 U 78
80 1 U 79
81 1 L 63
# score :76 1468316
# W : 642461 , H : 717241
82
0 0 U -1
1 0 U 0
2 0 U 1
3 0 U 2
4 0 U 3
5 1 U 4
6 1 U 5
7 1 U 6
8 0 U 7
9 1 U -1
10 1 U 9
11 1 U 10
12 1 U 11
13 1 U 12
14 0 U 13
15 0 U 14
16 0 U 15
17 1 U 16
18 0 U -1
19 1 U 18
20 0 U 19
21 1 U 20
22 0 U 21
23 1 U 22
24 1 U 23
25 1 U 24
26 0 U 25
27 1 U -1
28 0 U 27
29 0 U 28
30 0 U 29
31 1 U 30
32 0 U 31
33 0 U 32
34 1 U 33
35 1 U 34
36 1 U -1
37 0 U 36
38 1 U 37
39 1 U 38
40 0 U 39
41 0 U 40
42 0 U 41
43 0 U 42
44 0 U 43
45 1 U -1
46 0 U 45
47 1 U 46
48 0 U 47
49 0 U 48
50 1 U 49
51 1 U 50
52 1 U 51
53 0 U 52
54 1 U -1
55 1 U 54
56 1 U 55
57 1 U 56
58 0 U 57
59 1 U 58
60 0 U 59
61 0 U 60
62 1 U 61
63 0 U -1
64 1 U 63
65 0 U 64
66 1 U 65
67 1 U 66
68 0 U 67
69 0 U 68
70 0 U 69
71 1 U 70
72 0 U -1
73 0 U 72
74 0 U 73
75 0 U 74
76 1 U 75
77 0 U 76
78 0 U 77
79 0 U 78
80 0 U 79
81 1 L 63
# score :77 1427220
# W : 638895 , H : 688642
82
0 0 U -1
1 1 U 0
2 0 U 1
3 1 U 2
4 0 U 3
5 0 U 4
6 1 U 5
7 1 U 6
8 0 U 7
9 0 U -1
10 1 U 9
11 0 U 10
12 0 U 11
13 0 U 12
14 1 U 13
15 0 U 14
16 1 U 15
17 1 U 16
18 0 U -1
19 0 U 18
20 1 U 19
21 1 U 20
22 0 U 21
23 1 U 22
24 0 U 23
25 0 U 24
26 0 U 25
27 0 U -1
28 0 U 27
29 0 U 28
30 0 U 29
31 1 U 30
32 0 U 31
33 1 U 32
34 1 U 33
35 1 U 34
36 1 U -1
37 0 U 36
38 1 U 37
39 1 U 38
40 1 U 39
41 1 U 40
42 0 U 41
43 0 U 42
44 1 U 43
45 0 U -1
46 0 U 45
47 0 U 46
48 0 U 47
49 1 U 48
50 1 U 49
51 0 U 50
52 0 U 51
53 1 U 52
54 1 U -1
55 0 U 54
56 1 U 55
57 1 U 56
58 0 U 57
59 1 U 58
60 1 U 59
61 1 U 60
62 0 U 61
63 0 U -1
64 0 U 63
65 0 U 64
66 0 U 65
67 0 U 66
68 1 U 67
69 1 U 68
70 1 U 69
71 1 U 70
72 0 U -1
73 0 U 72
74 1 U 73
75 0 U 74
76 0 U 75
77 1 U 76
78 0 U 77
79 1 U 78
80 0 U 79
81 1 L 63
# score :78 1419489
# W : 668100 , H : 749863
82
0 0 U -1
1 0 U 0
2 1 U 1
3 1 U 2
4 1 U 3
5 0 U 4
6 1 U 5
7 1 U 6
8 0 U 7
9 1 U -1
10 1 U 9
11 0 U 10
12 1 U 11
13 1 U 12
14 1 U 13
15 1 U 14
16 1 U 15
17 1 U 16
18 0 U -1
19 0 U 18
20 1 U 19
21 0 U 20
22 1 U 21
23 1 U 22
24 1 U 23
25 0 U 24
26 0 U 25
27 0 U -1
28 0 U 27
29 0 U 28
30 1 U 29
31 0 U 30
32 1 U 31
33 1 U 32
34 1 U 33
35 0 U 34
36 1 U -1
37 0 U 36
38 1 U 37
39 1 U 38
40 0 U 39
41 0 U 40
42 0 U 41
43 1 U 42
44 1 U 43
45 0 U -1
46 1 U 45
47 1 U 46
48 0 U 47
49 0 U 48
50 0 U 49
51 1 U 50
52 0 U 51
53 0 U 52
54 0 U -1
55 0 U 54
56 0 U 55
57 1 U 56
58 0 U 57
59 0 U 58
60 1 U 59
61 0 U 60
62 0 U 61
63 0 U -1
64 1 U 63
65 1 U 64
66 0 U 65
67 1 U 66
68 1 U 67
69 1 U 68
70 0 U 69
71 0 U 70
72 0 U -1
73 1 U 72
74 0 U 73
75 1 U 74
76 1 U 75
77 1 U 76
78 1 U 77
79 0 U 78
80 0 U 79
81 0 L 63
# score :79 1430553
# W : 641624 , H : 743791
82
0 1 U -1
1 0 U 0
2 1 U 1
3 0 U 2
4 1 U 3
5 1 U 4
6 1 U 5
7 1 U 6
8 1 U 7
9 1 U -1
10 1 U 9
11 0 U 10
12 0 U 11
13 0 U 12
14 1 U 13
15 1 U 14
16 0 U 15
17 1 U 16
18 0 U -1
19 1 U 18
20 0 U 19
21 1 U 20
22 1 U 21
23 0 U 22
24 1 U 23
25 0 U 24
26 0 U 25
27 0 U -1
28 0 U 27
29 0 U 28
30 0 U 29
31 1 U 30
32 1 U 31
33 1 U 32
34 0 U 33
35 1 U 34
36 1 U -1
37 1 U 36
38 0 U 37
39 0 U 38
40 0 U 39
41 0 U 40
42 0 U 41
43 0 U 42
44 1 U 43
45 0 U -1
46 0 U 45
47 0 U 46
48 1 U 47
49 0 U 48
50 0 U 49
51 1 U 50
52 0 U 51
53 1 U 52
54 0 U -1
55 1 U 54
56 0 U 55
57 1 U 56
58 1 U 57
59 1 U 58
60 1 U 59
61 1 U 60
62 0 U 61
63 0 U -1
64 0 U 63
65 0 U 64
66 0 U 65
67 0 U 66
68 0 U 67
69 0 U 68
70 0 U 69
71 0 U 70
72 0 U -1
73 0 U 72
74 1 U 73
75 1 U 74
76 1 U 75
77 0 U 76
78 0 U 77
79 0 U 78
80 0 U 79
81 0 U -1
# score :80 1565200
# W : 667067 , H : 743943
82
0 0 U -1
1 1 U 0
2 1 U 1
3 0 U 2
4 1 U 3
5 1 U 4
6 1 U 5
7 0 U 6
8 1 U 7
9 1 U -1
10 1 U 9
11 1 U 10
12 1 U 11
13 0 U 12
14 0 U 13
15 1 U 14
16 1 U 15
17 1 U 16
18 0 U -1
19 1 U 18
20 0 U 19
21 0 U 20
22 0 U 21
23 1 U 22
24 1 U 23
25 0 U 24
26 1 U 25
27 1 U -1
28 0 U 27
29 1 U 28
30 1 U 29
31 0 U 30
32 0 U 31
33 1 U 32
34 0 U 33
35 0 U 34
36 1 U -1
37 0 U 36
38 0 U 37
39 0 U 38
40 1 U 39
41 1 U 40
42 1 U 41
43 1 U 42
44 1 U 43
45 1 U -1
46 0 U 45
47 0 U 46
48 1 U 47
49 0 U 48
50 1 U 49
51 1 U 50
52 0 U 51
53 0 U 52
54 0 U -1
55 0 U 54
56 0 U 55
57 0 U 56
58 0 U 57
59 0 U 58
60 1 U 59
61 1 U 60
62 0 U 61
63 1 U -1
64 1 U 63
65 0 U 64
66 1 U 65
67 0 U 66
68 0 U 67
69 1 U 68
70 1 U 69
71 0 U 70
72 1 U -1
73 0 U 72
74 1 U 73
75 1 U 74
76 1 U 75
77 1 U 76
78 1 U 77
79 1 U 78
80 1 U 79
81 1 U -1
# score :81 1513091
# W : 647315 , H : 691655
