70
0 0 U -1
1 0 U 0
2 0 U 1
3 0 U 2
4 0 U 3
5 0 U 4
6 0 U 5
7 0 U 6
8 0 U -1
9 0 U 8
10 0 U 9
11 0 U 10
12 0 U 11
13 0 U 12
14 0 U 13
15 0 U 14
16 0 U -1
17 0 U 16
18 0 U 17
19 0 U 18
20 0 U 19
21 0 U 20
22 0 U 21
23 0 U 22
24 0 U -1
25 0 U 24
26 0 U 25
27 0 U 26
28 0 U 27
29 0 U 28
30 0 U 29
31 0 U 30
32 0 U -1
33 0 U 32
34 0 U 33
35 0 U 34
36 0 U 35
37 0 U 36
38 0 U 37
39 0 U 38
40 0 U -1
41 0 U 40
42 0 U 41
43 0 U 42
44 0 U 43
45 0 U 44
46 0 U 45
47 0 U 46
48 0 U -1
49 0 U 48
50 0 U 49
51 0 U 50
52 0 U 51
53 0 U 52
54 0 U 53
55 0 U 54
56 0 U -1
57 0 U 56
58 0 U 57
59 0 U 58
60 0 U 59
61 0 U 60
62 0 U 61
63 0 U 62
64 0 U -1
65 0 U 64
66 0 U 65
67 0 U 66
68 0 U 67
69 0 U 68
# score :0 1367668
# W : 561976 , H : 790205
70
0 1 U -1
1 1 U 0
2 0 U 1
3 1 U 2
4 1 U 3
5 0 U 4
6 0 U 5
7 1 U 6
8 1 U -1
9 0 U 8
10 0 U 9
11 1 U 10
12 0 U 11
13 0 U 12
14 1 U 13
15 0 U 14
16 1 U -1
17 0 U 16
18 1 U 17
19 1 U 18
20 1 U 19
21 0 U 20
22 1 U 21
23 1 U 22
24 1 U -1
25 1 U 24
26 1 U 25
27 1 U 26
28 0 U 27
29 0 U 28
30 1 U 29
31 1 U 30
32 1 U -1
33 1 U 32
34 1 U 33
35 0 U 34
36 0 U 35
37 0 U 36
38 1 U 37
39 0 U 38
40 1 U -1
41 0 U 40
42 0 U 41
43 1 U 42
44 1 U 43
45 1 U 44
46 0 U 45
47 1 U 46
48 1 U -1
49 0 U 48
50 0 U 49
51 1 U 50
52 0 U 51
53 0 U 52
54 1 U 53
55 0 U 54
56 0 U -1
57 0 U 56
58 1 U 57
59 0 U 58
60 1 U 59
61 1 U 60
62 0 U 61
63 0 U 62
64 0 U -1
65 1 U 64
66 1 U 65
67 0 U 66
68 0 U 67
69 0 U 68
# score :1 1253146
# W : 676926 , H : 547303
70
0 0 U -1
1 0 U 0
2 0 U 1
3 0 U 2
4 0 U 3
5 0 U 4
6 0 U 5
7 0 U 6
8 0 U -1
9 0 U 8
10 0 U 9
11 0 U 10
12 0 U 11
13 0 U 12
14 0 U 13
15 0 U 14
16 0 U -1
17 0 U 16
18 0 U 17
19 0 U 18
20 0 U 19
21 0 U 20
22 0 U 21
23 0 U 22
24 0 U -1
25 0 U 24
26 0 U 25
27 0 U 26
28 0 U 27
29 0 U 28
30 0 U 29
31 0 U 30
32 0 U -1
33 0 U 32
34 0 U 33
35 0 U 34
36 0 U 35
37 0 U 36
38 0 U 37
39 0 U 38
40 0 U -1
41 0 U 40
42 0 U 41
43 0 U 42
44 0 U 43
45 0 U 44
46 0 U 45
47 0 U 46
48 0 U -1
49 0 U 48
50 0 U 49
51 0 U 50
52 0 U 51
53 0 U 52
54 0 U 53
55 0 U 54
56 0 U -1
57 0 U 56
58 0 U 57
59 0 U 58
60 0 U 59
61 0 U 60
62 0 U 61
63 0 U 62
64 0 L 56
65 0 L 57
66 0 L 58
67 0 L 59
68 0 L 60
69 0 L 61
# score :2 1597198
# W : 753084 , H : 735194
70
0 1 U -1
1 1 U 0
2 0 U 1
3 1 U 2
4 1 U 3
5 0 U 4
6 0 U 5
7 1 U 6
8 1 U -1
9 0 U 8
10 0 U 9
11 1 U 10
12 0 U 11
13 0 U 12
14 1 U 13
15 0 U 14
16 1 U -1
17 0 U 16
18 1 U 17
19 1 U 18
20 1 U 19
21 0 U 20
22 1 U 21
23 1 U 22
24 1 U -1
25 1 U 24
26 1 U 25
27 1 U 26
28 0 U 27
29 0 U 28
30 1 U 29
31 1 U 30
32 1 U -1
33 1 U 32
34 1 U 33
35 0 U 34
36 0 U 35
37 0 U 36
38 1 U 37
39 0 U 38
40 1 U -1
41 0 U 40
42 0 U 41
43 1 U 42
44 1 U 43
45 1 U 44
46 0 U 45
47 1 U 46
48 1 U -1
49 0 U 48
50 0 U 49
51 1 U 50
52 0 U 51
53 0 U 52
54 1 U 53
55 0 U 54
56 0 U -1
57 0 U 56
58 1 U 57
59 0 U 58
60 1 U 59
61 1 U 60
62 0 U 61
63 0 U 62
64 0 L 56
65 1 L 57
66 1 L 58
67 0 L 59
68 0 L 60
69 0 L 61
# score :3 1544044
# W : 1117685 , H : 528890
70
0 0 U -1
1 0 U 0
2 0 U 1
3 0 U 2
4 0 U 3
5 0 U 4
6 0 U 5
7 0 U 6
8 0 U -1
9 0 U 8
10 0 U 9
11 0 U 10
12 0 U 11
13 0 U 12
14 0 U 13
15 0 U 14
16 0 U -1
17 0 U 16
18 0 U 17
19 0 U 18
20 0 U 19
21 0 U 20
22 0 U 21
23 0 U 22
24 0 U -1
25 0 U 24
26 0 U 25
27 0 U 26
28 0 U 27
29 0 U 28
30 0 U 29
31 0 U 30
32 0 U -1
33 0 U 32
34 0 U 33
35 0 U 34
36 0 U 35
37 0 U 36
38 0 U 37
39 0 U 38
40 0 U -1
41 0 U 40
42 0 U 41
43 0 U 42
44 0 U 43
45 0 U 44
46 0 U 45
47 0 U 46
48 0 U -1
49 0 U 48
50 0 U 49
51 0 U 50
52 0 U 51
53 0 U 52
54 0 U 53
55 0 U 54
56 0 U -1
57 0 U 56
58 0 U 57
59 0 U 58
60 0 U 59
61 0 U 60
62 0 U 61
63 0 U 62
64 0 L 48
65 0 L 49
66 0 L 50
67 0 L 51
68 0 L 52
69 0 L 53
# score :4 1547243
# W : 912926 , H : 688029
70
0 1 U -1
1 1 U 0
2 0 U 1
3 1 U 2
4 1 U 3
5 0 U 4
6 0 U 5
7 1 U 6
8 1 U -1
9 0 U 8
10 0 U 9
11 1 U 10
12 0 U 11
13 0 U 12
14 1 U 13
15 0 U 14
16 1 U -1
17 0 U 16
18 1 U 17
19 1 U 18
20 1 U 19
21 0 U 20
22 1 U 21
23 1 U 22
24 1 U -1
25 1 U 24
26 1 U 25
27 1 U 26
28 0 U 27
29 0 U 28
30 1 U 29
31 1 U 30
32 1 U -1
33 1 U 32
34 1 U 33
35 0 U 34
36 0 U 35
37 0 U 36
38 1 U 37
39 0 U 38
40 1 U -1
41 0 U 40
42 0 U 41
43 1 U 42
44 1 U 43
45 1 U 44
46 0 U 45
47 1 U 46
48 1 U -1
49 0 U 48
50 0 U 49
51 1 U 50
52 0 U 51
53 0 U 52
54 1 U 53
55 0 U 54
56 0 U -1
57 0 U 56
58 1 U 57
59 0 U 58
60 1 U 59
61 1 U 60
62 0 U 61
63 0 U 62
64 0 L 48
65 1 L 49
66 1 L 50
67 0 L 51
68 0 L 52
69 0 L 53
# score :5 1647556
# W : 1020701 , H : 463131
70
0 0 U -1
1 0 U 0
2 0 U 1
3 0 U 2
4 0 U 3
5 0 U 4
6 0 U 5
7 0 U 6
8 0 U -1
9 0 U 8
10 0 U 9
11 0 U 10
12 0 U 11
13 0 U 12
14 0 U 13
15 0 U 14
16 0 U -1
17 0 U 16
18 0 U 17
19 0 U 18
20 0 U 19
21 0 U 20
22 0 U 21
23 0 U 22
24 0 U -1
25 0 U 24
26 0 U 25
27 0 U 26
28 0 U 27
29 0 U 28
30 0 U 29
31 0 U 30
32 0 U -1
33 0 U 32
34 0 U 33
35 0 U 34
36 0 U 35
37 0 U 36
38 0 U 37
39 0 U 38
40 0 U -1
41 0 U 40
42 0 U 41
43 0 U 42
44 0 U 43
45 0 U 44
46 0 U 45
47 0 U 46
48 0 U -1
49 0 U 48
50 0 U 49
51 0 U 50
52 0 U 51
53 0 U 52
54 0 U 53
55 0 U 54
56 0 U -1
57 0 U 56
58 0 U 57
59 0 U 58
60 0 U 59
61 0 U 60
62 0 U 61
63 0 U 62
64 0 L 48
65 0 L 49
66 0 L 50
67 0 L 51
68 0 L 52
69 0 L 53
# score :6 1547243
# W : 911656 , H : 696210
70
0 1 U -1
1 1 U 0
2 0 U 1
3 1 U 2
4 1 U 3
5 0 U 4
6 0 U 5
7 1 U 6
8 1 U -1
9 0 U 8
10 0 U 9
11 1 U 10
12 0 U 11
13 0 U 12
14 1 U 13
15 0 U 14
16 1 U -1
17 0 U 16
18 1 U 17
19 1 U 18
20 1 U 19
21 0 U 20
22 1 U 21
23 1 U 22
24 1 U -1
25 1 U 24
26 1 U 25
27 1 U 26
28 0 U 27
29 0 U 28
30 1 U 29
31 1 U 30
32 1 U -1
33 1 U 32
34 1 U 33
35 0 U 34
36 0 U 35
37 0 U 36
38 1 U 37
39 0 U 38
40 1 U -1
41 0 U 40
42 0 U 41
43 1 U 42
44 1 U 43
45 1 U 44
46 0 U 45
47 1 U 46
48 1 U -1
49 0 U 48
50 0 U 49
51 1 U 50
52 0 U 51
53 0 U 52
54 1 U 53
55 0 U 54
56 0 U -1
57 0 U 56
58 1 U 57
59 0 U 58
60 1 U 59
61 1 U 60
62 0 U 61
63 0 U 62
64 0 L 48
65 1 L 49
66 1 L 50
67 0 L 51
68 0 L 52
69 0 L 53
# score :7 1647556
# W : 1035830 , H : 474593
70
0 1 U -1
1 0 U 0
2 1 U 1
3 0 U 2
4 1 U 3
5 0 U 4
6 0 U 5
7 1 U 6
8 0 U -1
9 1 U 8
10 0 U 9
11 1 U 10
12 1 U 11
13 1 U 12
14 1 U 13
15 1 U 14
16 1 U -1
17 1 U 16
18 0 U 17
19 1 U 18
20 1 U 19
21 1 U 20
22 1 U 21
23 0 U 22
24 0 U -1
25 0 U 24
26 1 U 25
27 1 U 26
28 0 U 27
29 0 U 28
30 0 U 29
31 1 U 30
32 0 U -1
33 1 U 32
34 1 U 33
35 1 U 34
36 0 U 35
37 0 U 36
38 1 U 37
39 1 U 38
40 1 U -1
41 1 U 40
42 0 U 41
43 0 U 42
44 1 U 43
45 1 U 44
46 1 U 45
47 1 U 46
48 1 U -1
49 0 U 48
50 0 U 49
51 1 U 50
52 0 U 51
53 1 U 52
54 0 U 53
55 0 U 54
56 0 U -1
57 1 U 56
58 1 U 57
59 1 U 58
60 1 U 59
61 1 U 60
62 1 U 61
63 0 U 62
64 1 U -1
65 0 U 64
66 1 U 65
67 0 U 66
68 1 U 67
69 0 U 68
# score :8 1362868
# W : 595141 , H : 647959
70
0 0 U -1
1 0 U 0
2 1 U 1
3 1 U 2
4 0 U 3
5 1 U 4
6 0 U 5
7 0 U 6
8 0 U -1
9 0 U 8
10 0 U 9
11 1 U 10
12 0 U 11
13 0 U 12
14 0 U 13
15 1 U 14
16 1 U -1
17 1 U 16
18 0 U 17
19 1 U 18
20 0 U 19
21 0 U 20
22 0 U 21
23 0 U 22
24 1 U -1
25 1 U 24
26 0 U 25
27 0 U 26
28 0 U 27
29 1 U 28
30 1 U 29
31 0 U 30
32 1 U -1
33 0 U 32
34 0 U 33
35 1 U 34
36 1 U 35
37 0 U 36
38 0 U 37
39 1 U 38
40 0 U -1
41 0 U 40
42 0 U 41
43 1 U 42
44 1 U 43
45 0 U 44
46 1 U 45
47 0 U 46
48 0 U -1
49 0 U 48
50 0 U 49
51 1 U 50
52 0 U 51
53 0 U 52
54 1 U 53
55 1 U 54
56 0 U -1
57 1 U 56
58 0 U 57
59 1 U 58
60 1 U 59
61 1 U 60
62 0 U 61
63 1 U 62
64 0 U -1
65 1 U 64
66 1 U 65
67 1 U 66
68 1 U 67
69 0 U 68
# score :9 1307075
# W : 551712 , H : 713184
70
0 1 U -1
1 1 U 0
2 1 U 1
3 1 U 2
4 1 U 3
5 0 U 4
6 1 U 5
7 0 U 6
8 0 U -1
9 0 U 8
10 0 U 9
11 1 U 10
12 1 U 11
13 1 U 12
14 0 U 13
15 1 U 14
16 0 U -1
17 0 U 16
18 1 U 17
19 0 U 18
20 0 U 19
21 0 U 20
22 1 U 21
23 1 U 22
24 0 U -1
25 1 U 24
26 0 U 25
27 0 U 26
28 1 U 27
29 1 U 28
30 1 U 29
31 0 U 30
32 0 U -1
33 0 U 32
34 0 U 33
35 1 U 34
36 0 U 35
37 0 U 36
38 1 U 37
39 0 U 38
40 1 U -1
41 0 U 40
42 1 U 41
43 1 U 42
44 0 U 43
45 0 U 44
46 1 U 45
47 0 U 46
48 0 U -1
49 1 U 48
50 0 U 49
51 1 U 50
52 0 U 51
53 1 U 52
54 0 U 53
55 0 U 54
56 1 U -1
57 0 U 56
58 0 U 57
59 1 U 58
60 1 U 59
61 1 U 60
62 1 U 61
63 0 U 62
64 0 L 56
65 0 L 57
66 0 L 58
67 1 L 59
68 1 L 60
69 0 L 61
# score :10 1437760
# W : 804834 , H : 671268
70
0 1 U -1
1 0 U 0
2 0 U 1
3 1 U 2
4 0 U 3
5 1 U 4
6 1 U 5
7 0 U 6
8 0 U -1
9 0 U 8
10 1 U 9
11 0 U 10
12 1 U 11
13 1 U 12
14 0 U 13
15 1 U 14
16 1 U -1
17 0 U 16
18 1 U 17
19 1 U 18
20 0 U 19
21 0 U 20
22 0 U 21
23 0 U 22
24 0 U -1
25 1 U 24
26 0 U 25
27 0 U 26
28 0 U 27
29 1 U 28
30 0 U 29
31 0 U 30
32 0 U -1
33 1 U 32
34 1 U 33
35 0 U 34
36 0 U 35
37 1 U 36
38 1 U 37
39 0 U 38
40 0 U -1
41 1 U 40
42 0 U 41
43 1 U 42
44 0 U 43
45 1 U 44
46 1 U 45
47 1 U 46
48 1 U -1
49 0 U 48
50 1 U 49
51 0 U 50
52 0 U 51
53 0 U 52
54 0 U 53
55 0 U 54
56 1 U -1
57 0 U 56
58 1 U 57
59 0 U 58
60 0 U 59
61 1 U 60
62 1 U 61
63 1 U 62
64 0 L 56
65 1 L 57
66 1 L 58
67 0 L 59
68 0 L 60
69 1 L 61
# score :11 1623732
# W : 860933 , H : 736776
70
0 1 U -1
1 1 U 0
2 0 U 1
3 0 U 2
4 1 U 3
5 1 U 4
6 0 U 5
7 1 U 6
8 0 U -1
9 0 U 8
10 1 U 9
11 0 U 10
12 1 U 11
13 1 U 12
14 1 U 13
15 0 U 14
16 0 U -1
17 0 U 16
18 1 U 17
19 0 U 18
20 1 U 19
21 0 U 20
22 1 U 21
23 1 U 22
24 1 U -1
25 1 U 24
26 1 U 25
27 1 U 26
28 0 U 27
29 0 U 28
30 1 U 29
31 0 U 30
32 1 U -1
33 0 U 32
34 1 U 33
35 0 U 34
36 1 U 35
37 0 U 36
38 0 U 37
39 1 U 38
40 0 U -1
41 1 U 40
42 0 U 41
43 1 U 42
44 1 U 43
45 0 U 44
46 0 U 45
47 0 U 46
48 1 U -1
49 1 U 48
50 0 U 49
51 0 U 50
52 0 U 51
53 1 U 52
54 1 U 53
55 0 U 54
56 1 U -1
57 0 U 56
58 0 U 57
59 1 U 58
60 1 U 59
61 1 U 60
62 1 U 61
63 0 U 62
64 1 L 48
65 0 L 49
66 1 L 50
67 0 L 51
68 1 L 52
69 1 L 53
# score :12 1471684
# W : 856707 , H : 594354
70
0 1 U -1
1 1 U 0
2 1 U 1
3 1 U 2
4 0 U 3
5 1 U 4
6 1 U 5
7 0 U 6
8 0 U -1
9 1 U 8
10 1 U 9
11 1 U 10
12 0 U 11
13 0 U 12
14 1 U 13
15 1 U 14
16 1 U -1
17 1 U 16
18 0 U 17
19 0 U 18
20 1 U 19
21 1 U 20
22 0 U 21
23 0 U 22
24 0 U -1
25 0 U 24
26 0 U 25
27 0 U 26
28 0 U 27
29 0 U 28
30 1 U 29
31 0 U 30
32 0 U -1
33 0 U 32
34 1 U 33
35 1 U 34
36 0 U 35
37 1 U 36
38 0 U 37
39 1 U 38
40 0 U -1
41 0 U 40
42 0 U 41
43 1 U 42
44 0 U 43
45 1 U 44
46 1 U 45
47 0 U 46
48 1 U -1
49 1 U 48
50 1 U 49
51 1 U 50
52 0 U 51
53 0 U 52
54 1 U 53
55 1 U 54
56 1 U -1
57 0 U 56
58 1 U 57
59 0 U 58
60 0 U 59
61 0 U 60
62 0 U 61
63 1 U 62
64 0 L 48
65 0 L 49
66 1 L 50
67 0 L 51
68 1 L 52
69 0 L 53
# score :13 1540240
# W : 864424 , H : 628966
70
0 1 U -1
1 1 U 0
2 0 U 1
3 1 U 2
4 1 U 3
5 1 U 4
6 0 U 5
7 1 U 6
8 0 U -1
9 1 U 8
10 1 U 9
11 0 U 10
12 1 U 11
13 1 U 12
14 0 U 13
15 1 U 14
16 0 U -1
17 1 U 16
18 0 U 17
19 0 U 18
20 0 U 19
21 1 U 20
22 1 U 21
23 0 U 22
24 0 U -1
25 1 U 24
26 0 U 25
27 0 U 26
28 1 U 27
29 0 U 28
30 1 U 29
31 0 U 30
32 0 U -1
33 1 U 32
34 0 U 33
35 1 U 34
36 0 U 35
37 1 U 36
38 0 U 37
39 1 U 38
40 0 U -1
41 1 U 40
42 0 U 41
43 0 U 42
44 1 U 43
45 0 U 44
46 0 U 45
47 0 U 46
48 1 U -1
49 0 U 48
50 1 U 49
51 0 U 50
52 0 U 51
53 0 U 52
54 1 U 53
55 1 U 54
56 1 U -1
57 1 U 56
58 1 U 57
59 1 U 58
60 0 U 59
61 1 U 60
62 1 U 61
63 1 U 62
64 0 L 48
65 1 L 49
66 0 L 50
67 1 L 51
68 1 L 52
69 1 L 53
# score :14 1522479
# W : 849067 , H : 639252
70
0 0 U -1
1 0 U 0
2 1 U 1
3 1 U 2
4 0 U 3
5 1 U 4
6 1 U 5
7 0 U 6
8 1 U -1
9 0 U 8
10 0 U 9
11 0 U 10
12 1 U 11
13 1 U 12
14 0 U 13
15 0 U 14
16 1 U -1
17 0 U 16
18 1 U 17
19 1 U 18
20 0 U 19
21 1 U 20
22 1 U 21
23 1 U 22
24 0 U -1
25 1 U 24
26 1 U 25
27 0 U 26
28 1 U 27
29 1 U 28
30 1 U 29
31 0 U 30
32 0 U -1
33 1 U 32
34 0 U 33
35 1 U 34
36 0 U 35
37 0 U 36
38 1 U 37
39 0 U 38
40 1 U -1
41 0 U 40
42 0 U 41
43 1 U 42
44 1 U 43
45 0 U 44
46 1 U 45
47 0 U 46
48 1 U -1
49 1 U 48
50 0 U 49
51 1 U 50
52 1 U 51
53 1 U 52
54 0 U 53
55 0 U 54
56 0 U -1
57 1 U 56
58 1 U 57
59 0 U 58
60 1 U 59
61 0 U 60
62 0 U 61
63 0 U 62
64 1 L 48
65 0 L 49
66 0 L 50
67 1 L 51
68 1 L 52
69 1 L 53
# score :15 1487263
# W : 862564 , H : 670411
70
0 1 U -1
1 0 U 0
2 0 U 1
3 1 U 2
4 1 U 3
5 1 U 4
6 1 U 5
7 0 U 6
8 1 U -1
9 0 U 8
10 0 U 9
11 0 U 10
12 0 U 11
13 0 U 12
14 1 U 13
15 0 U 14
16 1 U -1
17 0 U 16
18 1 U 17
19 1 U 18
20 1 U 19
21 0 U 20
22 1 U 21
23 0 U 22
24 1 U -1
25 1 U 24
26 0 U 25
27 0 U 26
28 0 U 27
29 0 U 28
30 1 U 29
31 0 U 30
32 0 U -1
33 0 U 32
34 0 U 33
35 1 U 34
36 0 U 35
37 0 U 36
38 0 U 37
39 1 U 38
40 1 U -1
41 0 U 40
42 1 U 41
43 0 U 42
44 1 U 43
45 0 U 44
46 0 U 45
47 1 U 46
48 1 U -1
49 0 U 48
50 1 U 49
51 1 U 50
52 1 U 51
53 1 U 52
54 1 U 53
55 0 U 54
56 0 U -1
57 0 U 56
58 1 U 57
59 1 U 58
60 1 U 59
61 0 U 60
62 1 U 61
63 1 U 62
64 0 U -1
65 0 U 64
66 1 U 65
67 1 U 66
68 0 U 67
69 1 U 68
# score :16 1278507
# W : 579432 , H : 682434
70
0 1 U -1
1 1 U 0
2 0 U 1
3 0 U 2
4 0 U 3
5 1 U 4
6 0 U 5
7 1 U 6
8 0 U -1
9 0 U 8
10 1 U 9
11 1 U 10
12 0 U 11
13 1 U 12
14 0 U 13
15 1 U 14
16 0 U -1
17 1 U 16
18 0 U 17
19 1 U 18
20 1 U 19
21 1 U 20
22 1 U 21
23 1 U 22
24 1 U -1
25 1 U 24
26 1 U 25
27 1 U 26
28 1 U 27
29 0 U 28
30 0 U 29
31 1 U 30
32 1 U -1
33 1 U 32
34 0 U 33
35 1 U 34
36 0 U 35
37 1 U 36
38 0 U 37
39 1 U 38
40 1 U -1
41 1 U 40
42 0 U 41
43 0 U 42
44 0 U 43
45 1 U 44
46 1 U 45
47 1 U 46
48 1 U -1
49 0 U 48
50 0 U 49
51 0 U 50
52 0 U 51
53 0 U 52
54 1 U 53
55 1 U 54
56 1 U -1
57 1 U 56
58 1 U 57
59 0 U 58
60 1 U 59
61 0 U 60
62 1 U 61
63 0 U 62
64 0 U -1
65 1 U 64
66 1 U 65
67 0 U 66
68 1 U 67
69 0 U 68
# score :17 1266560
# W : 552107 , H : 738300
70
0 0 U -1
1 0 U 0
2 1 U 1
3 1 U 2
4 1 U 3
5 0 U 4
6 1 U 5
7 0 U 6
8 1 U -1
9 0 U 8
10 0 U 9
11 0 U 10
12 0 U 11
13 0 U 12
14 0 U 13
15 0 U 14
16 1 U -1
17 0 U 16
18 1 U 17
19 1 U 18
20 1 U 19
21 0 U 20
22 0 U 21
23 0 U 22
24 1 U -1
25 1 U 24
26 0 U 25
27 0 U 26
28 1 U 27
29 1 U 28
30 1 U 29
31 1 U 30
32 0 U -1
33 0 U 32
34 1 U 33
35 0 U 34
36 1 U 35
37 0 U 36
38 0 U 37
39 0 U 38
40 1 U -1
41 0 U 40
42 1 U 41
43 1 U 42
44 0 U 43
45 1 U 44
46 1 U 45
47 0 U 46
48 0 U -1
49 1 U 48
50 1 U 49
51 0 U 50
52 1 U 51
53 1 U 52
54 1 U 53
55 0 U 54
56 0 U -1
57 1 U 56
58 0 U 57
59 0 U 58
60 0 U 59
61 1 U 60
62 1 U 61
63 1 U 62
64 1 L 56
65 0 L 57
66 0 L 58
67 0 L 59
68 1 L 60
69 0 L 61
# score :18 1545362
# W : 774653 , H : 693889
70
0 1 U -1
1 0 U 0
2 1 U 1
3 0 U 2
4 1 U 3
5 1 U 4
6 1 U 5
7 0 U 6
8 1 U -1
9 1 U 8
10 0 U 9
11 0 U 10
12 0 U 11
13 0 U 12
14 0 U 13
15 0 U 14
16 1 U -1
17 0 U 16
18 0 U 17
19 0 U 18
20 1 U 19
21 1 U 20
22 1 U 21
23 1 U 22
24 1 U -1
25 1 U 24
26 0 U 25
27 1 U 26
28 1 U 27
29 0 U 28
30 1 U 29
31 0 U 30
32 0 U -1
33 1 U 32
34 0 U 33
35 1 U 34
36 1 U 35
37 1 U 36
38 1 U 37
39 0 U 38
40 1 U -1
41 0 U 40
42 0 U 41
43 0 U 42
44 1 U 43
45 1 U 44
46 0 U 45
47 0 U 46
48 0 U -1
49 0 U 48
50 1 U 49
51 0 U 50
52 0 U 51
53 0 U 52
54 0 U 53
55 1 U 54
56 1 U -1
57 0 U 56
58 1 U 57
59 1 U 58
60 0 U 59
61 1 U 60
62 1 U 61
63 0 U 62
64 0 L 56
65 0 L 57
66 1 L 58
67 0 L 59
68 1 L 60
69 0 L 61
# score :19 1537106
# W : 719304 , H : 644808
70
0 1 U -1
1 0 U 0
2 1 U 1
3 0 U 2
4 0 U 3
5 1 U 4
6 1 U 5
7 1 U 6
8 1 U -1
9 0 U 8
10 0 U 9
11 0 U 10
12 0 U 11
13 1 U 12
14 0 U 13
15 1 U 14
16 1 U -1
17 1 U 16
18 1 U 17
19 0 U 18
20 1 U 19
21 1 U 20
22 1 U 21
23 0 U 22
24 1 U -1
25 0 U 24
26 0 U 25
27 1 U 26
28 1 U 27
29 1 U 28
30 1 U 29
31 1 U 30
32 0 U -1
33 1 U 32
34 1 U 33
35 1 U 34
36 0 U 35
37 0 U 36
38 1 U 37
39 0 U 38
40 1 U -1
41 0 U 40
42 1 U 41
43 0 U 42
44 1 U 43
45 0 U 44
46 0 U 45
47 1 U 46
48 1 U -1
49 1 U 48
50 0 U 49
51 0 U 50
52 1 U 51
53 1 U 52
54 0 U 53
55 1 U 54
56 0 U -1
57 1 U 56
58 0 U 57
59 1 U 58
60 1 U 59
61 1 U 60
62 0 U 61
63 0 U 62
64 1 L 48
65 1 L 49
66 0 L 50
67 0 L 51
68 0 L 52
69 0 L 53
# score :20 1495776
# W : 822476 , H : 594423
70
0 0 U -1
1 1 U 0
2 1 U 1
3 1 U 2
4 0 U 3
5 0 U 4
6 1 U 5
7 0 U 6
8 1 U -1
9 0 U 8
10 0 U 9
11 1 U 10
12 0 U 11
13 0 U 12
14 1 U 13
15 1 U 14
16 0 U -1
17 1 U 16
18 0 U 17
19 0 U 18
20 0 U 19
21 0 U 20
22 1 U 21
23 1 U 22
24 1 U -1
25 0 U 24
26 0 U 25
27 1 U 26
28 0 U 27
29 1 U 28
30 0 U 29
31 0 U 30
32 1 U -1
33 1 U 32
34 1 U 33
35 0 U 34
36 1 U 35
37 0 U 36
38 0 U 37
39 1 U 38
40 0 U -1
41 0 U 40
42 1 U 41
43 0 U 42
44 0 U 43
45 1 U 44
46 1 U 45
47 1 U 46
48 1 U -1
49 1 U 48
50 1 U 49
51 0 U 50
52 1 U 51
53 1 U 52
54 0 U 53
55 1 U 54
56 0 U -1
57 0 U 56
58 0 U 57
59 0 U 58
60 0 U 59
61 0 U 60
62 1 U 61
63 1 U 62
64 1 L 48
65 1 L 49
66 1 L 50
67 1 L 51
68 0 L 52
69 1 L 53
# score :21 1534406
# W : 884841 , H : 660100
70
0 0 U -1
1 1 U 0
2 0 U 1
3 0 U 2
4 1 U 3
5 0 U 4
6 1 U 5
7 0 U 6
8 1 U -1
9 0 U 8
10 0 U 9
11 1 U 10
12 0 U 11
13 1 U 12
14 0 U 13
15 1 U 14
16 0 U -1
17 1 U 16
18 1 U 17
19 0 U 18
20 1 U 19
21 1 U 20
22 1 U 21
23 0 U 22
24 1 U -1
25 0 U 24
26 1 U 25
27 0 U 26
28 1 U 27
29 0 U 28
30 1 U 29
31 1 U 30
32 0 U -1
33 1 U 32
34 1 U 33
35 1 U 34
36 0 U 35
37 1 U 36
38 1 U 37
39 1 U 38
40 1 U -1
41 0 U 40
42 0 U 41
43 0 U 42
44 1 U 43
45 0 U 44
46 1 U 45
47 1 U 46
48 1 U -1
49 0 U 48
50 1 U 49
51 0 U 50
52 1 U 51
53 1 U 52
54 1 U 53
55 0 U 54
56 0 U -1
57 0 U 56
58 1 U 57
59 1 U 58
60 1 U 59
61 0 U 60
62 1 U 61
63 0 U 62
64 0 L 48
65 1 L 49
66 1 L 50
67 0 L 51
68 0 L 52
69 1 L 53
# score :22 1572568
# W : 835988 , H : 645898
70
0 0 U -1
1 0 U 0
2 0 U 1
3 0 U 2
4 1 U 3
5 1 U 4
6 1 U 5
7 0 U 6
8 0 U -1
9 0 U 8
10 0 U 9
11 0 U 10
12 0 U 11
13 0 U 12
14 1 U 13
15 1 U 14
16 0 U -1
17 0 U 16
18 0 U 17
19 0 U 18
20 1 U 19
21 0 U 20
22 1 U 21
23 1 U 22
24 0 U -1
25 0 U 24
26 1 U 25
27 1 U 26
28 1 U 27
29 0 U 28
30 0 U 29
31 1 U 30
32 0 U -1
33 0 U 32
34 0 U 33
35 1 U 34
36 1 U 35
37 0 U 36
38 1 U 37
39 0 U 38
40 0 U -1
41 1 U 40
42 0 U 41
43 1 U 42
44 1 U 43
45 1 U 44
46 0 U 45
47 0 U 46
48 0 U -1
49 1 U 48
50 0 U 49
51 1 U 50
52 1 U 51
53 0 U 52
54 0 U 53
55 0 U 54
56 1 U -1
57 0 U 56
58 0 U 57
59 0 U 58
60 1 U 59
61 1 U 60
62 0 U 61
63 0 U 62
64 0 L 48
65 0 L 49
66 0 L 50
67 1 L 51
68 1 L 52
69 0 L 53
# score :23 1413712
# W : 833571 , H : 675400
70
0 0 U -1
1 0 U 0
2 1 U 1
3 1 U 2
4 0 U 3
5 1 U 4
6 0 U 5
7 1 U 6
8 0 U -1
9 0 U 8
10 1 U 9
11 1 U 10
12 0 U 11
13 0 U 12
14 0 U 13
15 1 U 14
16 1 U -1
17 1 U 16
18 0 U 17
19 1 U 18
20 0 U 19
21 1 U 20
22 0 U 21
23 1 U 22
24 1 U -1
25 1 U 24
26 1 U 25
27 1 U 26
28 1 U 27
29 1 U 28
30 1 U 29
31 0 U 30
32 1 U -1
33 1 U 32
34 1 U 33
35 1 U 34
36 0 U 35
37 0 U 36
38 1 U 37
39 0 U 38
40 0 U -1
41 1 U 40
42 1 U 41
43 1 U 42
44 1 U 43
45 0 U 44
46 1 U 45
47 1 U 46
48 1 U -1
49 0 U 48
50 1 U 49
51 0 U 50
52 0 U 51
53 0 U 52
54 1 U 53
55 1 U 54
56 0 U -1
57 1 U 56
58 0 U 57
59 1 U 58
60 0 U 59
61 1 U 60
62 0 U 61
63 0 U 62
64 0 U -1
65 1 U 64
66 0 U 65
67 1 U 66
68 1 U 67
69 1 U 68
# score :24 1381037
# W : 635793 , H : 701117
70
0 0 U -1
1 0 U 0
2 0 U 1
3 0 U 2
4 1 U 3
5 0 U 4
6 0 U 5
7 1 U 6
8 0 U -1
9 1 U 8
10 0 U 9
11 0 U 10
12 1 U 11
13 0 U 12
14 1 U 13
15 0 U 14
16 0 U -1
17 0 U 16
18 1 U 17
19 1 U 18
20 1 U 19
21 0 U 20
22 1 U 21
23 0 U 22
24 1 U -1
25 0 U 24
26 1 U 25
27 0 U 26
28 1 U 27
29 1 U 28
30 0 U 29
31 0 U 30
32 1 U -1
33 1 U 32
34 1 U 33
35 0 U 34
36 1 U 35
37 1 U 36
38 0 U 37
39 0 U 38
40 0 U -1
41 0 U 40
42 1 U 41
43 1 U 42
44 0 U 43
45 0 U 44
46 0 U 45
47 0 U 46
48 0 U -1
49 0 U 48
50 1 U 49
51 1 U 50
52 0 U 51
53 1 U 52
54 0 U 53
55 0 U 54
56 0 U -1
57 1 U 56
58 0 U 57
59 1 U 58
60 0 U 59
61 0 U 60
62 1 U 61
63 0 U 62
64 0 U -1
65 0 U 64
66 0 U 65
67 0 U 66
68 0 U 67
69 0 U 68
# score :25 1345419
# W : 607607 , H : 723910
70
0 0 U -1
1 1 U 0
2 1 U 1
3 0 U 2
4 0 U 3
5 0 U 4
6 0 U 5
7 0 U 6
8 1 U -1
9 1 U 8
10 0 U 9
11 1 U 10
12 1 U 11
13 1 U 12
14 1 U 13
15 0 U 14
16 1 U -1
17 1 U 16
18 1 U 17
19 0 U 18
20 0 U 19
21 0 U 20
22 1 U 21
23 0 U 22
24 1 U -1
25 1 U 24
26 1 U 25
27 0 U 26
28 0 U 27
29 1 U 28
30 1 U 29
31 0 U 30
32 1 U -1
33 0 U 32
34 1 U 33
35 0 U 34
36 1 U 35
37 1 U 36
38 1 U 37
39 0 U 38
40 0 U -1
41 0 U 40
42 1 U 41
43 0 U 42
44 1 U 43
45 0 U 44
46 0 U 45
47 1 U 46
48 0 U -1
49 1 U 48
50 1 U 49
51 1 U 50
52 1 U 51
53 1 U 52
54 1 U 53
55 1 U 54
56 0 U -1
57 1 U 56
58 1 U 57
59 1 U 58
60 0 U 59
61 0 U 60
62 1 U 61
63 0 U 62
64 1 L 56
65 1 L 57
66 0 L 58
67 1 L 59
68 0 L 60
69 0 L 61
# score :26 1558352
# W : 809836 , H : 685099
70
0 0 U -1
1 0 U 0
2 1 U 1
3 0 U 2
4 0 U 3
5 1 U 4
6 1 U 5
7 0 U 6
8 1 U -1
9 1 U 8
10 0 U 9
11 1 U 10
12 1 U 11
13 1 U 12
14 1 U 13
15 1 U 14
16 0 U -1
17 1 U 16
18 0 U 17
19 1 U 18
20 1 U 19
21 1 U 20
22 1 U 21
23 1 U 22
24 0 U -1
25 1 U 24
26 1 U 25
27 0 U 26
28 0 U 27
29 0 U 28
30 0 U 29
31 1 U 30
32 0 U -1
33 1 U 32
34 0 U 33
35 0 U 34
36 0 U 35
37 1 U 36
38 0 U 37
39 0 U 38
40 1 U -1
41 0 U 40
42 0 U 41
43 1 U 42
44 0 U 43
45 0 U 44
46 1 U 45
47 0 U 46
48 1 U -1
49 1 U 48
50 0 U 49
51 0 U 50
52 0 U 51
53 1 U 52
54 0 U 53
55 0 U 54
56 0 U -1
57 1 U 56
58 0 U 57
59 1 U 58
60 0 U 59
61 1 U 60
62 1 U 61
63 0 U 62
64 0 L 56
65 1 L 57
66 0 L 58
67 0 L 59
68 0 L 60
69 1 L 61
# score :27 1611814
# W : 843555 , H : 766224
70
0 1 U -1
1 1 U 0
2 0 U 1
3 1 U 2
4 1 U 3
5 1 U 4
6 1 U 5
7 0 U 6
8 0 U -1
9 0 U 8
10 0 U 9
11 1 U 10
12 0 U 11
13 1 U 12
14 1 U 13
15 1 U 14
16 1 U -1
17 1 U 16
18 0 U 17
19 1 U 18
20 1 U 19
21 0 U 20
22 1 U 21
23 0 U 22
24 0 U -1
25 0 U 24
26 0 U 25
27 1 U 26
28 1 U 27
29 0 U 28
30 0 U 29
31 1 U 30
32 0 U -1
33 1 U 32
34 1 U 33
35 0 U 34
36 1 U 35
37 1 U 36
38 1 U 37
39 1 U 38
40 1 U -1
41 0 U 40
42 0 U 41
43 0 U 42
44 1 U 43
45 0 U 44
46 1 U 45
47 0 U 46
48 1 U -1
49 0 U 48
50 0 U 49
51 0 U 50
52 0 U 51
53 0 U 52
54 1 U 53
55 1 U 54
56 0 U -1
57 1 U 56
58 0 U 57
59 0 U 58
60 1 U 59
61 1 U 60
62 1 U 61
63 1 U 62
64 1 L 48
65 1 L 49
66 0 L 50
67 0 L 51
68 1 L 52
69 1 L 53
# score :28 1602908
# W : 880383 , H : 640972
70
0 1 U -1
1 1 U 0
2 0 U 1
3 0 U 2
4 1 U 3
5 0 U 4
6 1 U 5
7 0 U 6
8 1 U -1
9 0 U 8
10 0 U 9
11 0 U 10
12 1 U 11
13 0 U 12
14 1 U 13
15 1 U 14
16 1 U -1
17 1 U 16
18 1 U 17
19 1 U 18
20 0 U 19
21 0 U 20
22 1 U 21
23 1 U 22
24 1 U -1
25 1 U 24
26 0 U 25
27 1 U 26
28 1 U 27
29 0 U 28
30 0 U 29
31 0 U 30
32 0 U -1
33 0 U 32
34 1 U 33
35 0 U 34
36 0 U 35
37 1 U 36
38 1 U 37
39 1 U 38
40 1 U -1
41 1 U 40
42 0 U 41
43 1 U 42
44 1 U 43
45 0 U 44
46 1 U 45
47 0 U 46
48 1 U -1
49 0 U 48
50 1 U 49
51 0 U 50
52 1 U 51
53 0 U 52
54 0 U 53
55 0 U 54
56 0 U -1
57 1 U 56
58 1 U 57
59 1 U 58
60 1 U 59
61 0 U 60
62 0 U 61
63 0 U 62
64 0 L 48
65 1 L 49
66 1 L 50
67 1 L 51
68 1 L 52
69 0 L 53
# score :29 1613326
# W : 1010535 , H : 649990
70
0 0 U -1
1 0 U 0
2 1 U 1
3 1 U 2
4 0 U 3
5 1 U 4
6 1 U 5
7 0 U 6
8 1 U -1
9 1 U 8
10 0 U 9
11 1 U 10
12 0 U 11
13 0 U 12
14 0 U 13
15 0 U 14
16 1 U -1
17 1 U 16
18 1 U 17
19 1 U 18
20 0 U 19
21 0 U 20
22 0 U 21
23 1 U 22
24 1 U -1
25 0 U 24
26 0 U 25
27 1 U 26
28 0 U 27
29 0 U 28
30 1 U 29
31 1 U 30
32 1 U -1
33 0 U 32
34 1 U 33
35 0 U 34
36 0 U 35
37 1 U 36
38 1 U 37
39 1 U 38
40 0 U -1
41 0 U 40
42 0 U 41
43 1 U 42
44 1 U 43
45 0 U 44
46 1 U 45
47 0 U 46
48 0 U -1
49 0 U 48
50 0 U 49
51 1 U 50
52 1 U 51
53 1 U 52
54 1 U 53
55 1 U 54
56 0 U -1
57 0 U 56
58 0 U 57
59 1 U 58
60 1 U 59
61 1 U 60
62 1 U 61
63 1 U 62
64 0 L 48
65 1 L 49
66 0 L 50
67 1 L 51
68 0 L 52
69 0 L 53
# score :30 1604944
# W : 902637 , H : 662194
70
0 1 U -1
1 1 U 0
2 1 U 1
3 0 U 2
4 0 U 3
5 1 U 4
6 1 U 5
7 0 U 6
8 0 U -1
9 1 U 8
10 0 U 9
11 1 U 10
12 0 U 11
13 1 U 12
14 0 U 13
15 0 U 14
16 1 U -1
17 1 U 16
18 1 U 17
19 1 U 18
20 1 U 19
21 1 U 20
22 0 U 21
23 1 U 22
24 0 U -1
25 1 U 24
26 0 U 25
27 1 U 26
28 1 U 27
29 1 U 28
30 0 U 29
31 0 U 30
32 0 U -1
33 0 U 32
34 0 U 33
35 0 U 34
36 1 U 35
37 1 U 36
38 0 U 37
39 1 U 38
40 1 U -1
41 0 U 40
42 0 U 41
43 1 U 42
44 0 U 43
45 0 U 44
46 1 U 45
47 0 U 46
48 0 U -1
49 0 U 48
50 0 U 49
51 1 U 50
52 0 U 51
53 0 U 52
54 0 U 53
55 0 U 54
56 0 U -1
57 0 U 56
58 0 U 57
59 0 U 58
60 1 U 59
61 0 U 60
62 1 U 61
63 0 U 62
64 0 L 48
65 1 L 49
66 1 L 50
67 1 L 51
68 1 L 52
69 1 L 53
# score :31 1648052
# W : 743732 , H : 711646
70
0 0 U -1
1 0 U 0
2 0 U 1
3 0 U 2
4 0 U 3
5 0 U 4
6 1 U 5
7 1 U 6
8 1 U -1
9 1 U 8
10 0 U 9
11 1 U 10
12 1 U 11
13 1 U 12
14 1 U 13
15 0 U 14
16 0 U -1
17 1 U 16
18 0 U 17
19 0 U 18
20 0 U 19
21 1 U 20
22 0 U 21
23 1 U 22
24 0 U -1
25 1 U 24
26 0 U 25
27 1 U 26
28 0 U 27
29 0 U 28
30 1 U 29
31 0 U 30
32 1 U -1
33 0 U 32
34 1 U 33
35 0 U 34
36 1 U 35
37 1 U 36
38 1 U 37
39 1 U 38
40 0 U -1
41 1 U 40
42 0 U 41
43 0 U 42
44 0 U 43
45 0 U 44
46 1 U 45
47 1 U 46
48 1 U -1
49 0 U 48
50 0 U 49
51 1 U 50
52 0 U 51
53 0 U 52
54 0 U 53
55 0 U 54
56 0 U -1
57 0 U 56
58 0 U 57
59 1 U 58
60 0 U 59
61 0 U 60
62 1 U 61
63 1 U 62
64 1 U -1
65 0 U 64
66 1 U 65
67 1 U 66
68 1 U 67
69 0 U 68
# score :32 1300141
# W : 546578 , H : 690186
70
0 1 U -1
1 0 U 0
2 0 U 1
3 1 U 2
4 1 U 3
5 0 U 4
6 0 U 5
7 0 U 6
8 0 U -1
9 0 U 8
10 1 U 9
11 1 U 10
12 0 U 11
13 0 U 12
14 1 U 13
15 0 U 14
16 1 U -1
17 1 U 16
18 0 U 17
19 1 U 18
20 1 U 19
21 1 U 20
22 1 U 21
23 0 U 22
24 0 U -1
25 0 U 24
26 1 U 25
27 0 U 26
28 0 U 27
29 0 U 28
30 0 U 29
31 1 U 30
32 1 U -1
33 1 U 32
34 1 U 33
35 1 U 34
36 1 U 35
37 1 U 36
38 0 U 37
39 0 U 38
40 1 U -1
41 0 U 40
42 0 U 41
43 1 U 42
44 1 U 43
45 1 U 44
46 0 U 45
47 0 U 46
48 1 U -1
49 1 U 48
50 0 U 49
51 1 U 50
52 1 U 51
53 0 U 52
54 0 U 53
55 0 U 54
56 0 U -1
57 1 U 56
58 1 U 57
59 0 U 58
60 0 U 59
61 0 U 60
62 0 U 61
63 0 U 62
64 0 U -1
65 1 U 64
66 1 U 65
67 1 U 66
68 0 U 67
69 1 U 68
# score :33 1342340
# W : 626578 , H : 674948
70
0 0 U -1
1 0 U 0
2 0 U 1
3 1 U 2
4 1 U 3
5 0 U 4
6 0 U 5
7 0 U 6
8 0 U -1
9 0 U 8
10 0 U 9
11 0 U 10
12 1 U 11
13 1 U 12
14 1 U 13
15 1 U 14
16 0 U -1
17 1 U 16
18 0 U 17
19 0 U 18
20 1 U 19
21 1 U 20
22 0 U 21
23 1 U 22
24 0 U -1
25 1 U 24
26 0 U 25
27 0 U 26
28 0 U 27
29 1 U 28
30 1 U 29
31 0 U 30
32 1 U -1
33 1 U 32
34 1 U 33
35 0 U 34
36 0 U 35
37 1 U 36
38 0 U 37
39 1 U 38
40 1 U -1
41 0 U 40
42 0 U 41
43 0 U 42
44 0 U 43
45 0 U 44
46 1 U 45
47 1 U 46
48 0 U -1
49 1 U 48
50 1 U 49
51 1 U 50
52 1 U 51
53 0 U 52
54 1 U 53
55 0 U 54
56 0 U -1
57 1 U 56
58 0 U 57
59 1 U 58
60 1 U 59
61 1 U 60
62 0 U 61
63 0 U 62
64 1 L 56
65 1 L 57
66 0 L 58
67 0 L 59
68 0 L 60
69 0 L 61
# score :34 1572924
# W : 837044 , H : 664409
70
0 0 U -1
1 1 U 0
2 1 U 1
3 1 U 2
4 1 U 3
5 0 U 4
6 0 U 5
7 0 U 6
8 0 U -1
9 0 U 8
10 0 U 9
11 0 U 10
12 0 U 11
13 1 U 12
14 0 U 13
15 1 U 14
16 1 U -1
17 1 U 16
18 1 U 17
19 1 U 18
20 0 U 19
21 0 U 20
22 0 U 21
23 1 U 22
24 1 U -1
25 0 U 24
26 0 U 25
27 0 U 26
28 0 U 27
29 0 U 28
30 1 U 29
31 0 U 30
32 1 U -1
33 0 U 32
34 0 U 33
35 1 U 34
36 1 U 35
37 1 U 36
38 1 U 37
39 0 U 38
40 1 U -1
41 0 U 40
42 1 U 41
43 1 U 42
44 0 U 43
45 0 U 44
46 0 U 45
47 1 U 46
48 0 U -1
49 1 U 48
50 1 U 49
51 0 U 50
52 0 U 51
53 0 U 52
54 1 U 53
55 0 U 54
56 0 U -1
57 0 U 56
58 0 U 57
59 0 U 58
60 0 U 59
61 1 U 60
62 1 U 61
63 1 U 62
64 0 L 56
65 0 L 57
66 1 L 58
67 1 L 59
68 0 L 60
69 1 L 61
# score :35 1589846
# W : 693717 , H : 738614
70
0 1 U -1
1 0 U 0
2 1 U 1
3 1 U 2
4 1 U 3
5 1 U 4
6 1 U 5
7 1 U 6
8 1 U -1
9 1 U 8
10 0 U 9
11 0 U 10
12 0 U 11
13 1 U 12
14 0 U 13
15 0 U 14
16 0 U -1
17 1 U 16
18 1 U 17
19 1 U 18
20 1 U 19
21 1 U 20
22 0 U 21
23 0 U 22
24 0 U -1
25 1 U 24
26 1 U 25
27 0 U 26
28 1 U 27
29 1 U 28
30 0 U 29
31 0 U 30
32 1 U -1
33 0 U 32
34 1 U 33
35 1 U 34
36 1 U 35
37 1 U 36
38 0 U 37
39 0 U 38
40 1 U -1
41 1 U 40
42 1 U 41
43 0 U 42
44 1 U 43
45 1 U 44
46 1 U 45
47 1 U 46
48 1 U -1
49 1 U 48
50 0 U 49
51 1 U 50
52 1 U 51
53 1 U 52
54 1 U 53
55 1 U 54
56 1 U -1
57 0 U 56
58 0 U 57
59 1 U 58
60 0 U 59
61 0 U 60
62 1 U 61
63 1 U 62
64 1 L 48
65 1 L 49
66 1 L 50
67 1 L 51
68 0 L 52
69 0 L 53
# score :36 1589636
# W : 925988 , H : 647740
70
0 0 U -1
1 1 U 0
2 0 U 1
3 0 U 2
4 1 U 3
5 0 U 4
6 0 U 5
7 0 U 6
8 1 U -1
9 1 U 8
10 0 U 9
11 0 U 10
12 1 U 11
13 1 U 12
14 1 U 13
15 1 U 14
16 0 U -1
17 1 U 16
18 1 U 17
19 1 U 18
20 0 U 19
21 0 U 20
22 0 U 21
23 0 U 22
24 1 U -1
25 1 U 24
26 0 U 25
27 0 U 26
28 1 U 27
29 0 U 28
30 0 U 29
31 0 U 30
32 1 U -1
33 1 U 32
34 0 U 33
35 1 U 34
36 0 U 35
37 0 U 36
38 1 U 37
39 1 U 38
40 1 U -1
41 1 U 40
42 0 U 41
43 0 U 42
44 1 U 43
45 1 U 44
46 0 U 45
47 0 U 46
48 1 U -1
49 0 U 48
50 0 U 49
51 1 U 50
52 1 U 51
53 1 U 52
54 1 U 53
55 1 U 54
56 0 U -1
57 0 U 56
58 1 U 57
59 0 U 58
60 0 U 59
61 0 U 60
62 0 U 61
63 1 U 62
64 0 L 48
65 1 L 49
66 0 L 50
67 1 L 51
68 1 L 52
69 0 L 53
# score :37 1525661
# W : 993162 , H : 562128
70
0 1 U -1
1 1 U 0
2 0 U 1
3 0 U 2
4 0 U 3
5 1 U 4
6 1 U 5
7 1 U 6
8 0 U -1
9 0 U 8
10 1 U 9
11 1 U 10
12 1 U 11
13 1 U 12
14 0 U 13
15 1 U 14
16 1 U -1
17 1 U 16
18 0 U 17
19 1 U 18
20 1 U 19
21 0 U 20
22 1 U 21
23 0 U 22
24 1 U -1
25 1 U 24
26 0 U 25
27 0 U 26
28 0 U 27
29 0 U 28
30 0 U 29
31 0 U 30
32 0 U -1
33 1 U 32
34 1 U 33
35 0 U 34
36 1 U 35
37 0 U 36
38 0 U 37
39 1 U 38
40 0 U -1
41 0 U 40
42 0 U 41
43 0 U 42
44 0 U 43
45 1 U 44
46 0 U 45
47 0 U 46
48 0 U -1
49 0 U 48
50 0 U 49
51 1 U 50
52 0 U 51
53 0 U 52
54 0 U 53
55 0 U 54
56 1 U -1
57 1 U 56
58 1 U 57
59 0 U 58
60 0 U 59
61 0 U 60
62 0 U 61
63 1 U 62
64 0 L 48
65 1 L 49
66 0 L 50
67 1 L 51
68 0 L 52
69 1 L 53
# score :38 1533710
# W : 922628 , H : 624619
70
0 1 U -1
1 1 U 0
2 1 U 1
3 1 U 2
4 1 U 3
5 1 U 4
6 0 U 5
7 0 U 6
8 0 U -1
9 0 U 8
10 1 U 9
11 0 U 10
12 0 U 11
13 0 U 12
14 1 U 13
15 1 U 14
16 0 U -1
17 1 U 16
18 1 U 17
19 1 U 18
20 1 U 19
21 0 U 20
22 0 U 21
23 1 U 22
24 0 U -1
25 0 U 24
26 0 U 25
27 0 U 26
28 0 U 27
29 1 U 28
30 1 U 29
31 0 U 30
32 0 U -1
33 0 U 32
34 1 U 33
35 0 U 34
36 1 U 35
37 1 U 36
38 0 U 37
39 0 U 38
40 1 U -1
41 0 U 40
42 1 U 41
43 1 U 42
44 1 U 43
45 0 U 44
46 1 U 45
47 1 U 46
48 0 U -1
49 0 U 48
50 0 U 49
51 0 U 50
52 1 U 51
53 1 U 52
54 1 U 53
55 0 U 54
56 1 U -1
57 0 U 56
58 1 U 57
59 1 U 58
60 0 U 59
61 1 U 60
62 0 U 61
63 0 U 62
64 0 L 48
65 0 L 49
66 1 L 50
67 1 L 51
68 0 L 52
69 1 L 53
# score :39 1528202
# W : 876212 , H : 611198
70
0 0 U -1
1 0 U 0
2 1 U 1
3 1 U 2
4 1 U 3
5 0 U 4
6 1 U 5
7 1 U 6
8 0 U -1
9 0 U 8
10 1 U 9
11 1 U 10
12 0 U 11
13 1 U 12
14 0 U 13
15 0 U 14
16 1 U -1
17 1 U 16
18 0 U 17
19 1 U 18
20 1 U 19
21 1 U 20
22 0 U 21
23 0 U 22
24 1 U -1
25 0 U 24
26 0 U 25
27 0 U 26
28 1 U 27
29 0 U 28
30 1 U 29
31 1 U 30
32 1 U -1
33 0 U 32
34 0 U 33
35 0 U 34
36 1 U 35
37 0 U 36
38 1 U 37
39 0 U 38
40 0 U -1
41 0 U 40
42 1 U 41
43 1 U 42
44 0 U 43
45 0 U 44
46 1 U 45
47 1 U 46
48 0 U -1
49 1 U 48
50 0 U 49
51 0 U 50
52 1 U 51
53 1 U 52
54 1 U 53
55 0 U 54
56 0 U -1
57 0 U 56
58 1 U 57
59 1 U 58
60 0 U 59
61 0 U 60
62 1 U 61
63 0 U 62
64 1 U -1
65 1 U 64
66 0 U 65
67 0 U 66
68 0 U 67
69 0 U 68
# score :40 1351064
# W : 549774 , H : 754428
70
0 1 U -1
1 1 U 0
2 0 U 1
3 1 U 2
4 1 U 3
5 1 U 4
6 0 U 5
7 0 U 6
8 0 U -1
9 1 U 8
10 1 U 9
11 0 U 10
12 0 U 11
13 1 U 12
14 1 U 13
15 1 U 14
16 1 U -1
17 0 U 16
18 0 U 17
19 1 U 18
20 0 U 19
21 1 U 20
22 0 U 21
23 1 U 22
24 0 U -1
25 1 U 24
26 1 U 25
27 1 U 26
28 1 U 27
29 1 U 28
30 0 U 29
31 1 U 30
32 1 U -1
33 1 U 32
34 0 U 33
35 1 U 34
36 1 U 35
37 0 U 36
38 0 U 37
39 0 U 38
40 0 U -1
41 1 U 40
42 1 U 41
43 1 U 42
44 1 U 43
45 1 U 44
46 1 U 45
47 0 U 46
48 0 U -1
49 0 U 48
50 0 U 49
51 0 U 50
52 0 U 51
53 0 U 52
54 1 U 53
55 0 U 54
56 1 U -1
57 0 U 56
58 1 U 57
59 0 U 58
60 0 U 59
61 0 U 60
62 1 U 61
63 0 U 62
64 1 U -1
65 1 U 64
66 0 U 65
67 1 U 66
68 0 U 67
69 1 U 68
# score :41 1351005
# W : 552746 , H : 753631
70
0 1 U -1
1 1 U 0
2 0 U 1
3 0 U 2
4 0 U 3
5 0 U 4
6 0 U 5
7 0 U 6
8 0 U -1
9 1 U 8
10 0 U 9
11 1 U 10
12 0 U 11
13 0 U 12
14 1 U 13
15 0 U 14
16 0 U -1
17 0 U 16
18 0 U 17
19 1 U 18
20 1 U 19
21 0 U 20
22 1 U 21
23 1 U 22
24 1 U -1
25 0 U 24
26 1 U 25
27 0 U 26
28 1 U 27
29 1 U 28
30 0 U 29
31 1 U 30
32 0 U -1
33 1 U 32
34 1 U 33
35 1 U 34
36 0 U 35
37 0 U 36
38 0 U 37
39 1 U 38
40 1 U -1
41 0 U 40
42 0 U 41
43 0 U 42
44 1 U 43
45 1 U 44
46 1 U 45
47 0 U 46
48 0 U -1
49 0 U 48
50 0 U 49
51 1 U 50
52 1 U 51
53 1 U 52
54 1 U 53
55 1 U 54
56 1 U -1
57 1 U 56
58 1 U 57
59 1 U 58
60 1 U 59
61 1 U 60
62 1 U 61
63 1 U 62
64 1 L 56
65 0 L 57
66 0 L 58
67 1 L 59
68 1 L 60
69 1 L 61
# score :42 1442025
# W : 758418 , H : 627331
70
0 0 U -1
1 1 U 0
2 1 U 1
3 1 U 2
4 1 U 3
5 1 U 4
6 0 U 5
7 1 U 6
8 0 U -1
9 0 U 8
10 1 U 9
11 0 U 10
12 0 U 11
13 1 U 12
14 0 U 13
15 0 U 14
16 1 U -1
17 0 U 16
18 0 U 17
19 1 U 18
20 1 U 19
21 0 U 20
22 0 U 21
23 0 U 22
24 0 U -1
25 0 U 24
26 0 U 25
27 1 U 26
28 1 U 27
29 0 U 28
30 0 U 29
31 0 U 30
32 0 U -1
33 1 U 32
34 1 U 33
35 0 U 34
36 0 U 35
37 1 U 36
38 0 U 37
39 1 U 38
40 1 U -1
41 1 U 40
42 1 U 41
43 0 U 42
44 0 U 43
45 0 U 44
46 0 U 45
47 1 U 46
48 1 U -1
49 1 U 48
50 1 U 49
51 1 U 50
52 0 U 51
53 1 U 52
54 1 U 53
55 0 U 54
56 1 U -1
57 1 U 56
58 0 U 57
59 0 U 58
60 1 U 59
61 1 U 60
62 1 U 61
63 1 U 62
64 0 L 56
65 0 L 57
66 1 L 58
67 0 L 59
68 1 L 60
69 1 L 61
# score :43 1502250
# W : 772822 , H : 730670
70
0 0 U -1
1 1 U 0
2 0 U 1
3 1 U 2
4 1 U 3
5 0 U 4
6 1 U 5
7 1 U 6
8 0 U -1
9 1 U 8
10 1 U 9
11 1 U 10
12 1 U 11
13 0 U 12
14 1 U 13
15 0 U 14
16 0 U -1
17 1 U 16
18 0 U 17
19 0 U 18
20 1 U 19
21 0 U 20
22 1 U 21
23 1 U 22
24 0 U -1
25 1 U 24
26 1 U 25
27 0 U 26
28 1 U 27
29 1 U 28
30 0 U 29
31 1 U 30
32 1 U -1
33 1 U 32
34 0 U 33
35 1 U 34
36 0 U 35
37 1 U 36
38 0 U 37
39 1 U 38
40 1 U -1
41 1 U 40
42 0 U 41
43 1 U 42
44 0 U 43
45 1 U 44
46 0 U 45
47 0 U 46
48 0 U -1
49 1 U 48
50 0 U 49
51 0 U 50
52 1 U 51
53 0 U 52
54 1 U 53
55 1 U 54
56 0 U -1
57 0 U 56
58 0 U 57
59 0 U 58
60 0 U 59
61 1 U 60
62 0 U 61
63 1 U 62
64 1 L 48
65 1 L 49
66 0 L 50
67 0 L 51
68 0 L 52
69 0 L 53
# score :44 1538878
# W : 894316 , H : 611596
70
0 0 U -1
1 1 U 0
2 0 U 1
3 0 U 2
4 1 U 3
5 1 U 4
6 0 U 5
7 1 U 6
8 1 U -1
9 1 U 8
10 0 U 9
11 1 U 10
12 0 U 11
13 0 U 12
14 0 U 13
15 0 U 14
16 0 U -1
17 0 U 16
18 0 U 17
19 1 U 18
20 0 U 19
21 1 U 20
22 1 U 21
23 1 U 22
24 1 U -1
25 0 U 24
26 0 U 25
27 1 U 26
28 1 U 27
29 0 U 28
30 1 U 29
31 1 U 30
32 0 U -1
33 0 U 32
34 1 U 33
35 1 U 34
36 1 U 35
37 1 U 36
38 1 U 37
39 1 U 38
40 1 U -1
41 1 U 40
42 0 U 41
43 0 U 42
44 1 U 43
45 1 U 44
46 0 U 45
47 1 U 46
48 1 U -1
49 0 U 48
50 1 U 49
51 1 U 50
52 0 U 51
53 1 U 52
54 1 U 53
55 1 U 54
56 0 U -1
57 0 U 56
58 0 U 57
59 1 U 58
60 1 U 59
61 1 U 60
62 1 U 61
63 0 U 62
64 1 L 48
65 0 L 49
66 0 L 50
67 1 L 51
68 0 L 52
69 0 L 53
# score :45 1527833
# W : 814825 , H : 597328
70
0 0 U -1
1 0 U 0
2 0 U 1
3 1 U 2
4 0 U 3
5 0 U 4
6 1 U 5
7 0 U 6
8 0 U -1
9 0 U 8
10 1 U 9
11 0 U 10
12 0 U 11
13 1 U 12
14 0 U 13
15 1 U 14
16 1 U -1
17 1 U 16
18 1 U 17
19 0 U 18
20 0 U 19
21 0 U 20
22 1 U 21
23 1 U 22
24 0 U -1
25 0 U 24
26 1 U 25
27 1 U 26
28 1 U 27
29 0 U 28
30 1 U 29
31 0 U 30
32 0 U -1
33 0 U 32
34 0 U 33
35 1 U 34
36 0 U 35
37 0 U 36
38 1 U 37
39 0 U 38
40 1 U -1
41 1 U 40
42 1 U 41
43 1 U 42
44 0 U 43
45 0 U 44
46 1 U 45
47 1 U 46
48 1 U -1
49 0 U 48
50 0 U 49
51 1 U 50
52 0 U 51
53 0 U 52
54 1 U 53
55 1 U 54
56 0 U -1
57 1 U 56
58 1 U 57
59 1 U 58
60 0 U 59
61 0 U 60
62 0 U 61
63 1 U 62
64 0 L 48
65 1 L 49
66 1 L 50
67 1 L 51
68 0 L 52
69 0 L 53
# score :46 1677230
# W : 925418 , H : 613584
70
0 1 U -1
1 1 U 0
2 1 U 1
3 0 U 2
4 1 U 3
5 1 U 4
6 1 U 5
7 1 U 6
8 1 U -1
9 0 U 8
10 1 U 9
11 1 U 10
12 0 U 11
13 1 U 12
14 1 U 13
15 1 U 14
16 1 U -1
17 1 U 16
18 1 U 17
19 1 U 18
20 1 U 19
21 0 U 20
22 1 U 21
23 0 U 22
24 1 U -1
25 1 U 24
26 0 U 25
27 1 U 26
28 1 U 27
29 1 U 28
30 1 U 29
31 0 U 30
32 0 U -1
33 0 U 32
34 1 U 33
35 0 U 34
36 0 U 35
37 0 U 36
38 0 U 37
39 0 U 38
40 1 U -1
41 1 U 40
42 0 U 41
43 1 U 42
44 1 U 43
45 1 U 44
46 1 U 45
47 1 U 46
48 0 U -1
49 1 U 48
50 0 U 49
51 1 U 50
52 1 U 51
53 0 U 52
54 0 U 53
55 0 U 54
56 0 U -1
57 1 U 56
58 0 U 57
59 0 U 58
60 0 U 59
61 0 U 60
62 0 U 61
63 1 U 62
64 1 L 48
65 0 L 49
66 1 L 50
67 0 L 51
68 0 L 52
69 1 L 53
# score :47 1493884
# W : 895901 , H : 558013
70
0 1 U -1
1 1 U 0
2 1 U 1
3 1 U 2
4 1 U 3
5 1 U 4
6 0 U 5
7 1 U 6
8 1 U -1
9 0 U 8
10 0 U 9
11 1 U 10
12 0 U 11
13 0 U 12
14 1 U 13
15 1 U 14
16 0 U -1
17 0 U 16
18 0 U 17
19 0 U 18
20 0 U 19
21 0 U 20
22 0 U 21
23 0 U 22
24 1 U -1
25 1 U 24
26 0 U 25
27 1 U 26
28 0 U 27
29 1 U 28
30 1 U 29
31 0 U 30
32 1 U -1
33 0 U 32
34 1 U 33
35 0 U 34
36 0 U 35
37 1 U 36
38 0 U 37
39 1 U 38
40 1 U -1
41 1 U 40
42 1 U 41
43 0 U 42
44 0 U 43
45 1 U 44
46 1 U 45
47 1 U 46
48 1 U -1
49 1 U 48
50 0 U 49
51 0 U 50
52 0 U 51
53 1 U 52
54 1 U 53
55 0 U 54
56 0 U -1
57 0 U 56
58 0 U 57
59 1 U 58
60 0 U 59
61 1 U 60
62 0 U 61
63 0 U 62
64 0 U -1
65 1 U 64
66 1 U 65
67 0 U 66
68 1 U 67
69 1 U 68
# score :48 1286218
# W : 575747 , H : 715760
70
0 1 U -1
1 0 U 0
2 0 U 1
3 1 U 2
4 0 U 3
5 0 U 4
6 1 U 5
7 0 U 6
8 0 U -1
9 1 U 8
10 1 U 9
11 1 U 10
12 0 U 11
13 1 U 12
14 0 U 13
15 0 U 14
16 1 U -1
17 0 U 16
18 0 U 17
19 1 U 18
20 0 U 19
21 0 U 20
22 1 U 21
23 0 U 22
24 0 U -1
25 0 U 24
26 1 U 25
27 1 U 26
28 1 U 27
29 1 U 28
30 0 U 29
31 1 U 30
32 0 U -1
33 0 U 32
34 1 U 33
35 0 U 34
36 1 U 35
37 1 U 36
38 1 U 37
39 1 U 38
40 1 U -1
41 0 U 40
42 1 U 41
43 0 U 42
44 1 U 43
45 1 U 44
46 1 U 45
47 1 U 46
48 1 U -1
49 1 U 48
50 0 U 49
51 1 U 50
52 1 U 51
53 0 U 52
54 1 U 53
55 1 U 54
56 0 U -1
57 1 U 56
58 1 U 57
59 0 U 58
60 1 U 59
61 1 U 60
62 1 U 61
63 0 U 62
64 1 U -1
65 1 U 64
66 0 U 65
67 1 U 66
68 0 U 67
69 0 U 68
# score :49 1321556
# W : 568847 , H : 731728
70
0 0 U -1
1 1 U 0
2 0 U 1
3 0 U 2
4 0 U 3
5 0 U 4
6 1 U 5
7 1 U 6
8 0 U -1
9 1 U 8
10 1 U 9
11 0 U 10
12 0 U 11
13 1 U 12
14 1 U 13
15 1 U 14
16 1 U -1
17 1 U 16
18 0 U 17
19 1 U 18
20 0 U 19
21 0 U 20
22 0 U 21
23 0 U 22
24 1 U -1
25 1 U 24
26 1 U 25
27 0 U 26
28 1 U 27
29 0 U 28
30 0 U 29
31 1 U 30
32 1 U -1
33 0 U 32
34 0 U 33
35 0 U 34
36 0 U 35
37 1 U 36
38 0 U 37
39 1 U 38
40 0 U -1
41 0 U 40
42 1 U 41
43 0 U 42
44 0 U 43
45 1 U 44
46 0 U 45
47 0 U 46
48 0 U -1
49 1 U 48
50 0 U 49
51 0 U 50
52 0 U 51
53 0 U 52
54 1 U 53
55 0 U 54
56 0 U -1
57 0 U 56
58 1 U 57
59 1 U 58
60 0 U 59
61 0 U 60
62 0 U 61
63 1 U 62
64 0 L 56
65 1 L 57
66 0 L 58
67 0 L 59
68 1 L 60
69 1 L 61
# score :50 1427015
# W : 730451 , H : 729877
70
0 1 U -1
1 1 U 0
2 0 U 1
3 0 U 2
4 0 U 3
5 0 U 4
6 1 U 5
7 0 U 6
8 1 U -1
9 0 U 8
10 1 U 9
11 1 U 10
12 1 U 11
13 1 U 12
14 0 U 13
15 0 U 14
16 0 U -1
17 1 U 16
18 0 U 17
19 0 U 18
20 1 U 19
21 0 U 20
22 0 U 21
23 1 U 22
24 0 U -1
25 1 U 24
26 1 U 25
27 0 U 26
28 1 U 27
29 1 U 28
30 1 U 29
31 0 U 30
32 1 U -1
33 0 U 32
34 1 U 33
35 1 U 34
36 1 U 35
37 0 U 36
38 0 U 37
39 0 U 38
40 1 U -1
41 1 U 40
42 0 U 41
43 0 U 42
44 0 U 43
45 1 U 44
46 1 U 45
47 0 U 46
48 1 U -1
49 1 U 48
50 1 U 49
51 0 U 50
52 0 U 51
53 1 U 52
54 0 U 53
55 0 U 54
56 0 U -1
57 1 U 56
58 1 U 57
59 0 U 58
60 1 U 59
61 1 U 60
62 1 U 61
63 1 U 62
64 0 L 56
65 0 L 57
66 0 L 58
67 1 L 59
68 0 L 60
69 1 L 61
# score :51 1451029
# W : 668265 , H : 723358
70
0 0 U -1
1 1 U 0
2 1 U 1
3 1 U 2
4 0 U 3
5 1 U 4
6 1 U 5
7 1 U 6
8 1 U -1
9 0 U 8
10 1 U 9
11 1 U 10
12 1 U 11
13 0 U 12
14 0 U 13
15 1 U 14
16 1 U -1
17 1 U 16
18 1 U 17
19 1 U 18
20 1 U 19
21 1 U 20
22 0 U 21
23 0 U 22
24 0 U -1
25 0 U 24
26 1 U 25
27 0 U 26
28 0 U 27
29 1 U 28
30 1 U 29
31 0 U 30
32 1 U -1
33 0 U 32
34 0 U 33
35 1 U 34
36 0 U 35
37 0 U 36
38 1 U 37
39 1 U 38
40 1 U -1
41 1 U 40
42 0 U 41
43 0 U 42
44 1 U 43
45 1 U 44
46 0 U 45
47 0 U 46
48 0 U -1
49 0 U 48
50 1 U 49
51 1 U 50
52 0 U 51
53 0 U 52
54 0 U 53
55 0 U 54
56 1 U -1
57 0 U 56
58 0 U 57
59 1 U 58
60 0 U 59
61 0 U 60
62 0 U 61
63 0 U 62
64 0 L 48
65 1 L 49
66 1 L 50
67 1 L 51
68 0 L 52
69 1 L 53
# score :52 1488169
# W : 833939 , H : 628396
70
0 0 U -1
1 1 U 0
2 0 U 1
3 1 U 2
4 0 U 3
5 0 U 4
6 0 U 5
7 1 U 6
8 1 U -1
9 0 U 8
10 1 U 9
11 1 U 10
12 0 U 11
13 1 U 12
14 0 U 13
15 1 U 14
16 0 U -1
17 0 U 16
18 0 U 17
19 1 U 18
20 0 U 19
21 0 U 20
22 0 U 21
23 1 U 22
24 1 U -1
25 0 U 24
26 1 U 25
27 0 U 26
28 0 U 27
29 1 U 28
30 1 U 29
31 1 U 30
32 1 U -1
33 0 U 32
34 1 U 33
35 1 U 34
36 1 U 35
37 0 U 36
38 1 U 37
39 1 U 38
40 0 U -1
41 1 U 40
42 0 U 41
43 0 U 42
44 0 U 43
45 0 U 44
46 1 U 45
47 1 U 46
48 0 U -1
49 0 U 48
50 0 U 49
51 0 U 50
52 0 U 51
53 0 U 52
54 0 U 53
55 0 U 54
56 0 U -1
57 1 U 56
58 0 U 57
59 1 U 58
60 1 U 59
61 1 U 60
62 0 U 61
63 1 U 62
64 1 L 48
65 0 L 49
66 1 L 50
67 1 L 51
68 0 L 52
69 1 L 53
# score :53 1560602
# W : 827614 , H : 646580
70
0 1 U -1
1 1 U 0
2 0 U 1
3 1 U 2
4 1 U 3
5 1 U 4
6 0 U 5
7 1 U 6
8 1 U -1
9 0 U 8
10 1 U 9
11 1 U 10
12 0 U 11
13 1 U 12
14 1 U 13
15 0 U 14
16 1 U -1
17 1 U 16
18 1 U 17
19 0 U 18
20 0 U 19
21 0 U 20
22 0 U 21
23 0 U 22
24 0 U -1
25 1 U 24
26 0 U 25
27 0 U 26
28 0 U 27
29 1 U 28
30 0 U 29
31 1 U 30
32 1 U -1
33 0 U 32
34 0 U 33
35 1 U 34
36 1 U 35
37 1 U 36
38 1 U 37
39 0 U 38
40 0 U -1
41 0 U 40
42 1 U 41
43 1 U 42
44 0 U 43
45 0 U 44
46 0 U 45
47 1 U 46
48 0 U -1
49 0 U 48
50 0 U 49
51 0 U 50
52 1 U 51
53 0 U 52
54 0 U 53
55 0 U 54
56 1 U -1
57 0 U 56
58 0 U 57
59 0 U 58
60 0 U 59
61 1 U 60
62 0 U 61
63 1 U 62
64 0 L 48
65 0 L 49
66 0 L 50
67 0 L 51
68 1 L 52
69 0 L 53
# score :54 1525312
# W : 935816 , H : 621303
70
0 1 U -1
1 1 U 0
2 0 U 1
3 0 U 2
4 1 U 3
5 0 U 4
6 1 U 5
7 1 U 6
8 1 U -1
9 1 U 8
10 0 U 9
11 1 U 10
12 1 U 11
13 1 U 12
14 0 U 13
15 1 U 14
16 1 U -1
17 0 U 16
18 0 U 17
19 1 U 18
20 0 U 19
21 0 U 20
22 0 U 21
23 1 U 22
24 1 U -1
25 1 U 24
26 1 U 25
27 1 U 26
28 1 U 27
29 1 U 28
30 1 U 29
31 1 U 30
32 0 U -1
33 1 U 32
34 1 U 33
35 0 U 34
36 1 U 35
37 1 U 36
38 1 U 37
39 0 U 38
40 1 U -1
41 0 U 40
42 1 U 41
43 0 U 42
44 1 U 43
45 0 U 44
46 0 U 45
47 0 U 46
48 1 U -1
49 0 U 48
50 1 U 49
51 0 U 50
52 0 U 51
53 0 U 52
54 0 U 53
55 1 U 54
56 1 U -1
57 0 U 56
58 1 U 57
59 1 U 58
60 0 U 59
61 1 U 60
62 0 U 61
63 0 U 62
64 1 L 48
65 1 L 49
66 1 L 50
67 1 L 51
68 1 L 52
69 0 L 53
# score :55 1575126
# W : 928433 , H : 665672
70
0 0 U -1
1 0 U 0
2 1 U 1
3 0 U 2
4 1 U 3
5 0 U 4
6 0 U 5
7 0 U 6
8 0 U -1
9 1 U 8
10 1 U 9
11 1 U 10
12 0 U 11
13 1 U 12
14 0 U 13
15 0 U 14
16 1 U -1
17 1 U 16
18 1 U 17
19 1 U 18
20 1 U 19
21 1 U 20
22 1 U 21
23 0 U 22
24 1 U -1
25 1 U 24
26 0 U 25
27 0 U 26
28 1 U 27
29 0 U 28
30 0 U 29
31 0 U 30
32 1 U -1
33 0 U 32
34 1 U 33
35 0 U 34
36 0 U 35
37 0 U 36
38 0 U 37
39 0 U 38
40 1 U -1
41 1 U 40
42 1 U 41
43 1 U 42
44 0 U 43
45 0 U 44
46 1 U 45
47 1 U 46
48 1 U -1
49 1 U 48
50 1 U 49
51 1 U 50
52 0 U 51
53 0 U 52
54 1 U 53
55 1 U 54
56 0 U -1
57 0 U 56
58 1 U 57
59 0 U 58
60 0 U 59
61 0 U 60
62 0 U 61
63 1 U 62
64 1 U -1
65 1 U 64
66 1 U 65
67 1 U 66
68 0 U 67
69 1 U 68
# score :56 1400980
# W : 638382 , H : 748564
70
0 0 U -1
1 0 U 0
2 1 U 1
3 1 U 2
4 0 U 3
5 0 U 4
6 1 U 5
7 1 U 6
8 0 U -1
9 1 U 8
10 1 U 9
11 1 U 10
12 0 U 11
13 0 U 12
14 0 U 13
15 0 U 14
16 1 U -1
17 1 U 16
18 1 U 17
19 0 U 18
20 1 U 19
21 1 U 20
22 0 U 21
23 0 U 22
24 1 U -1
25 1 U 24
26 1 U 25
27 0 U 26
28 0 U 27
29 1 U 28
30 0 U 29
31 1 U 30
32 0 U -1
33 1 U 32
34 0 U 33
35 0 U 34
36 0 U 35
37 0 U 36
38 0 U 37
39 1 U 38
40 1 U -1
41 0 U 40
42 1 U 41
43 0 U 42
44 0 U 43
45 0 U 44
46 0 U 45
47 1 U 46
48 0 U -1
49 0 U 48
50 0 U 49
51 1 U 50
52 0 U 51
53 0 U 52
54 1 U 53
55 1 U 54
56 1 U -1
57 0 U 56
58 0 U 57
59 0 U 58
60 1 U 59
61 1 U 60
62 0 U 61
63 0 U 62
64 0 U -1
65 0 U 64
66 0 U 65
67 1 U 66
68 0 U 67
69 1 U 68
# score :57 1284506
# W : 574975 , H : 673383
70
0 1 U -1
1 1 U 0
2 1 U 1
3 0 U 2
4 1 U 3
5 0 U 4
6 1 U 5
7 0 U 6
8 1 U -1
9 0 U 8
10 0 U 9
11 0 U 10
12 1 U 11
13 1 U 12
14 0 U 13
15 0 U 14
16 0 U -1
17 0 U 16
18 0 U 17
19 0 U 18
20 0 U 19
21 0 U 20
22 1 U 21
23 1 U 22
24 1 U -1
25 1 U 24
26 0 U 25
27 1 U 26
28 0 U 27
29 0 U 28
30 1 U 29
31 1 U 30
32 0 U -1
33 0 U 32
34 1 U 33
35 1 U 34
36 0 U 35
37 1 U 36
38 1 U 37
39 0 U 38
40 1 U -1
41 0 U 40
42 0 U 41
43 1 U 42
44 1 U 43
45 0 U 44
46 0 U 45
47 1 U 46
48 0 U -1
49 0 U 48
50 0 U 49
51 1 U 50
52 1 U 51
53 0 U 52
54 1 U 53
55 0 U 54
56 0 U -1
57 0 U 56
58 1 U 57
59 1 U 58
60 1 U 59
61 1 U 60
62 1 U 61
63 1 U 62
64 0 L 56
65 1 L 57
66 0 L 58
67 0 L 59
68 0 L 60
69 1 L 61
# score :58 1589366
# W : 862888 , H : 630965
70
0 1 U -1
1 0 U 0
2 0 U 1
3 0 U 2
4 1 U 3
5 0 U 4
6 1 U 5
7 1 U 6
8 0 U -1
9 0 U 8
10 0 U 9
11 0 U 10
12 1 U 11
13 0 U 12
14 0 U 13
15 1 U 14
16 1 U -1
17 0 U 16
18 1 U 17
19 0 U 18
20 1 U 19
21 1 U 20
22 1 U 21
23 0 U 22
24 1 U -1
25 1 U 24
26 1 U 25
27 1 U 26
28 0 U 27
29 1 U 28
30 1 U 29
31 1 U 30
32 1 U -1
33 1 U 32
34 0 U 33
35 1 U 34
36 0 U 35
37 1 U 36
38 1 U 37
39 1 U 38
40 0 U -1
41 1 U 40
42 0 U 41
43 0 U 42
44 0 U 43
45 1 U 44
46 1 U 45
47 1 U 46
48 0 U -1
49 1 U 48
50 1 U 49
51 1 U 50
52 0 U 51
53 0 U 52
54 0 U 53
55 0 U 54
56 1 U -1
57 1 U 56
58 0 U 57
59 1 U 58
60 0 U 59
61 0 U 60
62 1 U 61
63 0 U 62
64 0 L 56
65 0 L 57
66 0 L 58
67 1 L 59
68 1 L 60
69 1 L 61
# score :59 1437102
# W : 822988 , H : 715319
70
0 0 U -1
1 0 U 0
2 1 U 1
3 1 U 2
4 1 U 3
5 1 U 4
6 1 U 5
7 1 U 6
8 0 U -1
9 1 U 8
10 1 U 9
11 1 U 10
12 0 U 11
13 0 U 12
14 1 U 13
15 0 U 14
16 0 U -1
17 0 U 16
18 0 U 17
19 0 U 18
20 1 U 19
21 0 U 20
22 0 U 21
23 1 U 22
24 1 U -1
25 0 U 24
26 1 U 25
27 1 U 26
28 1 U 27
29 0 U 28
30 0 U 29
31 0 U 30
32 0 U -1
33 0 U 32
34 1 U 33
35 0 U 34
36 0 U 35
37 1 U 36
38 1 U 37
39 1 U 38
40 0 U -1
41 0 U 40
42 0 U 41
43 1 U 42
44 0 U 43
45 1 U 44
46 1 U 45
47 1 U 46
48 1 U -1
49 0 U 48
50 1 U 49
51 0 U 50
52 0 U 51
53 0 U 52
54 1 U 53
55 0 U 54
56 0 U -1
57 1 U 56
58 1 U 57
59 0 U 58
60 0 U 59
61 1 U 60
62 1 U 61
63 0 U 62
64 1 L 48
65 1 L 49
66 1 L 50
67 0 L 51
68 0 L 52
69 1 L 53
# score :60 1528520
# W : 816475 , H : 657704
70
0 0 U -1
1 1 U 0
2 0 U 1
3 1 U 2
4 0 U 3
5 1 U 4
6 0 U 5
7 1 U 6
8 0 U -1
9 0 U 8
10 0 U 9
11 0 U 10
12 1 U 11
13 1 U 12
14 0 U 13
15 1 U 14
16 0 U -1
17 1 U 16
18 0 U 17
19 1 U 18
20 1 U 19
21 1 U 20
22 1 U 21
23 0 U 22
24 1 U -1
25 0 U 24
26 1 U 25
27 1 U 26
28 1 U 27
29 1 U 28
30 0 U 29
31 1 U 30
32 1 U -1
33 1 U 32
34 0 U 33
35 0 U 34
36 0 U 35
37 0 U 36
38 1 U 37
39 0 U 38
40 0 U -1
41 1 U 40
42 1 U 41
43 0 U 42
44 0 U 43
45 0 U 44
46 0 U 45
47 0 U 46
48 1 U -1
49 0 U 48
50 1 U 49
51 1 U 50
52 0 U 51
53 0 U 52
54 0 U 53
55 1 U 54
56 1 U -1
57 1 U 56
58 0 U 57
59 0 U 58
60 0 U 59
61 0 U 60
62 1 U 61
63 0 U 62
64 0 L 48
65 0 L 49
66 1 L 50
67 1 L 51
68 0 L 52
69 0 L 53
# score :61 1596741
# W : 952139 , H : 637216
70
0 0 U -1
1 0 U 0
2 0 U 1
3 0 U 2
4 1 U 3
5 0 U 4
6 1 U 5
7 0 U 6
8 1 U -1
9 0 U 8
10 1 U 9
11 0 U 10
12 1 U 11
13 0 U 12
14 0 U 13
15 0 U 14
16 1 U -1
17 1 U 16
18 0 U 17
19 1 U 18
20 1 U 19
21 0 U 20
22 1 U 21
23 1 U 22
24 0 U -1
25 0 U 24
26 1 U 25
27 1 U 26
28 0 U 27
29 0 U 28
30 0 U 29
31 0 U 30
32 0 U -1
33 0 U 32
34 1 U 33
35 1 U 34
36 1 U 35
37 1 U 36
38 1 U 37
39 0 U 38
40 0 U -1
41 0 U 40
42 0 U 41
43 0 U 42
44 1 U 43
45 0 U 44
46 0 U 45
47 0 U 46
48 0 U -1
49 1 U 48
50 0 U 49
51 1 U 50
52 0 U 51
53 1 U 52
54 1 U 53
55 0 U 54
56 0 U -1
57 0 U 56
58 1 U 57
59 1 U 58
60 0 U 59
61 1 U 60
62 0 U 61
63 0 U 62
64 0 L 48
65 1 L 49
66 0 L 50
67 0 L 51
68 1 L 52
69 0 L 53
# score :62 1558590
# W : 1042027 , H : 639088
70
0 0 U -1
1 0 U 0
2 1 U 1
3 1 U 2
4 0 U 3
5 1 U 4
6 0 U 5
7 0 U 6
8 0 U -1
9 0 U 8
10 1 U 9
11 1 U 10
12 0 U 11
13 1 U 12
14 0 U 13
15 0 U 14
16 1 U -1
17 0 U 16
18 1 U 17
19 1 U 18
20 1 U 19
21 1 U 20
22 0 U 21
23 1 U 22
24 1 U -1
25 1 U 24
26 0 U 25
27 1 U 26
28 0 U 27
29 1 U 28
30 0 U 29
31 0 U 30
32 0 U -1
33 0 U 32
34 1 U 33
35 0 U 34
36 1 U 35
37 1 U 36
38 1 U 37
39 1 U 38
40 0 U -1
41 0 U 40
42 0 U 41
43 0 U 42
44 0 U 43
45 0 U 44
46 0 U 45
47 0 U 46
48 0 U -1
49 1 U 48
50 1 U 49
51 1 U 50
52 1 U 51
53 1 U 52
54 1 U 53
55 0 U 54
56 1 U -1
57 1 U 56
58 0 U 57
59 1 U 58
60 0 U 59
61 1 U 60
62 1 U 61
63 0 U 62
64 0 L 48
65 0 L 49
66 0 L 50
67 0 L 51
68 0 L 52
69 0 L 53
# score :63 1529124
# W : 881196 , H : 628055
70
0 0 U -1
1 0 U 0
2 1 U 1
3 0 U 2
4 0 U 3
5 0 U 4
6 1 U 5
7 1 U 6
8 1 U -1
9 0 U 8
10 0 U 9
11 1 U 10
12 0 U 11
13 1 U 12
14 1 U 13
15 0 U 14
16 0 U -1
17 0 U 16
18 1 U 17
19 0 U 18
20 1 U 19
21 0 U 20
22 0 U 21
23 1 U 22
24 0 U -1
25 1 U 24
26 1 U 25
27 0 U 26
28 0 U 27
29 1 U 28
30 0 U 29
31 1 U 30
32 1 U -1
33 0 U 32
34 0 U 33
35 1 U 34
36 1 U 35
37 1 U 36
38 0 U 37
39 0 U 38
40 0 U -1
41 0 U 40
42 0 U 41
43 0 U 42
44 1 U 43
45 0 U 44
46 0 U 45
47 1 U 46
48 1 U -1
49 0 U 48
50 0 U 49
51 0 U 50
52 0 U 51
53 0 U 52
54 0 U 53
55 1 U 54
56 0 U -1
57 0 U 56
58 0 U 57
59 0 U 58
60 1 U 59
61 1 U 60
62 1 U 61
63 0 U 62
64 1 U -1
65 0 U 64
66 1 U 65
67 1 U 66
68 0 U 67
69 0 U 68
# score :64 1317527
# W : 568176 , H : 703432
70
0 0 U -1
1 0 U 0
2 0 U 1
3 0 U 2
4 0 U 3
5 1 U 4
6 1 U 5
7 1 U 6
8 0 U -1
9 1 U 8
10 1 U 9
11 0 U 10
12 0 U 11
13 0 U 12
14 0 U 13
15 0 U 14
16 1 U -1
17 1 U 16
18 0 U 17
19 0 U 18
20 1 U 19
21 0 U 20
22 1 U 21
23 1 U 22
24 1 U -1
25 1 U 24
26 1 U 25
27 0 U 26
28 1 U 27
29 1 U 28
30 1 U 29
31 1 U 30
32 0 U -1
33 0 U 32
34 1 U 33
35 0 U 34
36 1 U 35
37 1 U 36
38 1 U 37
39 0 U 38
40 0 U -1
41 0 U 40
42 1 U 41
43 1 U 42
44 1 U 43
45 1 U 44
46 1 U 45
47 0 U 46
48 0 U -1
49 0 U 48
50 0 U 49
51 1 U 50
52 1 U 51
53 0 U 52
54 0 U 53
55 1 U 54
56 0 U -1
57 0 U 56
58 1 U 57
59 0 U 58
60 0 U 59
61 0 U 60
62 0 U 61
63 0 U 62
64 0 U -1
65 0 U 64
66 0 U 65
67 1 U 66
68 1 U 67
69 0 U 68
# score :65 1290414
# W : 554849 , H : 694128
