45
0 0 U -1
1 0 U 0
2 0 U 1
3 0 U 2
4 0 U 3
5 0 U 4
6 0 U -1
7 0 U 6
8 0 U 7
9 0 U 8
10 0 U 9
11 0 U 10
12 0 U -1
13 0 U 12
14 0 U 13
15 0 U 14
16 0 U 15
17 0 U 16
18 0 U -1
19 0 U 18
20 0 U 19
21 0 U 20
22 0 U 21
23 0 U 22
24 0 U -1
25 0 U 24
26 0 U 25
27 0 U 26
28 0 U 27
29 0 U 28
30 0 U -1
31 0 U 30
32 0 U 31
33 0 U 32
34 0 U 33
35 0 U 34
36 0 U -1
37 0 U 36
38 0 U 37
39 0 U 38
40 0 U 39
41 0 U 40
42 0 U -1
43 0 U 42
44 0 U 43
# score :0 1071030
# W : 448732 , H : 612691
45
0 0 U -1
1 1 U 0
2 0 U 1
3 0 U 2
4 1 U 3
5 1 U 4
6 1 U -1
7 1 U 6
8 0 U 7
9 0 U 8
10 1 U 9
11 1 U 10
12 1 U -1
13 1 U 12
14 1 U 13
15 0 U 14
16 0 U 15
17 0 U 16
18 1 U -1
19 0 U 18
20 0 U 19
21 0 U 20
22 1 U 21
23 0 U 22
24 1 U -1
25 0 U 24
26 0 U 25
27 0 U 26
28 0 U 27
29 0 U 28
30 0 U -1
31 1 U 30
32 0 U 31
33 1 U 32
34 1 U 33
35 1 U 34
36 1 U -1
37 0 U 36
38 0 U 37
39 1 U 38
40 1 U 39
41 0 U 40
42 0 U -1
43 0 U 42
44 0 U 43
# score :1 1104992
# W : 487722 , H : 621459
45
0 0 U -1
1 0 U 0
2 0 U 1
3 0 U 2
4 0 U 3
5 0 U 4
6 0 U -1
7 0 U 6
8 0 U 7
9 0 U 8
10 0 U 9
11 0 U 10
12 0 U -1
13 0 U 12
14 0 U 13
15 0 U 14
16 0 U 15
17 0 U 16
18 0 U -1
19 0 U 18
20 0 U 19
21 0 U 20
22 0 U 21
23 0 U 22
24 0 U -1
25 0 U 24
26 0 U 25
27 0 U 26
28 0 U 27
29 0 U 28
30 0 U -1
31 0 U 30
32 0 U 31
33 0 U 32
34 0 U 33
35 0 U 34
36 0 L 30
37 0 L 31
38 0 L 32
39 0 L 33
40 0 L 34
41 0 L 35
42 0 U -1
43 0 U 42
44 0 U 43
# score :2 1235840
# W : 603090 , H : 587586
45
0 0 U -1
1 1 U 0
2 0 U 1
3 0 U 2
4 1 U 3
5 1 U 4
6 1 U -1
7 1 U 6
8 0 U 7
9 0 U 8
10 1 U 9
11 1 U 10
12 1 U -1
13 1 U 12
14 1 U 13
15 0 U 14
16 0 U 15
17 0 U 16
18 1 U -1
19 0 U 18
20 0 U 19
21 0 U 20
22 1 U 21
23 0 U 22
24 1 U -1
25 0 U 24
26 0 U 25
27 0 U 26
28 0 U 27
29 0 U 28
30 0 U -1
31 1 U 30
32 0 U 31
33 1 U 32
34 1 U 33
35 1 U 34
36 1 L 30
37 0 L 31
38 0 L 32
39 1 L 33
40 1 L 34
41 0 L 35
42 0 U -1
43 0 U 42
44 0 U 43
# score :3 1314005
# W : 521358 , H : 570921
45
0 0 U -1
1 0 U 0
2 0 U 1
3 0 U 2
4 0 U 3
5 0 U 4
6 0 U -1
7 0 U 6
8 0 U 7
9 0 U 8
10 0 U 9
11 0 U 10
12 0 U -1
13 0 U 12
14 0 U 13
15 0 U 14
16 0 U 15
17 0 U 16
18 0 U -1
19 0 U 18
20 0 U 19
21 0 U 20
22 0 U 21
23 0 U 22
24 0 U -1
25 0 U 24
26 0 U 25
27 0 U 26
28 0 U 27
29 0 U 28
30 0 U -1
31 0 U 30
32 0 U 31
33 0 U 32
34 0 U 33
35 0 U 34
36 0 L 24
37 0 L 25
38 0 L 26
39 0 L 27
40 0 L 28
41 0 L 29
42 0 U -1
43 0 U 42
44 0 U 43
# score :4 1366430
# W : 801875 , H : 542849
45
0 0 U -1
1 1 U 0
2 0 U 1
3 0 U 2
4 1 U 3
5 1 U 4
6 1 U -1
7 1 U 6
8 0 U 7
9 0 U 8
10 1 U 9
11 1 U 10
12 1 U -1
13 1 U 12
14 1 U 13
15 0 U 14
16 0 U 15
17 0 U 16
18 1 U -1
19 0 U 18
20 0 U 19
21 0 U 20
22 1 U 21
23 0 U 22
24 1 U -1
25 0 U 24
26 0 U 25
27 0 U 26
28 0 U 27
29 0 U 28
30 0 U -1
31 1 U 30
32 0 U 31
33 1 U 32
34 1 U 33
35 1 U 34
36 1 L 24
37 0 L 25
38 0 L 26
39 1 L 27
40 1 L 28
41 0 L 29
42 0 U -1
43 0 U 42
44 0 U 43
# score :5 1417028
# W : 753421 , H : 539300
45
0 0 U -1
1 0 U 0
2 0 U 1
3 0 U 2
4 0 U 3
5 0 U 4
6 0 U -1
7 0 U 6
8 0 U 7
9 0 U 8
10 0 U 9
11 0 U 10
12 0 U -1
13 0 U 12
14 0 U 13
15 0 U 14
16 0 U 15
17 0 U 16
18 0 U -1
19 0 U 18
20 0 U 19
21 0 U 20
22 0 U 21
23 0 U 22
24 0 U -1
25 0 U 24
26 0 U 25
27 0 U 26
28 0 U 27
29 0 U 28
30 0 U -1
31 0 U 30
32 0 U 31
33 0 U 32
34 0 U 33
35 0 U 34
36 0 L 24
37 0 L 25
38 0 L 26
39 0 L 27
40 0 L 28
41 0 L 29
42 0 U -1
43 0 U 42
44 0 U 43
# score :6 1366430
# W : 796512 , H : 544990
45
0 0 U -1
1 1 U 0
2 0 U 1
3 0 U 2
4 1 U 3
5 1 U 4
6 1 U -1
7 1 U 6
8 0 U 7
9 0 U 8
10 1 U 9
11 1 U 10
12 1 U -1
13 1 U 12
14 1 U 13
15 0 U 14
16 0 U 15
17 0 U 16
18 1 U -1
19 0 U 18
20 0 U 19
21 0 U 20
22 1 U 21
23 0 U 22
24 1 U -1
25 0 U 24
26 0 U 25
27 0 U 26
28 0 U 27
29 0 U 28
30 0 U -1
31 1 U 30
32 0 U 31
33 1 U 32
34 1 U 33
35 1 U 34
36 1 L 24
37 0 L 25
38 0 L 26
39 1 L 27
40 1 L 28
41 0 L 29
42 0 U -1
43 0 U 42
44 0 U 43
# score :7 1417028
# W : 739781 , H : 528790
45
0 1 U -1
1 0 U 0
2 1 U 1
3 0 U 2
4 0 U 3
5 1 U 4
6 1 U -1
7 0 U 6
8 0 U 7
9 1 U 8
10 0 U 9
11 0 U 10
12 1 U -1
13 0 U 12
14 0 U 13
15 0 U 14
16 0 U 15
17 0 U 16
18 1 U -1
19 1 U 18
20 0 U 19
21 0 U 20
22 1 U 21
23 0 U 22
24 0 U -1
25 0 U 24
26 1 U 25
27 1 U 26
28 1 U 27
29 0 U 28
30 1 U -1
31 0 U 30
32 0 U 31
33 0 U 32
34 1 U 33
35 1 U 34
36 1 U -1
37 1 U 36
38 1 U 37
39 0 U 38
40 0 U 39
41 0 U 40
42 1 U -1
43 1 U 42
44 1 U 43
# score :8 1093934
# W : 436395 , H : 627896
45
0 0 U -1
1 1 U 0
2 1 U 1
3 0 U 2
4 0 U 3
5 0 U 4
6 1 U -1
7 0 U 6
8 1 U 7
9 0 U 8
10 0 U 9
11 1 U 10
12 0 U -1
13 0 U 12
14 1 U 13
15 1 U 14
16 1 U 15
17 0 U 16
18 1 U -1
19 1 U 18
20 1 U 19
21 1 U 20
22 0 U 21
23 1 U 22
24 0 U -1
25 1 U 24
26 1 U 25
27 1 U 26
28 1 U 27
29 1 U 28
30 1 U -1
31 1 U 30
32 0 U 31
33 0 U 32
34 0 U 33
35 1 U 34
36 1 U -1
37 1 U 36
38 0 U 37
39 0 U 38
40 1 U 39
41 0 U 40
42 0 U -1
43 1 U 42
44 0 U 43
# score :9 1132574
# W : 428642 , H : 673027
45
0 0 U -1
1 0 U 0
2 0 U 1
3 0 U 2
4 0 U 3
5 0 U 4
6 1 U -1
7 1 U 6
8 0 U 7
9 0 U 8
10 0 U 9
11 1 U 10
12 0 U -1
13 0 U 12
14 0 U 13
15 1 U 14
16 0 U 15
17 0 U 16
18 0 U -1
19 0 U 18
20 0 U 19
21 1 U 20
22 0 U 21
23 1 U 22
24 0 U -1
25 0 U 24
26 1 U 25
27 1 U 26
28 1 U 27
29 1 U 28
30 1 U -1
31 0 U 30
32 1 U 31
33 0 U 32
34 0 U 33
35 1 U 34
36 0 L 30
37 0 L 31
38 1 L 32
39 0 L 33
40 0 L 34
41 0 L 35
42 1 U -1
43 1 U 42
44 1 U 43
# score :10 1294402
# W : 745467 , H : 623282
45
0 0 U -1
1 0 U 0
2 1 U 1
3 0 U 2
4 0 U 3
5 1 U 4
6 1 U -1
7 0 U 6
8 1 U 7
9 1 U 8
10 0 U 9
11 1 U 10
12 0 U -1
13 1 U 12
14 0 U 13
15 1 U 14
16 1 U 15
17 0 U 16
18 0 U -1
19 1 U 18
20 1 U 19
21 1 U 20
22 0 U 21
23 1 U 22
24 0 U -1
25 1 U 24
26 1 U 25
27 1 U 26
28 0 U 27
29 1 U 28
30 1 U -1
31 0 U 30
32 0 U 31
33 0 U 32
34 1 U 33
35 0 U 34
36 1 L 30
37 0 L 31
38 1 L 32
39 1 L 33
40 1 L 34
41 1 L 35
42 0 U -1
43 0 U 42
44 0 U 43
# score :11 1255790
# W : 643243 , H : 645437
45
0 1 U -1
1 0 U 0
2 0 U 1
3 0 U 2
4 1 U 3
5 0 U 4
6 1 U -1
7 0 U 6
8 0 U 7
9 0 U 8
10 0 U 9
11 0 U 10
12 0 U -1
13 1 U 12
14 0 U 13
15 1 U 14
16 1 U 15
17 1 U 16
18 0 U -1
19 1 U 18
20 0 U 19
21 1 U 20
22 0 U 21
23 0 U 22
24 0 U -1
25 0 U 24
26 0 U 25
27 0 U 26
28 1 U 27
29 1 U 28
30 1 U -1
31 0 U 30
32 0 U 31
33 0 U 32
34 0 U 33
35 1 U 34
36 0 L 24
37 0 L 25
38 1 L 26
39 1 L 27
40 0 L 28
41 1 L 29
42 1 U -1
43 0 U 42
44 0 U 43
# score :12 1305333
# W : 835287 , H : 560267
45
0 0 U -1
1 0 U 0
2 0 U 1
3 0 U 2
4 0 U 3
5 1 U 4
6 1 U -1
7 1 U 6
8 1 U 7
9 0 U 8
10 1 U 9
11 1 U 10
12 0 U -1
13 0 U 12
14 1 U 13
15 0 U 14
16 1 U 15
17 1 U 16
18 1 U -1
19 0 U 18
20 0 U 19
21 0 U 20
22 1 U 21
23 1 U 22
24 1 U -1
25 1 U 24
26 0 U 25
27 0 U 26
28 0 U 27
29 0 U 28
30 1 U -1
31 0 U 30
32 1 U 31
33 1 U 32
34 1 U 33
35 0 U 34
36 1 L 24
37 0 L 25
38 1 L 26
39 0 L 27
40 1 L 28
41 1 L 29
42 0 U -1
43 0 U 42
44 1 U 43
# score :13 1395400
# W : 781203 , H : 543629
45
0 1 U -1
1 0 U 0
2 1 U 1
3 1 U 2
4 1 U 3
5 1 U 4
6 0 U -1
7 0 U 6
8 1 U 7
9 1 U 8
10 1 U 9
11 0 U 10
12 0 U -1
13 0 U 12
14 0 U 13
15 0 U 14
16 1 U 15
17 0 U 16
18 0 U -1
19 1 U 18
20 1 U 19
21 1 U 20
22 0 U 21
23 0 U 22
24 1 U -1
25 1 U 24
26 1 U 25
27 1 U 26
28 0 U 27
29 0 U 28
30 0 U -1
31 1 U 30
32 1 U 31
33 0 U 32
34 0 U 33
35 0 U 34
36 0 L 24
37 0 L 25
38 1 L 26
39 0 L 27
40 1 L 28
41 0 L 29
42 0 U -1
43 0 U 42
44 1 U 43
# score :14 1432646
# W : 657525 , H : 585999
45
0 0 U -1
1 0 U 0
2 1 U 1
3 0 U 2
4 0 U 3
5 0 U 4
6 1 U -1
7 0 U 6
8 0 U 7
9 1 U 8
10 0 U 9
11 0 U 10
12 0 U -1
13 0 U 12
14 1 U 13
15 1 U 14
16 0 U 15
17 0 U 16
18 0 U -1
19 0 U 18
20 0 U 19
21 1 U 20
22 0 U 21
23 1 U 22
24 0 U -1
25 1 U 24
26 0 U 25
27 1 U 26
28 0 U 27
29 0 U 28
30 0 U -1
31 1 U 30
32 0 U 31
33 0 U 32
34 1 U 33
35 1 U 34
36 1 L 24
37 1 L 25
38 0 L 26
39 0 L 27
40 1 L 28
41 0 L 29
42 1 U -1
43 0 U 42
44 1 U 43
# score :15 1401554
# W : 846504 , H : 583167
45
0 0 U -1
1 1 U 0
2 0 U 1
3 0 U 2
4 0 U 3
5 1 U 4
6 1 U -1
7 1 U 6
8 1 U 7
9 1 U 8
10 0 U 9
11 0 U 10
12 0 U -1
13 0 U 12
14 0 U 13
15 1 U 14
16 1 U 15
17 1 U 16
18 0 U -1
19 0 U 18
20 1 U 19
21 1 U 20
22 0 U 21
23 1 U 22
24 1 U -1
25 1 U 24
26 0 U 25
27 1 U 26
28 1 U 27
29 0 U 28
30 1 U -1
31 0 U 30
32 1 U 31
33 0 U 32
34 0 U 33
35 1 U 34
36 0 U -1
37 1 U 36
38 1 U 37
39 1 U 38
40 0 U 39
41 0 U 40
42 0 U -1
43 0 U 42
44 1 U 43
# score :16 1139412
# W : 410037 , H : 663186
45
0 0 U -1
1 1 U 0
2 0 U 1
3 1 U 2
4 1 U 3
5 0 U 4
6 1 U -1
7 0 U 6
8 1 U 7
9 1 U 8
10 0 U 9
11 0 U 10
12 0 U -1
13 0 U 12
14 0 U 13
15 1 U 14
16 1 U 15
17 0 U 16
18 1 U -1
19 1 U 18
20 1 U 19
21 0 U 20
22 0 U 21
23 0 U 22
24 0 U -1
25 0 U 24
26 0 U 25
27 0 U 26
28 1 U 27
29 1 U 28
30 0 U -1
31 0 U 30
32 1 U 31
33 1 U 32
34 0 U 33
35 0 U 34
36 1 U -1
37 0 U 36
38 1 U 37
39 1 U 38
40 1 U 39
41 1 U 40
42 1 U -1
43 0 U 42
44 1 U 43
# score :17 1196019
# W : 434272 , H : 701405
45
0 1 U -1
1 1 U 0
2 1 U 1
3 1 U 2
4 0 U 3
5 1 U 4
6 0 U -1
7 0 U 6
8 0 U 7
9 0 U 8
10 0 U 9
11 0 U 10
12 0 U -1
13 0 U 12
14 0 U 13
15 1 U 14
16 1 U 15
17 0 U 16
18 1 U -1
19 0 U 18
20 1 U 19
21 0 U 20
22 0 U 21
23 1 U 22
24 0 U -1
25 0 U 24
26 0 U 25
27 0 U 26
28 0 U 27
29 0 U 28
30 1 U -1
31 0 U 30
32 1 U 31
33 0 U 32
34 1 U 33
35 1 U 34
36 0 L 30
37 1 L 31
38 1 L 32
39 0 L 33
40 1 L 34
41 0 L 35
42 0 U -1
43 1 U 42
44 1 U 43
# score :18 1264333
# W : 471174 , H : 649690
45
0 0 U -1
1 1 U 0
2 0 U 1
3 1 U 2
4 0 U 3
5 1 U 4
6 0 U -1
7 0 U 6
8 1 U 7
9 0 U 8
10 0 U 9
11 1 U 10
12 1 U -1
13 0 U 12
14 0 U 13
15 0 U 14
16 1 U 15
17 0 U 16
18 0 U -1
19 0 U 18
20 0 U 19
21 0 U 20
22 0 U 21
23 1 U 22
24 1 U -1
25 1 U 24
26 0 U 25
27 1 U 26
28 0 U 27
29 1 U 28
30 0 U -1
31 0 U 30
32 0 U 31
33 0 U 32
34 0 U 33
35 0 U 34
36 1 L 30
37 1 L 31
38 1 L 32
39 0 L 33
40 0 L 34
41 0 L 35
42 0 U -1
43 1 U 42
44 1 U 43
# score :19 1373451
# W : 545715 , H : 598793
45
0 1 U -1
1 1 U 0
2 1 U 1
3 0 U 2
4 0 U 3
5 0 U 4
6 1 U -1
7 1 U 6
8 0 U 7
9 0 U 8
10 0 U 9
11 1 U 10
12 1 U -1
13 1 U 12
14 1 U 13
15 1 U 14
16 1 U 15
17 0 U 16
18 0 U -1
19 1 U 18
20 1 U 19
21 0 U 20
22 1 U 21
23 0 U 22
24 1 U -1
25 1 U 24
26 1 U 25
27 0 U 26
28 0 U 27
29 1 U 28
30 1 U -1
31 0 U 30
32 1 U 31
33 0 U 32
34 1 U 33
35 1 U 34
36 0 L 24
37 0 L 25
38 0 L 26
39 1 L 27
40 0 L 28
41 1 L 29
42 0 U -1
43 0 U 42
44 1 U 43
# score :20 1283189
# W : 677258 , H : 573841
45
0 0 U -1
1 1 U 0
2 1 U 1
3 1 U 2
4 0 U 3
5 0 U 4
6 1 U -1
7 0 U 6
8 0 U 7
9 0 U 8
10 1 U 9
11 1 U 10
12 1 U -1
13 0 U 12
14 0 U 13
15 1 U 14
16 0 U 15
17 0 U 16
18 0 U -1
19 0 U 18
20 1 U 19
21 1 U 20
22 1 U 21
23 1 U 22
24 0 U -1
25 1 U 24
26 1 U 25
27 0 U 26
28 1 U 27
29 0 U 28
30 1 U -1
31 0 U 30
32 0 U 31
33 1 U 32
34 0 U 33
35 0 U 34
36 0 L 24
37 0 L 25
38 1 L 26
39 1 L 27
40 0 L 28
41 1 L 29
42 0 U -1
43 1 U 42
44 1 U 43
# score :21 1392683
# W : 569904 , H : 601229
45
0 1 U -1
1 0 U 0
2 0 U 1
3 0 U 2
4 0 U 3
5 1 U 4
6 1 U -1
7 1 U 6
8 1 U 7
9 0 U 8
10 1 U 9
11 0 U 10
12 1 U -1
13 0 U 12
14 0 U 13
15 1 U 14
16 1 U 15
17 1 U 16
18 0 U -1
19 0 U 18
20 0 U 19
21 1 U 20
22 0 U 21
23 0 U 22
24 1 U -1
25 0 U 24
26 0 U 25
27 0 U 26
28 1 U 27
29 1 U 28
30 1 U -1
31 1 U 30
32 0 U 31
33 1 U 32
34 0 U 33
35 1 U 34
36 0 L 24
37 1 L 25
38 1 L 26
39 0 L 27
40 0 L 28
41 1 L 29
42 0 U -1
43 0 U 42
44 0 U 43
# score :22 1323546
# W : 746383 , H : 539358
45
0 1 U -1
1 0 U 0
2 0 U 1
3 1 U 2
4 0 U 3
5 1 U 4
6 0 U -1
7 1 U 6
8 0 U 7
9 0 U 8
10 1 U 9
11 1 U 10
12 1 U -1
13 0 U 12
14 0 U 13
15 1 U 14
16 1 U 15
17 1 U 16
18 0 U -1
19 0 U 18
20 1 U 19
21 0 U 20
22 0 U 21
23 1 U 22
24 1 U -1
25 0 U 24
26 0 U 25
27 0 U 26
28 0 U 27
29 1 U 28
30 1 U -1
31 1 U 30
32 0 U 31
33 0 U 32
34 0 U 33
35 0 U 34
36 0 L 24
37 1 L 25
38 0 L 26
39 0 L 27
40 1 L 28
41 0 L 29
42 0 U -1
43 0 U 42
44 1 U 43
# score :23 1391267
# W : 527123 , H : 559040
45
0 0 U -1
1 0 U 0
2 0 U 1
3 0 U 2
4 0 U 3
5 0 U 4
6 1 U -1
7 0 U 6
8 1 U 7
9 0 U 8
10 0 U 9
11 0 U 10
12 1 U -1
13 0 U 12
14 0 U 13
15 0 U 14
16 0 U 15
17 0 U 16
18 1 U -1
19 1 U 18
20 0 U 19
21 0 U 20
22 0 U 21
23 1 U 22
24 0 U -1
25 0 U 24
26 1 U 25
27 0 U 26
28 1 U 27
29 0 U 28
30 1 U -1
31 0 U 30
32 0 U 31
33 0 U 32
34 0 U 33
35 0 U 34
36 1 U -1
37 1 U 36
38 1 U 37
39 1 U 38
40 1 U 39
41 0 U 40
42 0 U -1
43 1 U 42
44 1 U 43
# score :24 1105024
# W : 439023 , H : 635333
45
0 0 U -1
1 0 U 0
2 0 U 1
3 1 U 2
4 0 U 3
5 0 U 4
6 1 U -1
7 1 U 6
8 0 U 7
9 1 U 8
10 0 U 9
11 1 U 10
12 1 U -1
13 1 U 12
14 0 U 13
15 1 U 14
16 1 U 15
17 0 U 16
18 1 U -1
19 0 U 18
20 0 U 19
21 1 U 20
22 0 U 21
23 0 U 22
24 0 U -1
25 1 U 24
26 0 U 25
27 0 U 26
28 0 U 27
29 0 U 28
30 1 U -1
31 0 U 30
32 0 U 31
33 1 U 32
34 1 U 33
35 1 U 34
36 0 U -1
37 0 U 36
38 0 U 37
39 1 U 38
40 1 U 39
41 1 U 40
42 0 U -1
43 0 U 42
44 1 U 43
# score :25 1131657
# W : 435251 , H : 656056
45
0 0 U -1
1 0 U 0
2 0 U 1
3 0 U 2
4 0 U 3
5 1 U 4
6 1 U -1
7 0 U 6
8 0 U 7
9 0 U 8
10 0 U 9
11 0 U 10
12 0 U -1
13 0 U 12
14 1 U 13
15 0 U 14
16 0 U 15
17 0 U 16
18 1 U -1
19 1 U 18
20 0 U 19
21 1 U 20
22 1 U 21
23 0 U 22
24 1 U -1
25 1 U 24
26 0 U 25
27 0 U 26
28 0 U 27
29 0 U 28
30 0 U -1
31 1 U 30
32 0 U 31
33 0 U 32
34 0 U 33
35 1 U 34
36 0 L 30
37 0 L 31
38 1 L 32
39 0 L 33
40 0 L 34
41 0 L 35
42 1 U -1
43 1 U 42
44 0 U 43
# score :26 1295302
# W : 593792 , H : 595781
45
0 0 U -1
1 1 U 0
2 1 U 1
3 1 U 2
4 1 U 3
5 1 U 4
6 1 U -1
7 0 U 6
8 1 U 7
9 1 U 8
10 0 U 9
11 0 U 10
12 1 U -1
13 0 U 12
14 1 U 13
15 0 U 14
16 0 U 15
17 0 U 16
18 0 U -1
19 1 U 18
20 1 U 19
21 1 U 20
22 1 U 21
23 0 U 22
24 1 U -1
25 1 U 24
26 0 U 25
27 0 U 26
28 1 U 27
29 1 U 28
30 1 U -1
31 1 U 30
32 0 U 31
33 0 U 32
34 1 U 33
35 1 U 34
36 1 L 30
37 0 L 31
38 1 L 32
39 0 L 33
40 0 L 34
41 0 L 35
42 1 U -1
43 0 U 42
44 0 U 43
# score :27 1235470
# W : 523176 , H : 606492
45
0 1 U -1
1 0 U 0
2 1 U 1
3 1 U 2
4 0 U 3
5 1 U 4
6 1 U -1
7 1 U 6
8 1 U 7
9 0 U 8
10 1 U 9
11 0 U 10
12 0 U -1
13 1 U 12
14 1 U 13
15 1 U 14
16 0 U 15
17 1 U 16
18 0 U -1
19 1 U 18
20 0 U 19
21 0 U 20
22 1 U 21
23 0 U 22
24 1 U -1
25 1 U 24
26 1 U 25
27 0 U 26
28 0 U 27
29 0 U 28
30 1 U -1
31 1 U 30
32 0 U 31
33 1 U 32
34 1 U 33
35 1 U 34
36 1 L 24
37 1 L 25
38 0 L 26
39 1 L 27
40 1 L 28
41 0 L 29
42 0 U -1
43 1 U 42
44 1 U 43
# score :28 1378691
# W : 673463 , H : 586258
45
0 1 U -1
1 0 U 0
2 0 U 1
3 1 U 2
4 0 U 3
5 1 U 4
6 1 U -1
7 1 U 6
8 0 U 7
9 0 U 8
10 0 U 9
11 0 U 10
12 0 U -1
13 0 U 12
14 1 U 13
15 1 U 14
16 0 U 15
17 0 U 16
18 1 U -1
19 1 U 18
20 0 U 19
21 1 U 20
22 0 U 21
23 1 U 22
24 0 U -1
25 1 U 24
26 1 U 25
27 1 U 26
28 1 U 27
29 0 U 28
30 0 U -1
31 0 U 30
32 0 U 31
33 1 U 32
34 0 U 33
35 0 U 34
36 0 L 24
37 1 L 25
38 0 L 26
39 1 L 27
40 1 L 28
41 0 L 29
42 0 U -1
43 0 U 42
44 0 U 43
# score :29 1389863
# W : 629699 , H : 592284
45
0 1 U -1
1 1 U 0
2 1 U 1
3 0 U 2
4 1 U 3
5 0 U 4
6 0 U -1
7 1 U 6
8 0 U 7
9 0 U 8
10 1 U 9
11 1 U 10
12 1 U -1
13 0 U 12
14 1 U 13
15 1 U 14
16 0 U 15
17 1 U 16
18 0 U -1
19 0 U 18
20 0 U 19
21 0 U 20
22 0 U 21
23 0 U 22
24 1 U -1
25 0 U 24
26 0 U 25
27 0 U 26
28 1 U 27
29 1 U 28
30 0 U -1
31 1 U 30
32 0 U 31
33 0 U 32
34 0 U 33
35 1 U 34
36 0 L 24
37 1 L 25
38 1 L 26
39 1 L 27
40 0 L 28
41 1 L 29
42 1 U -1
43 0 U 42
44 0 U 43
# score :30 1361030
# W : 799393 , H : 520863
45
0 0 U -1
1 1 U 0
2 0 U 1
3 1 U 2
4 1 U 3
5 1 U 4
6 1 U -1
7 0 U 6
8 1 U 7
9 1 U 8
10 0 U 9
11 1 U 10
12 1 U -1
13 0 U 12
14 0 U 13
15 1 U 14
16 0 U 15
17 1 U 16
18 1 U -1
19 0 U 18
20 1 U 19
21 1 U 20
22 0 U 21
23 0 U 22
24 0 U -1
25 0 U 24
26 1 U 25
27 0 U 26
28 1 U 27
29 0 U 28
30 1 U -1
31 0 U 30
32 1 U 31
33 0 U 32
34 0 U 33
35 1 U 34
36 0 L 24
37 0 L 25
38 0 L 26
39 0 L 27
40 1 L 28
41 0 L 29
42 0 U -1
43 0 U 42
44 0 U 43
# score :31 1339573
# W : 688938 , H : 633762
45
0 0 U -1
1 0 U 0
2 1 U 1
3 0 U 2
4 1 U 3
5 0 U 4
6 0 U -1
7 0 U 6
8 1 U 7
9 0 U 8
10 0 U 9
11 1 U 10
12 1 U -1
13 0 U 12
14 0 U 13
15 0 U 14
16 1 U 15
17 1 U 16
18 1 U -1
19 1 U 18
20 1 U 19
21 0 U 20
22 1 U 21
23 1 U 22
24 0 U -1
25 1 U 24
26 1 U 25
27 0 U 26
28 1 U 27
29 1 U 28
30 0 U -1
31 0 U 30
32 1 U 31
33 1 U 32
34 1 U 33
35 1 U 34
36 1 U -1
37 0 U 36
38 0 U 37
39 0 U 38
40 1 U 39
41 0 U 40
42 0 U -1
43 1 U 42
44 0 U 43
# score :32 1155627
# W : 483638 , H : 663735
45
0 0 U -1
1 1 U 0
2 0 U 1
3 0 U 2
4 0 U 3
5 0 U 4
6 1 U -1
7 1 U 6
8 1 U 7
9 1 U 8
10 0 U 9
11 1 U 10
12 0 U -1
13 1 U 12
14 0 U 13
15 0 U 14
16 1 U 15
17 1 U 16
18 0 U -1
19 0 U 18
20 0 U 19
21 0 U 20
22 1 U 21
23 1 U 22
24 1 U -1
25 0 U 24
26 0 U 25
27 1 U 26
28 1 U 27
29 0 U 28
30 1 U -1
31 0 U 30
32 0 U 31
33 0 U 32
34 1 U 33
35 0 U 34
36 0 U -1
37 0 U 36
38 0 U 37
39 0 U 38
40 1 U 39
41 0 U 40
42 1 U -1
43 0 U 42
44 1 U 43
# score :33 1087886
# W : 426352 , H : 617159
45
0 0 U -1
1 1 U 0
2 0 U 1
3 1 U 2
4 1 U 3
5 0 U 4
6 1 U -1
7 1 U 6
8 1 U 7
9 0 U 8
10 1 U 9
11 0 U 10
12 1 U -1
13 1 U 12
14 0 U 13
15 1 U 14
16 1 U 15
17 0 U 16
18 0 U -1
19 0 U 18
20 0 U 19
21 0 U 20
22 1 U 21
23 1 U 22
24 1 U -1
25 1 U 24
26 0 U 25
27 0 U 26
28 0 U 27
29 0 U 28
30 1 U -1
31 0 U 30
32 0 U 31
33 0 U 32
34 0 U 33
35 0 U 34
36 1 L 30
37 1 L 31
38 1 L 32
39 1 L 33
40 1 L 34
41 1 L 35
42 1 U -1
43 1 U 42
44 1 U 43
# score :34 1226144
# W : 549973 , H : 602104
45
0 1 U -1
1 0 U 0
2 0 U 1
3 1 U 2
4 0 U 3
5 0 U 4
6 1 U -1
7 1 U 6
8 0 U 7
9 1 U 8
10 1 U 9
11 0 U 10
12 1 U -1
13 1 U 12
14 1 U 13
15 0 U 14
16 0 U 15
17 0 U 16
18 1 U -1
19 1 U 18
20 0 U 19
21 0 U 20
22 1 U 21
23 1 U 22
24 0 U -1
25 1 U 24
26 0 U 25
27 1 U 26
28 1 U 27
29 0 U 28
30 0 U -1
31 0 U 30
32 0 U 31
33 1 U 32
34 1 U 33
35 1 U 34
36 1 L 30
37 0 L 31
38 0 L 32
39 1 L 33
40 0 L 34
41 1 L 35
42 1 U -1
43 1 U 42
44 1 U 43
# score :35 1223072
# W : 465270 , H : 625718
45
0 1 U -1
1 1 U 0
2 0 U 1
3 1 U 2
4 1 U 3
5 0 U 4
6 1 U -1
7 1 U 6
8 0 U 7
9 1 U 8
10 0 U 9
11 1 U 10
12 1 U -1
13 1 U 12
14 1 U 13
15 0 U 14
16 0 U 15
17 1 U 16
18 1 U -1
19 0 U 18
20 0 U 19
21 0 U 20
22 0 U 21
23 0 U 22
24 0 U -1
25 0 U 24
26 1 U 25
27 0 U 26
28 1 U 27
29 0 U 28
30 1 U -1
31 1 U 30
32 1 U 31
33 0 U 32
34 1 U 33
35 0 U 34
36 1 L 24
37 1 L 25
38 1 L 26
39 0 L 27
40 0 L 28
41 0 L 29
42 1 U -1
43 0 U 42
44 0 U 43
# score :36 1276760
# W : 635930 , H : 581781
45
0 1 U -1
1 0 U 0
2 0 U 1
3 0 U 2
4 0 U 3
5 0 U 4
6 0 U -1
7 1 U 6
8 1 U 7
9 0 U 8
10 1 U 9
11 1 U 10
12 0 U -1
13 1 U 12
14 1 U 13
15 1 U 14
16 1 U 15
17 1 U 16
18 0 U -1
19 1 U 18
20 1 U 19
21 0 U 20
22 0 U 21
23 1 U 22
24 1 U -1
25 1 U 24
26 0 U 25
27 1 U 26
28 0 U 27
29 1 U 28
30 1 U -1
31 0 U 30
32 0 U 31
33 1 U 32
34 1 U 33
35 0 U 34
36 0 L 24
37 0 L 25
38 1 L 26
39 0 L 27
40 1 L 28
41 1 L 29
42 1 U -1
43 1 U 42
44 0 U 43
# score :37 1296874
# W : 637458 , H : 594334
45
0 1 U -1
1 1 U 0
2 1 U 1
3 0 U 2
4 1 U 3
5 1 U 4
6 0 U -1
7 0 U 6
8 0 U 7
9 0 U 8
10 0 U 9
11 0 U 10
12 1 U -1
13 0 U 12
14 1 U 13
15 0 U 14
16 0 U 15
17 0 U 16
18 1 U -1
19 1 U 18
20 0 U 19
21 0 U 20
22 0 U 21
23 0 U 22
24 1 U -1
25 1 U 24
26 0 U 25
27 1 U 26
28 1 U 27
29 0 U 28
30 1 U -1
31 1 U 30
32 0 U 31
33 0 U 32
34 0 U 33
35 0 U 34
36 1 L 24
37 1 L 25
38 0 L 26
39 0 L 27
40 0 L 28
41 1 L 29
42 1 U -1
43 1 U 42
44 0 U 43
# score :38 1333315
# W : 692518 , H : 537130
45
0 1 U -1
1 1 U 0
2 0 U 1
3 0 U 2
4 1 U 3
5 0 U 4
6 1 U -1
7 0 U 6
8 0 U 7
9 0 U 8
10 1 U 9
11 0 U 10
12 1 U -1
13 0 U 12
14 0 U 13
15 0 U 14
16 0 U 15
17 0 U 16
18 1 U -1
19 0 U 18
20 1 U 19
21 1 U 20
22 1 U 21
23 0 U 22
24 1 U -1
25 0 U 24
26 1 U 25
27 0 U 26
28 0 U 27
29 0 U 28
30 1 U -1
31 0 U 30
32 1 U 31
33 0 U 32
34 0 U 33
35 0 U 34
36 0 L 24
37 1 L 25
38 0 L 26
39 1 L 27
40 0 L 28
41 1 L 29
42 1 U -1
43 1 U 42
44 1 U 43
# score :39 1315955
# W : 770985 , H : 561596
45
0 0 U -1
1 1 U 0
2 1 U 1
3 0 U 2
4 1 U 3
5 1 U 4
6 0 U -1
7 0 U 6
8 0 U 7
9 1 U 8
10 1 U 9
11 1 U 10
12 0 U -1
13 1 U 12
14 0 U 13
15 0 U 14
16 1 U 15
17 1 U 16
18 0 U -1
19 0 U 18
20 1 U 19
21 0 U 20
22 0 U 21
23 0 U 22
24 0 U -1
25 1 U 24
26 1 U 25
27 0 U 26
28 1 U 27
29 1 U 28
30 0 U -1
31 1 U 30
32 0 U 31
33 1 U 32
34 1 U 33
35 1 U 34
36 1 U -1
37 1 U 36
38 1 U 37
39 0 U 38
40 1 U 39
41 0 U 40
42 1 U -1
43 1 U 42
44 1 U 43
# score :40 1197902
# W : 469122 , H : 674993
45
0 0 U -1
1 0 U 0
2 0 U 1
3 1 U 2
4 1 U 3
5 0 U 4
6 1 U -1
7 1 U 6
8 0 U 7
9 1 U 8
10 1 U 9
11 1 U 10
12 1 U -1
13 1 U 12
14 1 U 13
15 1 U 14
16 0 U 15
17 1 U 16
18 1 U -1
19 1 U 18
20 0 U 19
21 1 U 20
22 0 U 21
23 0 U 22
24 0 U -1
25 1 U 24
26 0 U 25
27 1 U 26
28 0 U 27
29 0 U 28
30 0 U -1
31 0 U 30
32 1 U 31
33 0 U 32
34 1 U 33
35 1 U 34
36 0 U -1
37 0 U 36
38 0 U 37
39 0 U 38
40 0 U 39
41 0 U 40
42 0 U -1
43 0 U 42
44 1 U 43
# score :41 1115838
# W : 435978 , H : 677629
45
0 1 U -1
1 0 U 0
2 0 U 1
3 1 U 2
4 1 U 3
5 1 U 4
6 0 U -1
7 0 U 6
8 0 U 7
9 0 U 8
10 1 U 9
11 1 U 10
12 1 U -1
13 1 U 12
14 1 U 13
15 0 U 14
16 1 U 15
17 0 U 16
18 1 U -1
19 0 U 18
20 1 U 19
21 1 U 20
22 0 U 21
23 1 U 22
24 0 U -1
25 1 U 24
26 1 U 25
27 0 U 26
28 1 U 27
29 1 U 28
30 0 U -1
31 0 U 30
32 1 U 31
33 1 U 32
34 0 U 33
35 0 U 34
36 1 L 30
37 0 L 31
38 0 L 32
39 0 L 33
40 1 L 34
41 0 L 35
42 1 U -1
43 1 U 42
44 0 U 43
# score :42 1392304
# W : 539452 , H : 607654
45
0 0 U -1
1 0 U 0
2 0 U 1
3 1 U 2
4 0 U 3
5 1 U 4
6 1 U -1
7 0 U 6
8 1 U 7
9 1 U 8
10 1 U 9
11 1 U 10
12 0 U -1
13 0 U 12
14 1 U 13
15 0 U 14
16 0 U 15
17 1 U 16
18 1 U -1
19 1 U 18
20 1 U 19
21 1 U 20
22 0 U 21
23 0 U 22
24 0 U -1
25 0 U 24
26 0 U 25
27 1 U 26
28 1 U 27
29 0 U 28
30 1 U -1
31 1 U 30
32 1 U 31
33 1 U 32
34 1 U 33
35 0 U 34
36 0 L 30
37 0 L 31
38 0 L 32
39 0 L 33
40 0 L 34
41 0 L 35
42 0 U -1
43 0 U 42
44 0 U 43
# score :43 1257311
# W : 435958 , H : 653576
45
0 1 U -1
1 1 U 0
2 1 U 1
3 1 U 2
4 0 U 3
5 0 U 4
6 1 U -1
7 0 U 6
8 0 U 7
9 1 U 8
10 1 U 9
11 1 U 10
12 0 U -1
13 1 U 12
14 0 U 13
15 0 U 14
16 1 U 15
17 0 U 16
18 1 U -1
19 1 U 18
20 0 U 19
21 1 U 20
22 1 U 21
23 0 U 22
24 0 U -1
25 0 U 24
26 0 U 25
27 0 U 26
28 0 U 27
29 0 U 28
30 0 U -1
31 0 U 30
32 0 U 31
33 0 U 32
34 1 U 33
35 0 U 34
36 1 L 24
37 0 L 25
38 1 L 26
39 1 L 27
40 0 L 28
41 1 L 29
42 0 U -1
43 1 U 42
44 1 U 43
# score :44 1365708
# W : 678661 , H : 548656
45
0 1 U -1
1 0 U 0
2 1 U 1
3 1 U 2
4 1 U 3
5 1 U 4
6 1 U -1
7 0 U 6
8 1 U 7
9 0 U 8
10 1 U 9
11 1 U 10
12 1 U -1
13 1 U 12
14 1 U 13
15 1 U 14
16 1 U 15
17 0 U 16
18 0 U -1
19 1 U 18
20 1 U 19
21 0 U 20
22 0 U 21
23 0 U 22
24 1 U -1
25 1 U 24
26 1 U 25
27 1 U 26
28 0 U 27
29 0 U 28
30 1 U -1
31 1 U 30
32 1 U 31
33 0 U 32
34 1 U 33
35 1 U 34
36 0 L 24
37 1 L 25
38 1 L 26
39 1 L 27
40 0 L 28
41 1 L 29
42 0 U -1
43 0 U 42
44 0 U 43
# score :45 1319674
# W : 681029 , H : 591782
