83
0 0 U -1
1 0 U 0
2 0 U 1
3 0 U 2
4 0 U 3
5 0 U 4
6 0 U 5
7 0 U 6
8 0 U 7
9 0 U -1
10 0 U 9
11 0 U 10
12 0 U 11
13 0 U 12
14 0 U 13
15 0 U 14
16 0 U 15
17 0 U 16
18 0 U -1
19 0 U 18
20 0 U 19
21 0 U 20
22 0 U 21
23 0 U 22
24 0 U 23
25 0 U 24
26 0 U 25
27 0 U -1
28 0 U 27
29 0 U 28
30 0 U 29
31 0 U 30
32 0 U 31
33 0 U 32
34 0 U 33
35 0 U 34
36 0 U -1
37 0 U 36
38 0 U 37
39 0 U 38
40 0 U 39
41 0 U 40
42 0 U 41
43 0 U 42
44 0 U 43
45 0 U -1
46 0 U 45
47 0 U 46
48 0 U 47
49 0 U 48
50 0 U 49
51 0 U 50
52 0 U 51
53 0 U 52
54 0 U -1
55 0 U 54
56 0 U 55
57 0 U 56
58 0 U 57
59 0 U 58
60 0 U 59
61 0 U 60
62 0 U 61
63 0 U -1
64 0 U 63
65 0 U 64
66 0 U 65
67 0 U 66
68 0 U 67
69 0 U 68
70 0 U 69
71 0 U 70
72 0 U -1
73 0 U 72
74 0 U 73
75 0 U 74
76 0 U 75
77 0 U 76
78 0 U 77
79 0 U 78
80 0 U 79
81 0 U -1
82 0 U 81
# score :0 1620067
# W : 707040 , H : 805626
83
0 0 U -1
1 1 U 0
2 1 U 1
3 0 U 2
4 1 U 3
5 1 U 4
6 1 U 5
7 1 U 6
8 0 U 7
9 1 U -1
10 0 U 9
11 1 U 10
12 1 U 11
13 1 U 12
14 1 U 13
15 0 U 14
16 0 U 15
17 1 U 16
18 0 U -1
19 0 U 18
20 1 U 19
21 1 U 20
22 0 U 21
23 0 U 22
24 1 U 23
25 0 U 24
26 0 U 25
27 0 U -1
28 0 U 27
29 1 U 28
30 0 U 29
31 1 U 30
32 0 U 31
33 1 U 32
34 1 U 33
35 1 U 34
36 1 U -1
37 0 U 36
38 0 U 37
39 0 U 38
40 1 U 39
41 1 U 40
42 0 U 41
43 1 U 42
44 0 U 43
45 0 U -1
46 0 U 45
47 0 U 46
48 0 U 47
49 1 U 48
50 0 U 49
51 0 U 50
52 0 U 51
53 0 U 52
54 0 U -1
55 0 U 54
56 1 U 55
57 0 U 56
58 1 U 57
59 0 U 58
60 0 U 59
61 1 U 60
62 1 U 61
63 1 U -1
64 0 U 63
65 1 U 64
66 1 U 65
67 1 U 66
68 1 U 67
69 1 U 68
70 0 U 69
71 1 U 70
72 1 U -1
73 0 U 72
74 1 U 73
75 1 U 74
76 0 U 75
77 0 U 76
78 0 U 77
79 1 U 78
80 0 U 79
81 1 U -1
82 1 U 81
# score :1 1542383
# W : 773426 , H : 740503
83
0 0 U -1
1 0 U 0
2 0 U 1
3 0 U 2
4 0 U 3
5 0 U 4
6 0 U 5
7 0 U 6
8 0 U 7
9 0 U -1
10 0 U 9
11 0 U 10
12 0 U 11
13 0 U 12
14 0 U 13
15 0 U 14
16 0 U 15
17 0 U 16
18 0 U -1
19 0 U 18
20 0 U 19
21 0 U 20
22 0 U 21
23 0 U 22
24 0 U 23
25 0 U 24
26 0 U 25
27 0 U -1
28 0 U 27
29 0 U 28
30 0 U 29
31 0 U 30
32 0 U 31
33 0 U 32
34 0 U 33
35 0 U 34
36 0 U -1
37 0 U 36
38 0 U 37
39 0 U 38
40 0 U 39
41 0 U 40
42 0 U 41
43 0 U 42
44 0 U 43
45 0 U -1
46 0 U 45
47 0 U 46
48 0 U 47
49 0 U 48
50 0 U 49
51 0 U 50
52 0 U 51
53 0 U 52
54 0 U -1
55 0 U 54
56 0 U 55
57 0 U 56
58 0 U 57
59 0 U 58
60 0 U 59
61 0 U 60
62 0 U 61
63 0 U -1
64 0 U 63
65 0 U 64
66 0 U 65
67 0 U 66
68 0 U 67
69 0 U 68
70 0 U 69
71 0 U 70
72 0 U -1
73 0 U 72
74 0 U 73
75 0 U 74
76 0 U 75
77 0 U 76
78 0 U 77
79 0 U 78
80 0 U 79
81 0 L 72
82 0 L 73
# score :2 1601563
# W : 713393 , H : 788369
83
0 0 U -1
1 1 U 0
2 1 U 1
3 0 U 2
4 1 U 3
5 1 U 4
6 1 U 5
7 1 U 6
8 0 U 7
9 1 U -1
10 0 U 9
11 1 U 10
12 1 U 11
13 1 U 12
14 1 U 13
15 0 U 14
16 0 U 15
17 1 U 16
18 0 U -1
19 0 U 18
20 1 U 19
21 1 U 20
22 0 U 21
23 0 U 22
24 1 U 23
25 0 U 24
26 0 U 25
27 0 U -1
28 0 U 27
29 1 U 28
30 0 U 29
31 1 U 30
32 0 U 31
33 1 U 32
34 1 U 33
35 1 U 34
36 1 U -1
37 0 U 36
38 0 U 37
39 0 U 38
40 1 U 39
41 1 U 40
42 0 U 41
43 1 U 42
44 0 U 43
45 0 U -1
46 0 U 45
47 0 U 46
48 0 U 47
49 1 U 48
50 0 U 49
51 0 U 50
52 0 U 51
53 0 U 52
54 0 U -1
55 0 U 54
56 1 U 55
57 0 U 56
58 1 U 57
59 0 U 58
60 0 U 59
61 1 U 60
62 1 U 61
63 1 U -1
64 0 U 63
65 1 U 64
66 1 U 65
67 1 U 66
68 1 U 67
69 1 U 68
70 0 U 69
71 1 U 70
72 1 U -1
73 0 U 72
74 1 U 73
75 1 U 74
76 0 U 75
77 0 U 76
78 0 U 77
79 1 U 78
80 0 U 79
81 1 L 72
82 1 L 73
# score :3 1509866
# W : 775935 , H : 721661
83
0 0 U -1
1 0 U 0
2 0 U 1
3 0 U 2
4 0 U 3
5 0 U 4
6 0 U 5
7 0 U 6
8 0 U 7
9 0 U -1
10 0 U 9
11 0 U 10
12 0 U 11
13 0 U 12
14 0 U 13
15 0 U 14
16 0 U 15
17 0 U 16
18 0 U -1
19 0 U 18
20 0 U 19
21 0 U 20
22 0 U 21
23 0 U 22
24 0 U 23
25 0 U 24
26 0 U 25
27 0 U -1
28 0 U 27
29 0 U 28
30 0 U 29
31 0 U 30
32 0 U 31
33 0 U 32
34 0 U 33
35 0 U 34
36 0 U -1
37 0 U 36
38 0 U 37
39 0 U 38
40 0 U 39
41 0 U 40
42 0 U 41
43 0 U 42
44 0 U 43
45 0 U -1
46 0 U 45
47 0 U 46
48 0 U 47
49 0 U 48
50 0 U 49
51 0 U 50
52 0 U 51
53 0 U 52
54 0 U -1
55 0 U 54
56 0 U 55
57 0 U 56
58 0 U 57
59 0 U 58
60 0 U 59
61 0 U 60
62 0 U 61
63 0 U -1
64 0 U 63
65 0 U 64
66 0 U 65
67 0 U 66
68 0 U 67
69 0 U 68
70 0 U 69
71 0 U 70
72 0 U -1
73 0 U 72
74 0 U 73
75 0 U 74
76 0 U 75
77 0 U 76
78 0 U 77
79 0 U 78
80 0 U 79
81 0 L 63
82 0 L 64
# score :4 1519949
# W : 712413 , H : 774200
83
0 0 U -1
1 1 U 0
2 1 U 1
3 0 U 2
4 1 U 3
5 1 U 4
6 1 U 5
7 1 U 6
8 0 U 7
9 1 U -1
10 0 U 9
11 1 U 10
12 1 U 11
13 1 U 12
14 1 U 13
15 0 U 14
16 0 U 15
17 1 U 16
18 0 U -1
19 0 U 18
20 1 U 19
21 1 U 20
22 0 U 21
23 0 U 22
24 1 U 23
25 0 U 24
26 0 U 25
27 0 U -1
28 0 U 27
29 1 U 28
30 0 U 29
31 1 U 30
32 0 U 31
33 1 U 32
34 1 U 33
35 1 U 34
36 1 U -1
37 0 U 36
38 0 U 37
39 0 U 38
40 1 U 39
41 1 U 40
42 0 U 41
43 1 U 42
44 0 U 43
45 0 U -1
46 0 U 45
47 0 U 46
48 0 U 47
49 1 U 48
50 0 U 49
51 0 U 50
52 0 U 51
53 0 U 52
54 0 U -1
55 0 U 54
56 1 U 55
57 0 U 56
58 1 U 57
59 0 U 58
60 0 U 59
61 1 U 60
62 1 U 61
63 1 U -1
64 0 U 63
65 1 U 64
66 1 U 65
67 1 U 66
68 1 U 67
69 1 U 68
70 0 U 69
71 1 U 70
72 1 U -1
73 0 U 72
74 1 U 73
75 1 U 74
76 0 U 75
77 0 U 76
78 0 U 77
79 1 U 78
80 0 U 79
81 1 L 63
82 1 L 64
# score :5 1462502
# W : 820508 , H : 678722
83
0 0 U -1
1 0 U 0
2 0 U 1
3 0 U 2
4 0 U 3
5 0 U 4
6 0 U 5
7 0 U 6
8 0 U 7
9 0 U -1
10 0 U 9
11 0 U 10
12 0 U 11
13 0 U 12
14 0 U 13
15 0 U 14
16 0 U 15
17 0 U 16
18 0 U -1
19 0 U 18
20 0 U 19
21 0 U 20
22 0 U 21
23 0 U 22
24 0 U 23
25 0 U 24
26 0 U 25
27 0 U -1
28 0 U 27
29 0 U 28
30 0 U 29
31 0 U 30
32 0 U 31
33 0 U 32
34 0 U 33
35 0 U 34
36 0 U -1
37 0 U 36
38 0 U 37
39 0 U 38
40 0 U 39
41 0 U 40
42 0 U 41
43 0 U 42
44 0 U 43
45 0 U -1
46 0 U 45
47 0 U 46
48 0 U 47
49 0 U 48
50 0 U 49
51 0 U 50
52 0 U 51
53 0 U 52
54 0 U -1
55 0 U 54
56 0 U 55
57 0 U 56
58 0 U 57
59 0 U 58
60 0 U 59
61 0 U 60
62 0 U 61
63 0 U -1
64 0 U 63
65 0 U 64
66 0 U 65
67 0 U 66
68 0 U 67
69 0 U 68
70 0 U 69
71 0 U 70
72 0 U -1
73 0 U 72
74 0 U 73
75 0 U 74
76 0 U 75
77 0 U 76
78 0 U 77
79 0 U 78
80 0 U 79
81 0 L 63
82 0 L 64
# score :6 1519949
# W : 718425 , H : 784060
83
0 0 U -1
1 1 U 0
2 1 U 1
3 0 U 2
4 1 U 3
5 1 U 4
6 1 U 5
7 1 U 6
8 0 U 7
9 1 U -1
10 0 U 9
11 1 U 10
12 1 U 11
13 1 U 12
14 1 U 13
15 0 U 14
16 0 U 15
17 1 U 16
18 0 U -1
19 0 U 18
20 1 U 19
21 1 U 20
22 0 U 21
23 0 U 22
24 1 U 23
25 0 U 24
26 0 U 25
27 0 U -1
28 0 U 27
29 1 U 28
30 0 U 29
31 1 U 30
32 0 U 31
33 1 U 32
34 1 U 33
35 1 U 34
36 1 U -1
37 0 U 36
38 0 U 37
39 0 U 38
40 1 U 39
41 1 U 40
42 0 U 41
43 1 U 42
44 0 U 43
45 0 U -1
46 0 U 45
47 0 U 46
48 0 U 47
49 1 U 48
50 0 U 49
51 0 U 50
52 0 U 51
53 0 U 52
54 0 U -1
55 0 U 54
56 1 U 55
57 0 U 56
58 1 U 57
59 0 U 58
60 0 U 59
61 1 U 60
62 1 U 61
63 1 U -1
64 0 U 63
65 1 U 64
66 1 U 65
67 1 U 66
68 1 U 67
69 1 U 68
70 0 U 69
71 1 U 70
72 1 U -1
73 0 U 72
74 1 U 73
75 1 U 74
76 0 U 75
77 0 U 76
78 0 U 77
79 1 U 78
80 0 U 79
81 1 L 63
82 1 L 64
# score :7 1462502
# W : 817029 , H : 677353
83
0 0 U -1
1 0 U 0
2 0 U 1
3 0 U 2
4 1 U 3
5 0 U 4
6 1 U 5
7 0 U 6
8 1 U 7
9 1 U -1
10 0 U 9
11 1 U 10
12 0 U 11
13 1 U 12
14 0 U 13
15 1 U 14
16 1 U 15
17 1 U 16
18 1 U -1
19 0 U 18
20 0 U 19
21 0 U 20
22 1 U 21
23 0 U 22
24 1 U 23
25 0 U 24
26 0 U 25
27 0 U -1
28 0 U 27
29 0 U 28
30 0 U 29
31 1 U 30
32 1 U 31
33 1 U 32
34 1 U 33
35 1 U 34
36 1 U -1
37 1 U 36
38 1 U 37
39 1 U 38
40 1 U 39
41 0 U 40
42 1 U 41
43 1 U 42
44 1 U 43
45 1 U -1
46 0 U 45
47 0 U 46
48 1 U 47
49 1 U 48
50 1 U 49
51 1 U 50
52 0 U 51
53 1 U 52
54 1 U -1
55 0 U 54
56 0 U 55
57 0 U 56
58 1 U 57
59 1 U 58
60 1 U 59
61 0 U 60
62 1 U 61
63 0 U -1
64 1 U 63
65 0 U 64
66 1 U 65
67 0 U 66
68 0 U 67
69 1 U 68
70 1 U 69
71 0 U 70
72 1 U -1
73 1 U 72
74 0 U 73
75 0 U 74
76 0 U 75
77 0 U 76
78 0 U 77
79 0 U 78
80 1 U 79
81 1 U -1
82 1 U 81
# score :8 1634930
# W : 721764 , H : 833088
83
0 0 U -1
1 1 U 0
2 1 U 1
3 1 U 2
4 0 U 3
5 1 U 4
6 0 U 5
7 0 U 6
8 1 U 7
9 1 U -1
10 1 U 9
11 0 U 10
12 0 U 11
13 0 U 12
14 1 U 13
15 0 U 14
16 1 U 15
17 0 U 16
18 0 U -1
19 0 U 18
20 0 U 19
21 1 U 20
22 1 U 21
23 1 U 22
24 0 U 23
25 0 U 24
26 1 U 25
27 1 U -1
28 1 U 27
29 0 U 28
30 1 U 29
31 1 U 30
32 0 U 31
33 0 U 32
34 1 U 33
35 0 U 34
36 1 U -1
37 0 U 36
38 1 U 37
39 1 U 38
40 1 U 39
41 0 U 40
42 1 U 41
43 0 U 42
44 1 U 43
45 1 U -1
46 0 U 45
47 1 U 46
48 1 U 47
49 0 U 48
50 1 U 49
51 1 U 50
52 0 U 51
53 1 U 52
54 0 U -1
55 0 U 54
56 1 U 55
57 1 U 56
58 0 U 57
59 0 U 58
60 0 U 59
61 1 U 60
62 1 U 61
63 1 U -1
64 0 U 63
65 0 U 64
66 1 U 65
67 0 U 66
68 0 U 67
69 1 U 68
70 1 U 69
71 1 U 70
72 0 U -1
73 0 U 72
74 0 U 73
75 0 U 74
76 1 U 75
77 1 U 76
78 0 U 77
79 1 U 78
80 1 U 79
81 0 U -1
82 0 U 81
# score :9 1624493
# W : 669794 , H : 866297
83
0 0 U -1
1 1 U 0
2 0 U 1
3 1 U 2
4 1 U 3
5 0 U 4
6 1 U 5
7 0 U 6
8 1 U 7
9 1 U -1
10 0 U 9
11 0 U 10
12 1 U 11
13 0 U 12
14 1 U 13
15 1 U 14
16 1 U 15
17 1 U 16
18 1 U -1
19 0 U 18
20 1 U 19
21 1 U 20
22 1 U 21
23 0 U 22
24 0 U 23
25 1 U 24
26 1 U 25
27 1 U -1
28 0 U 27
29 1 U 28
30 1 U 29
31 1 U 30
32 1 U 31
33 1 U 32
34 1 U 33
35 0 U 34
36 1 U -1
37 0 U 36
38 1 U 37
39 0 U 38
40 0 U 39
41 1 U 40
42 0 U 41
43 1 U 42
44 0 U 43
45 1 U -1
46 0 U 45
47 1 U 46
48 0 U 47
49 1 U 48
50 0 U 49
51 0 U 50
52 1 U 51
53 1 U 52
54 1 U -1
55 1 U 54
56 0 U 55
57 0 U 56
58 0 U 57
59 0 U 58
60 0 U 59
61 1 U 60
62 0 U 61
63 0 U -1
64 0 U 63
65 1 U 64
66 0 U 65
67 1 U 66
68 0 U 67
69 0 U 68
70 1 U 69
71 1 U 70
72 0 U -1
73 0 U 72
74 1 U 73
75 1 U 74
76 0 U 75
77 1 U 76
78 0 U 77
79 0 U 78
80 0 U 79
81 0 L 72
82 1 L 73
# score :10 1690746
# W : 727712 , H : 845206
83
0 1 U -1
1 0 U 0
2 0 U 1
3 0 U 2
4 1 U 3
5 0 U 4
6 0 U 5
7 0 U 6
8 0 U 7
9 0 U -1
10 0 U 9
11 0 U 10
12 1 U 11
13 0 U 12
14 0 U 13
15 0 U 14
16 1 U 15
17 1 U 16
18 0 U -1
19 0 U 18
20 0 U 19
21 1 U 20
22 0 U 21
23 0 U 22
24 0 U 23
25 1 U 24
26 1 U 25
27 0 U -1
28 0 U 27
29 1 U 28
30 1 U 29
31 0 U 30
32 0 U 31
33 0 U 32
34 0 U 33
35 1 U 34
36 0 U -1
37 0 U 36
38 0 U 37
39 0 U 38
40 0 U 39
41 0 U 40
42 1 U 41
43 0 U 42
44 1 U 43
45 1 U -1
46 1 U 45
47 1 U 46
48 0 U 47
49 1 U 48
50 1 U 49
51 0 U 50
52 0 U 51
53 0 U 52
54 1 U -1
55 1 U 54
56 1 U 55
57 1 U 56
58 1 U 57
59 1 U 58
60 1 U 59
61 0 U 60
62 1 U 61
63 0 U -1
64 0 U 63
65 1 U 64
66 0 U 65
67 1 U 66
68 1 U 67
69 0 U 68
70 0 U 69
71 0 U 70
72 1 U -1
73 0 U 72
74 0 U 73
75 1 U 74
76 1 U 75
77 0 U 76
78 1 U 77
79 0 U 78
80 0 U 79
81 0 L 72
82 1 L 73
# score :11 1568030
# W : 719963 , H : 874615
83
0 0 U -1
1 0 U 0
2 1 U 1
3 1 U 2
4 1 U 3
5 0 U 4
6 1 U 5
7 1 U 6
8 1 U 7
9 1 U -1
10 0 U 9
11 1 U 10
12 1 U 11
13 0 U 12
14 1 U 13
15 0 U 14
16 0 U 15
17 1 U 16
18 1 U -1
19 0 U 18
20 1 U 19
21 1 U 20
22 1 U 21
23 0 U 22
24 1 U 23
25 0 U 24
26 1 U 25
27 0 U -1
28 1 U 27
29 1 U 28
30 1 U 29
31 1 U 30
32 0 U 31
33 0 U 32
34 0 U 33
35 0 U 34
36 1 U -1
37 1 U 36
38 0 U 37
39 1 U 38
40 1 U 39
41 0 U 40
42 1 U 41
43 0 U 42
44 0 U 43
45 0 U -1
46 1 U 45
47 0 U 46
48 1 U 47
49 1 U 48
50 0 U 49
51 0 U 50
52 1 U 51
53 1 U 52
54 0 U -1
55 1 U 54
56 1 U 55
57 1 U 56
58 1 U 57
59 0 U 58
60 1 U 59
61 1 U 60
62 1 U 61
63 1 U -1
64 1 U 63
65 0 U 64
66 0 U 65
67 1 U 66
68 1 U 67
69 0 U 68
70 0 U 69
71 1 U 70
72 1 U -1
73 0 U 72
74 0 U 73
75 0 U 74
76 0 U 75
77 0 U 76
78 1 U 77
79 0 U 78
80 0 U 79
81 0 L 63
82 0 L 64
# score :12 1497208
# W : 746158 , H : 738294
83
0 1 U -1
1 1 U 0
2 1 U 1
3 0 U 2
4 0 U 3
5 1 U 4
6 0 U 5
7 0 U 6
8 1 U 7
9 1 U -1
10 0 U 9
11 1 U 10
12 1 U 11
13 0 U 12
14 0 U 13
15 1 U 14
16 0 U 15
17 0 U 16
18 0 U -1
19 0 U 18
20 1 U 19
21 0 U 20
22 1 U 21
23 1 U 22
24 1 U 23
25 0 U 24
26 0 U 25
27 0 U -1
28 1 U 27
29 0 U 28
30 1 U 29
31 0 U 30
32 0 U 31
33 1 U 32
34 0 U 33
35 0 U 34
36 0 U -1
37 1 U 36
38 1 U 37
39 1 U 38
40 0 U 39
41 0 U 40
42 1 U 41
43 1 U 42
44 1 U 43
45 0 U -1
46 1 U 45
47 1 U 46
48 1 U 47
49 0 U 48
50 1 U 49
51 0 U 50
52 1 U 51
53 1 U 52
54 1 U -1
55 1 U 54
56 1 U 55
57 1 U 56
58 0 U 57
59 0 U 58
60 0 U 59
61 0 U 60
62 1 U 61
63 1 U -1
64 0 U 63
65 1 U 64
66 0 U 65
67 0 U 66
68 0 U 67
69 1 U 68
70 1 U 69
71 1 U 70
72 1 U -1
73 0 U 72
74 1 U 73
75 0 U 74
76 0 U 75
77 0 U 76
78 1 U 77
79 1 U 78
80 1 U 79
81 1 L 63
82 0 L 64
# score :13 1534870
# W : 704892 , H : 759574
83
0 1 U -1
1 1 U 0
2 1 U 1
3 1 U 2
4 0 U 3
5 1 U 4
6 0 U 5
7 1 U 6
8 0 U 7
9 0 U -1
10 1 U 9
11 1 U 10
12 1 U 11
13 1 U 12
14 1 U 13
15 0 U 14
16 0 U 15
17 1 U 16
18 0 U -1
19 0 U 18
20 1 U 19
21 1 U 20
22 0 U 21
23 0 U 22
24 0 U 23
25 0 U 24
26 1 U 25
27 1 U -1
28 0 U 27
29 0 U 28
30 0 U 29
31 1 U 30
32 0 U 31
33 1 U 32
34 0 U 33
35 1 U 34
36 1 U -1
37 0 U 36
38 0 U 37
39 0 U 38
40 0 U 39
41 0 U 40
42 0 U 41
43 0 U 42
44 0 U 43
45 0 U -1
46 1 U 45
47 1 U 46
48 0 U 47
49 0 U 48
50 1 U 49
51 1 U 50
52 0 U 51
53 1 U 52
54 1 U -1
55 1 U 54
56 0 U 55
57 1 U 56
58 0 U 57
59 1 U 58
60 0 U 59
61 1 U 60
62 0 U 61
63 0 U -1
64 1 U 63
65 0 U 64
66 1 U 65
67 1 U 66
68 0 U 67
69 0 U 68
70 1 U 69
71 0 U 70
72 0 U -1
73 0 U 72
74 0 U 73
75 1 U 74
76 0 U 75
77 0 U 76
78 1 U 77
79 0 U 78
80 1 U 79
81 1 L 63
82 0 L 64
# score :14 1514777
# W : 720184 , H : 787978
83
0 1 U -1
1 0 U 0
2 0 U 1
3 0 U 2
4 1 U 3
5 1 U 4
6 1 U 5
7 1 U 6
8 1 U 7
9 0 U -1
10 0 U 9
11 0 U 10
12 1 U 11
13 1 U 12
14 1 U 13
15 0 U 14
16 1 U 15
17 1 U 16
18 1 U -1
19 1 U 18
20 1 U 19
21 1 U 20
22 0 U 21
23 1 U 22
24 1 U 23
25 1 U 24
26 1 U 25
27 1 U -1
28 0 U 27
29 0 U 28
30 0 U 29
31 1 U 30
32 1 U 31
33 0 U 32
34 0 U 33
35 1 U 34
36 0 U -1
37 0 U 36
38 0 U 37
39 0 U 38
40 0 U 39
41 0 U 40
42 0 U 41
43 1 U 42
44 1 U 43
45 0 U -1
46 0 U 45
47 0 U 46
48 0 U 47
49 0 U 48
50 0 U 49
51 1 U 50
52 1 U 51
53 0 U 52
54 1 U -1
55 0 U 54
56 0 U 55
57 1 U 56
58 0 U 57
59 1 U 58
60 1 U 59
61 0 U 60
62 0 U 61
63 0 U -1
64 0 U 63
65 0 U 64
66 1 U 65
67 0 U 66
68 0 U 67
69 1 U 68
70 1 U 69
71 1 U 70
72 0 U -1
73 0 U 72
74 1 U 73
75 1 U 74
76 0 U 75
77 0 U 76
78 1 U 77
79 1 U 78
80 1 U 79
81 1 L 63
82 1 L 64
# score :15 1485419
# W : 690412 , H : 796810
83
0 1 U -1
1 0 U 0
2 0 U 1
3 1 U 2
4 1 U 3
5 0 U 4
6 0 U 5
7 0 U 6
8 0 U 7
9 0 U -1
10 0 U 9
11 0 U 10
12 0 U 11
13 0 U 12
14 1 U 13
15 1 U 14
16 0 U 15
17 0 U 16
18 1 U -1
19 0 U 18
20 1 U 19
21 1 U 20
22 1 U 21
23 0 U 22
24 1 U 23
25 0 U 24
26 1 U 25
27 0 U -1
28 1 U 27
29 0 U 28
30 1 U 29
31 1 U 30
32 1 U 31
33 1 U 32
34 0 U 33
35 0 U 34
36 0 U -1
37 0 U 36
38 1 U 37
39 1 U 38
40 0 U 39
41 1 U 40
42 1 U 41
43 1 U 42
44 0 U 43
45 1 U -1
46 0 U 45
47 0 U 46
48 1 U 47
49 1 U 48
50 0 U 49
51 1 U 50
52 1 U 51
53 1 U 52
54 1 U -1
55 0 U 54
56 1 U 55
57 0 U 56
58 0 U 57
59 1 U 58
60 1 U 59
61 1 U 60
62 1 U 61
63 1 U -1
64 0 U 63
65 1 U 64
66 0 U 65
67 1 U 66
68 0 U 67
69 0 U 68
70 0 U 69
71 0 U 70
72 1 U -1
73 1 U 72
74 0 U 73
75 1 U 74
76 1 U 75
77 0 U 76
78 0 U 77
79 0 U 78
80 1 U 79
81 1 U -1
82 0 U 81
# score :16 1615832
# W : 733645 , H : 876519
83
0 0 U -1
1 0 U 0
2 1 U 1
3 1 U 2
4 1 U 3
5 1 U 4
6 0 U 5
7 0 U 6
8 0 U 7
9 0 U -1
10 0 U 9
11 1 U 10
12 1 U 11
13 0 U 12
14 0 U 13
15 0 U 14
16 1 U 15
17 1 U 16
18 0 U -1
19 0 U 18
20 0 U 19
21 0 U 20
22 1 U 21
23 0 U 22
24 1 U 23
25 0 U 24
26 1 U 25
27 0 U -1
28 0 U 27
29 1 U 28
30 1 U 29
31 1 U 30
32 1 U 31
33 0 U 32
34 1 U 33
35 0 U 34
36 0 U -1
37 1 U 36
38 0 U 37
39 1 U 38
40 0 U 39
41 0 U 40
42 0 U 41
43 1 U 42
44 1 U 43
45 1 U -1
46 1 U 45
47 0 U 46
48 1 U 47
49 0 U 48
50 1 U 49
51 1 U 50
52 0 U 51
53 0 U 52
54 0 U -1
55 0 U 54
56 0 U 55
57 0 U 56
58 1 U 57
59 0 U 58
60 1 U 59
61 1 U 60
62 0 U 61
63 0 U -1
64 1 U 63
65 0 U 64
66 0 U 65
67 0 U 66
68 0 U 67
69 1 U 68
70 0 U 69
71 0 U 70
72 0 U -1
73 0 U 72
74 0 U 73
75 0 U 74
76 1 U 75
77 1 U 76
78 1 U 77
79 0 U 78
80 1 U 79
81 1 U -1
82 0 U 81
# score :17 1646773
# W : 716529 , H : 829589
83
0 1 U -1
1 0 U 0
2 1 U 1
3 0 U 2
4 0 U 3
5 1 U 4
6 0 U 5
7 1 U 6
8 1 U 7
9 0 U -1
10 1 U 9
11 0 U 10
12 0 U 11
13 0 U 12
14 0 U 13
15 1 U 14
16 0 U 15
17 0 U 16
18 0 U -1
19 1 U 18
20 0 U 19
21 0 U 20
22 1 U 21
23 0 U 22
24 1 U 23
25 0 U 24
26 0 U 25
27 0 U -1
28 1 U 27
29 1 U 28
30 1 U 29
31 0 U 30
32 1 U 31
33 1 U 32
34 1 U 33
35 1 U 34
36 0 U -1
37 1 U 36
38 0 U 37
39 1 U 38
40 0 U 39
41 1 U 40
42 0 U 41
43 1 U 42
44 0 U 43
45 1 U -1
46 1 U 45
47 1 U 46
48 0 U 47
49 0 U 48
50 1 U 49
51 0 U 50
52 0 U 51
53 0 U 52
54 1 U -1
55 0 U 54
56 0 U 55
57 1 U 56
58 1 U 57
59 0 U 58
60 0 U 59
61 1 U 60
62 1 U 61
63 0 U -1
64 1 U 63
65 0 U 64
66 0 U 65
67 0 U 66
68 0 U 67
69 1 U 68
70 0 U 69
71 1 U 70
72 0 U -1
73 1 U 72
74 1 U 73
75 0 U 74
76 0 U 75
77 1 U 76
78 1 U 77
79 0 U 78
80 1 U 79
81 1 L 72
82 1 L 73
# score :18 1614205
# W : 695125 , H : 862018
83
0 1 U -1
1 1 U 0
2 0 U 1
3 1 U 2
4 1 U 3
5 1 U 4
6 0 U 5
7 1 U 6
8 1 U 7
9 0 U -1
10 0 U 9
11 1 U 10
12 0 U 11
13 1 U 12
14 0 U 13
15 1 U 14
16 0 U 15
17 1 U 16
18 1 U -1
19 1 U 18
20 0 U 19
21 1 U 20
22 0 U 21
23 0 U 22
24 0 U 23
25 0 U 24
26 0 U 25
27 1 U -1
28 0 U 27
29 1 U 28
30 0 U 29
31 0 U 30
32 1 U 31
33 0 U 32
34 0 U 33
35 0 U 34
36 1 U -1
37 0 U 36
38 1 U 37
39 0 U 38
40 0 U 39
41 1 U 40
42 1 U 41
43 1 U 42
44 0 U 43
45 0 U -1
46 0 U 45
47 1 U 46
48 0 U 47
49 1 U 48
50 1 U 49
51 1 U 50
52 1 U 51
53 1 U 52
54 1 U -1
55 1 U 54
56 1 U 55
57 0 U 56
58 0 U 57
59 0 U 58
60 0 U 59
61 0 U 60
62 1 U 61
63 1 U -1
64 0 U 63
65 1 U 64
66 0 U 65
67 1 U 66
68 1 U 67
69 0 U 68
70 1 U 69
71 1 U 70
72 0 U -1
73 0 U 72
74 0 U 73
75 0 U 74
76 0 U 75
77 1 U 76
78 1 U 77
79 0 U 78
80 0 U 79
81 1 L 72
82 1 L 73
# score :19 1582930
# W : 725908 , H : 819917
83
0 1 U -1
1 0 U 0
2 1 U 1
3 0 U 2
4 0 U 3
5 1 U 4
6 1 U 5
7 0 U 6
8 1 U 7
9 0 U -1
10 1 U 9
11 1 U 10
12 0 U 11
13 0 U 12
14 1 U 13
15 1 U 14
16 0 U 15
17 0 U 16
18 0 U -1
19 1 U 18
20 0 U 19
21 0 U 20
22 0 U 21
23 0 U 22
24 0 U 23
25 1 U 24
26 1 U 25
27 1 U -1
28 0 U 27
29 0 U 28
30 1 U 29
31 0 U 30
32 1 U 31
33 0 U 32
34 0 U 33
35 0 U 34
36 0 U -1
37 1 U 36
38 1 U 37
39 0 U 38
40 0 U 39
41 1 U 40
42 1 U 41
43 0 U 42
44 0 U 43
45 1 U -1
46 0 U 45
47 0 U 46
48 1 U 47
49 0 U 48
50 1 U 49
51 0 U 50
52 0 U 51
53 0 U 52
54 0 U -1
55 0 U 54
56 0 U 55
57 1 U 56
58 1 U 57
59 1 U 58
60 0 U 59
61 0 U 60
62 1 U 61
63 1 U -1
64 1 U 63
65 1 U 64
66 1 U 65
67 1 U 66
68 0 U 67
69 1 U 68
70 0 U 69
71 1 U 70
72 0 U -1
73 1 U 72
74 1 U 73
75 0 U 74
76 1 U 75
77 0 U 76
78 0 U 77
79 0 U 78
80 0 U 79
81 1 L 63
82 0 L 64
# score :20 1550152
# W : 675847 , H : 781535
83
0 1 U -1
1 0 U 0
2 1 U 1
3 0 U 2
4 0 U 3
5 0 U 4
6 1 U 5
7 1 U 6
8 1 U 7
9 0 U -1
10 1 U 9
11 1 U 10
12 1 U 11
13 1 U 12
14 0 U 13
15 0 U 14
16 1 U 15
17 0 U 16
18 1 U -1
19 1 U 18
20 0 U 19
21 1 U 20
22 1 U 21
23 1 U 22
24 0 U 23
25 1 U 24
26 1 U 25
27 0 U -1
28 1 U 27
29 0 U 28
30 0 U 29
31 0 U 30
32 0 U 31
33 1 U 32
34 1 U 33
35 1 U 34
36 0 U -1
37 0 U 36
38 1 U 37
39 0 U 38
40 1 U 39
41 0 U 40
42 1 U 41
43 0 U 42
44 1 U 43
45 1 U -1
46 0 U 45
47 1 U 46
48 1 U 47
49 1 U 48
50 1 U 49
51 1 U 50
52 1 U 51
53 1 U 52
54 0 U -1
55 1 U 54
56 0 U 55
57 0 U 56
58 0 U 57
59 1 U 58
60 0 U 59
61 0 U 60
62 0 U 61
63 0 U -1
64 0 U 63
65 1 U 64
66 1 U 65
67 0 U 66
68 0 U 67
69 1 U 68
70 1 U 69
71 1 U 70
72 1 U -1
73 1 U 72
74 1 U 73
75 1 U 74
76 1 U 75
77 0 U 76
78 1 U 77
79 0 U 78
80 0 U 79
81 1 L 63
82 1 L 64
# score :21 1489354
# W : 692949 , H : 783997
83
0 0 U -1
1 0 U 0
2 1 U 1
3 0 U 2
4 1 U 3
5 1 U 4
6 1 U 5
7 0 U 6
8 1 U 7
9 0 U -1
10 0 U 9
11 0 U 10
12 0 U 11
13 1 U 12
14 1 U 13
15 0 U 14
16 0 U 15
17 0 U 16
18 0 U -1
19 1 U 18
20 1 U 19
21 1 U 20
22 1 U 21
23 0 U 22
24 1 U 23
25 1 U 24
26 0 U 25
27 1 U -1
28 0 U 27
29 1 U 28
30 0 U 29
31 0 U 30
32 1 U 31
33 0 U 32
34 0 U 33
35 1 U 34
36 1 U -1
37 1 U 36
38 0 U 37
39 1 U 38
40 1 U 39
41 1 U 40
42 0 U 41
43 1 U 42
44 0 U 43
45 1 U -1
46 0 U 45
47 1 U 46
48 1 U 47
49 1 U 48
50 0 U 49
51 0 U 50
52 1 U 51
53 0 U 52
54 0 U -1
55 0 U 54
56 0 U 55
57 0 U 56
58 0 U 57
59 1 U 58
60 0 U 59
61 1 U 60
62 1 U 61
63 1 U -1
64 0 U 63
65 1 U 64
66 0 U 65
67 1 U 66
68 1 U 67
69 0 U 68
70 1 U 69
71 1 U 70
72 0 U -1
73 1 U 72
74 0 U 73
75 0 U 74
76 0 U 75
77 0 U 76
78 1 U 77
79 0 U 78
80 0 U 79
81 0 L 63
82 1 L 64
# score :22 1534776
# W : 721128 , H : 743217
83
0 1 U -1
1 0 U 0
2 0 U 1
3 1 U 2
4 0 U 3
5 1 U 4
6 1 U 5
7 1 U 6
8 1 U 7
9 0 U -1
10 0 U 9
11 1 U 10
12 1 U 11
13 0 U 12
14 0 U 13
15 1 U 14
16 1 U 15
17 0 U 16
18 0 U -1
19 0 U 18
20 1 U 19
21 0 U 20
22 1 U 21
23 0 U 22
24 0 U 23
25 1 U 24
26 0 U 25
27 0 U -1
28 0 U 27
29 1 U 28
30 0 U 29
31 0 U 30
32 0 U 31
33 0 U 32
34 1 U 33
35 1 U 34
36 1 U -1
37 1 U 36
38 1 U 37
39 0 U 38
40 0 U 39
41 0 U 40
42 1 U 41
43 1 U 42
44 1 U 43
45 1 U -1
46 0 U 45
47 1 U 46
48 0 U 47
49 1 U 48
50 0 U 49
51 0 U 50
52 1 U 51
53 1 U 52
54 0 U -1
55 0 U 54
56 0 U 55
57 1 U 56
58 0 U 57
59 0 U 58
60 1 U 59
61 1 U 60
62 0 U 61
63 1 U -1
64 1 U 63
65 0 U 64
66 1 U 65
67 0 U 66
68 1 U 67
69 1 U 68
70 0 U 69
71 1 U 70
72 0 U -1
73 0 U 72
74 1 U 73
75 0 U 74
76 0 U 75
77 1 U 76
78 1 U 77
79 0 U 78
80 0 U 79
81 1 L 63
82 1 L 64
# score :23 1531638
# W : 701419 , H : 793788
83
0 1 U -1
1 1 U 0
2 0 U 1
3 0 U 2
4 0 U 3
5 1 U 4
6 0 U 5
7 0 U 6
8 0 U 7
9 0 U -1
10 1 U 9
11 1 U 10
12 0 U 11
13 0 U 12
14 1 U 13
15 0 U 14
16 1 U 15
17 0 U 16
18 1 U -1
19 0 U 18
20 0 U 19
21 1 U 20
22 1 U 21
23 1 U 22
24 0 U 23
25 1 U 24
26 1 U 25
27 1 U -1
28 1 U 27
29 1 U 28
30 1 U 29
31 0 U 30
32 1 U 31
33 1 U 32
34 0 U 33
35 1 U 34
36 1 U -1
37 0 U 36
38 0 U 37
39 1 U 38
40 1 U 39
41 0 U 40
42 0 U 41
43 1 U 42
44 1 U 43
45 0 U -1
46 1 U 45
47 0 U 46
48 0 U 47
49 0 U 48
50 0 U 49
51 0 U 50
52 1 U 51
53 1 U 52
54 1 U -1
55 0 U 54
56 1 U 55
57 1 U 56
58 0 U 57
59 0 U 58
60 1 U 59
61 1 U 60
62 1 U 61
63 1 U -1
64 1 U 63
65 1 U 64
66 0 U 65
67 0 U 66
68 1 U 67
69 0 U 68
70 1 U 69
71 0 U 70
72 0 U -1
73 1 U 72
74 1 U 73
75 1 U 74
76 1 U 75
77 1 U 76
78 1 U 77
79 0 U 78
80 1 U 79
81 0 U -1
82 0 U 81
# score :24 1648317
# W : 717407 , H : 857296
83
0 0 U -1
1 0 U 0
2 1 U 1
3 0 U 2
4 0 U 3
5 0 U 4
6 0 U 5
7 0 U 6
8 0 U 7
9 0 U -1
10 0 U 9
11 0 U 10
12 0 U 11
13 1 U 12
14 0 U 13
15 0 U 14
16 1 U 15
17 1 U 16
18 1 U -1
19 1 U 18
20 0 U 19
21 0 U 20
22 1 U 21
23 1 U 22
24 0 U 23
25 1 U 24
26 0 U 25
27 0 U -1
28 1 U 27
29 1 U 28
30 1 U 29
31 0 U 30
32 0 U 31
33 0 U 32
34 1 U 33
35 0 U 34
36 1 U -1
37 0 U 36
38 0 U 37
39 0 U 38
40 1 U 39
41 1 U 40
42 0 U 41
43 0 U 42
44 0 U 43
45 1 U -1
46 1 U 45
47 1 U 46
48 0 U 47
49 0 U 48
50 1 U 49
51 1 U 50
52 0 U 51
53 0 U 52
54 1 U -1
55 1 U 54
56 0 U 55
57 0 U 56
58 0 U 57
59 0 U 58
60 0 U 59
61 1 U 60
62 1 U 61
63 1 U -1
64 0 U 63
65 0 U 64
66 1 U 65
67 0 U 66
68 1 U 67
69 1 U 68
70 0 U 69
71 0 U 70
72 0 U -1
73 0 U 72
74 1 U 73
75 0 U 74
76 0 U 75
77 0 U 76
78 1 U 77
79 0 U 78
80 1 U 79
81 1 U -1
82 1 U 81
# score :25 1636978
# W : 751207 , H : 855356
83
0 1 U -1
1 1 U 0
2 0 U 1
3 0 U 2
4 0 U 3
5 0 U 4
6 0 U 5
7 0 U 6
8 1 U 7
9 1 U -1
10 1 U 9
11 1 U 10
12 0 U 11
13 0 U 12
14 1 U 13
15 0 U 14
16 0 U 15
17 0 U 16
18 1 U -1
19 0 U 18
20 0 U 19
21 0 U 20
22 0 U 21
23 1 U 22
24 0 U 23
25 0 U 24
26 0 U 25
27 0 U -1
28 0 U 27
29 1 U 28
30 1 U 29
31 0 U 30
32 0 U 31
33 0 U 32
34 0 U 33
35 0 U 34
36 0 U -1
37 1 U 36
38 0 U 37
39 0 U 38
40 1 U 39
41 1 U 40
42 0 U 41
43 1 U 42
44 0 U 43
45 1 U -1
46 1 U 45
47 0 U 46
48 1 U 47
49 0 U 48
50 0 U 49
51 0 U 50
52 1 U 51
53 0 U 52
54 1 U -1
55 1 U 54
56 1 U 55
57 1 U 56
58 1 U 57
59 0 U 58
60 1 U 59
61 0 U 60
62 0 U 61
63 0 U -1
64 0 U 63
65 1 U 64
66 0 U 65
67 1 U 66
68 1 U 67
69 1 U 68
70 0 U 69
71 1 U 70
72 1 U -1
73 1 U 72
74 0 U 73
75 1 U 74
76 0 U 75
77 0 U 76
78 1 U 77
79 0 U 78
80 1 U 79
81 1 L 72
82 1 L 73
# score :26 1569428
# W : 695221 , H : 818542
83
0 0 U -1
1 0 U 0
2 0 U 1
3 1 U 2
4 0 U 3
5 0 U 4
6 0 U 5
7 1 U 6
8 1 U 7
9 0 U -1
10 1 U 9
11 1 U 10
12 0 U 11
13 1 U 12
14 0 U 13
15 1 U 14
16 0 U 15
17 1 U 16
18 1 U -1
19 0 U 18
20 0 U 19
21 0 U 20
22 0 U 21
23 0 U 22
24 0 U 23
25 0 U 24
26 0 U 25
27 1 U -1
28 1 U 27
29 1 U 28
30 0 U 29
31 0 U 30
32 1 U 31
33 0 U 32
34 1 U 33
35 0 U 34
36 0 U -1
37 0 U 36
38 1 U 37
39 0 U 38
40 0 U 39
41 1 U 40
42 1 U 41
43 1 U 42
44 0 U 43
45 0 U -1
46 0 U 45
47 1 U 46
48 0 U 47
49 0 U 48
50 1 U 49
51 1 U 50
52 1 U 51
53 1 U 52
54 1 U -1
55 0 U 54
56 0 U 55
57 0 U 56
58 0 U 57
59 1 U 58
60 1 U 59
61 0 U 60
62 0 U 61
63 0 U -1
64 0 U 63
65 0 U 64
66 1 U 65
67 1 U 66
68 1 U 67
69 1 U 68
70 1 U 69
71 0 U 70
72 0 U -1
73 0 U 72
74 0 U 73
75 0 U 74
76 0 U 75
77 1 U 76
78 0 U 77
79 0 U 78
80 0 U 79
81 1 L 72
82 1 L 73
# score :27 1585705
# W : 714699 , H : 823436
83
0 0 U -1
1 0 U 0
2 1 U 1
3 1 U 2
4 1 U 3
5 0 U 4
6 1 U 5
7 1 U 6
8 1 U 7
9 1 U -1
10 1 U 9
11 0 U 10
12 1 U 11
13 0 U 12
14 1 U 13
15 0 U 14
16 1 U 15
17 1 U 16
18 0 U -1
19 1 U 18
20 1 U 19
21 1 U 20
22 1 U 21
23 1 U 22
24 0 U 23
25 0 U 24
26 0 U 25
27 0 U -1
28 1 U 27
29 0 U 28
30 1 U 29
31 0 U 30
32 0 U 31
33 1 U 32
34 0 U 33
35 0 U 34
36 1 U -1
37 0 U 36
38 0 U 37
39 0 U 38
40 0 U 39
41 0 U 40
42 1 U 41
43 1 U 42
44 0 U 43
45 0 U -1
46 0 U 45
47 1 U 46
48 0 U 47
49 0 U 48
50 1 U 49
51 0 U 50
52 1 U 51
53 1 U 52
54 0 U -1
55 0 U 54
56 1 U 55
57 1 U 56
58 1 U 57
59 0 U 58
60 0 U 59
61 1 U 60
62 1 U 61
63 1 U -1
64 1 U 63
65 0 U 64
66 0 U 65
67 0 U 66
68 0 U 67
69 1 U 68
70 1 U 69
71 1 U 70
72 0 U -1
73 0 U 72
74 1 U 73
75 1 U 74
76 1 U 75
77 1 U 76
78 0 U 77
79 0 U 78
80 0 U 79
81 1 L 63
82 0 L 64
# score :28 1556259
# W : 701510 , H : 769788
83
0 0 U -1
1 0 U 0
2 0 U 1
3 1 U 2
4 1 U 3
5 0 U 4
6 1 U 5
7 0 U 6
8 1 U 7
9 1 U -1
10 0 U 9
11 1 U 10
12 0 U 11
13 0 U 12
14 0 U 13
15 0 U 14
16 0 U 15
17 0 U 16
18 0 U -1
19 1 U 18
20 0 U 19
21 1 U 20
22 0 U 21
23 1 U 22
24 1 U 23
25 1 U 24
26 0 U 25
27 0 U -1
28 1 U 27
29 1 U 28
30 0 U 29
31 1 U 30
32 1 U 31
33 0 U 32
34 1 U 33
35 0 U 34
36 1 U -1
37 0 U 36
38 1 U 37
39 1 U 38
40 1 U 39
41 0 U 40
42 0 U 41
43 1 U 42
44 0 U 43
45 1 U -1
46 1 U 45
47 0 U 46
48 0 U 47
49 1 U 48
50 0 U 49
51 0 U 50
52 1 U 51
53 1 U 52
54 1 U -1
55 1 U 54
56 0 U 55
57 0 U 56
58 1 U 57
59 1 U 58
60 0 U 59
61 0 U 60
62 1 U 61
63 0 U -1
64 1 U 63
65 0 U 64
66 1 U 65
67 0 U 66
68 1 U 67
69 1 U 68
70 1 U 69
71 1 U 70
72 0 U -1
73 1 U 72
74 0 U 73
75 1 U 74
76 0 U 75
77 0 U 76
78 0 U 77
79 0 U 78
80 0 U 79
81 0 L 63
82 0 L 64
# score :29 1559790
# W : 730214 , H : 743670
83
0 0 U -1
1 0 U 0
2 1 U 1
3 1 U 2
4 0 U 3
5 0 U 4
6 1 U 5
7 1 U 6
8 1 U 7
9 0 U -1
10 0 U 9
11 1 U 10
12 1 U 11
13 0 U 12
14 0 U 13
15 1 U 14
16 0 U 15
17 1 U 16
18 1 U -1
19 0 U 18
20 1 U 19
21 1 U 20
22 1 U 21
23 1 U 22
24 1 U 23
25 0 U 24
26 0 U 25
27 0 U -1
28 1 U 27
29 1 U 28
30 0 U 29
31 0 U 30
32 0 U 31
33 0 U 32
34 0 U 33
35 0 U 34
36 0 U -1
37 1 U 36
38 1 U 37
39 0 U 38
40 1 U 39
41 0 U 40
42 1 U 41
43 1 U 42
44 0 U 43
45 1 U -1
46 0 U 45
47 0 U 46
48 0 U 47
49 1 U 48
50 0 U 49
51 0 U 50
52 0 U 51
53 1 U 52
54 1 U -1
55 1 U 54
56 1 U 55
57 0 U 56
58 1 U 57
59 0 U 58
60 1 U 59
61 1 U 60
62 1 U 61
63 1 U -1
64 1 U 63
65 0 U 64
66 1 U 65
67 0 U 66
68 1 U 67
69 1 U 68
70 0 U 69
71 0 U 70
72 1 U -1
73 0 U 72
74 0 U 73
75 0 U 74
76 1 U 75
77 1 U 76
78 0 U 77
79 0 U 78
80 1 U 79
81 0 L 63
82 1 L 64
# score :30 1523718
# W : 732072 , H : 770605
83
0 1 U -1
1 1 U 0
2 0 U 1
3 1 U 2
4 0 U 3
5 1 U 4
6 0 U 5
7 1 U 6
8 1 U 7
9 0 U -1
10 0 U 9
11 0 U 10
12 1 U 11
13 1 U 12
14 0 U 13
15 1 U 14
16 1 U 15
17 0 U 16
18 1 U -1
19 0 U 18
20 1 U 19
21 1 U 20
22 1 U 21
23 1 U 22
24 0 U 23
25 1 U 24
26 1 U 25
27 0 U -1
28 0 U 27
29 1 U 28
30 0 U 29
31 0 U 30
32 1 U 31
33 0 U 32
34 0 U 33
35 1 U 34
36 1 U -1
37 1 U 36
38 1 U 37
39 0 U 38
40 0 U 39
41 1 U 40
42 1 U 41
43 0 U 42
44 1 U 43
45 0 U -1
46 0 U 45
47 1 U 46
48 0 U 47
49 1 U 48
50 0 U 49
51 1 U 50
52 1 U 51
53 0 U 52
54 0 U -1
55 0 U 54
56 1 U 55
57 1 U 56
58 1 U 57
59 0 U 58
60 1 U 59
61 1 U 60
62 0 U 61
63 1 U -1
64 0 U 63
65 0 U 64
66 1 U 65
67 1 U 66
68 0 U 67
69 0 U 68
70 1 U 69
71 1 U 70
72 0 U -1
73 1 U 72
74 1 U 73
75 0 U 74
76 0 U 75
77 1 U 76
78 0 U 77
79 1 U 78
80 1 U 79
81 0 L 63
82 0 L 64
# score :31 1482597
# W : 708497 , H : 771213
83
0 1 U -1
1 1 U 0
2 1 U 1
3 0 U 2
4 1 U 3
5 1 U 4
6 0 U 5
7 0 U 6
8 0 U 7
9 1 U -1
10 0 U 9
11 1 U 10
12 1 U 11
13 0 U 12
14 1 U 13
15 0 U 14
16 1 U 15
17 1 U 16
18 0 U -1
19 0 U 18
20 0 U 19
21 1 U 20
22 0 U 21
23 1 U 22
24 1 U 23
25 1 U 24
26 0 U 25
27 0 U -1
28 0 U 27
29 0 U 28
30 1 U 29
31 1 U 30
32 1 U 31
33 0 U 32
34 1 U 33
35 1 U 34
36 0 U -1
37 1 U 36
38 0 U 37
39 0 U 38
40 0 U 39
41 0 U 40
42 0 U 41
43 1 U 42
44 1 U 43
45 0 U -1
46 0 U 45
47 0 U 46
48 0 U 47
49 1 U 48
50 1 U 49
51 1 U 50
52 1 U 51
53 1 U 52
54 1 U -1
55 0 U 54
56 1 U 55
57 1 U 56
58 1 U 57
59 1 U 58
60 1 U 59
61 1 U 60
62 1 U 61
63 1 U -1
64 0 U 63
65 0 U 64
66 0 U 65
67 0 U 66
68 1 U 67
69 0 U 68
70 1 U 69
71 1 U 70
72 1 U -1
73 1 U 72
74 1 U 73
75 1 U 74
76 0 U 75
77 1 U 76
78 1 U 77
79 0 U 78
80 1 U 79
81 0 U -1
82 0 U 81
# score :32 1631770
# W : 747691 , H : 860763
83
0 0 U -1
1 0 U 0
2 0 U 1
3 1 U 2
4 1 U 3
5 0 U 4
6 0 U 5
7 1 U 6
8 1 U 7
9 1 U -1
10 1 U 9
11 1 U 10
12 0 U 11
13 0 U 12
14 1 U 13
15 0 U 14
16 0 U 15
17 1 U 16
18 1 U -1
19 1 U 18
20 1 U 19
21 1 U 20
22 1 U 21
23 0 U 22
24 0 U 23
25 1 U 24
26 0 U 25
27 0 U -1
28 1 U 27
29 1 U 28
30 0 U 29
31 1 U 30
32 0 U 31
33 0 U 32
34 0 U 33
35 1 U 34
36 0 U -1
37 0 U 36
38 0 U 37
39 1 U 38
40 1 U 39
41 0 U 40
42 0 U 41
43 1 U 42
44 0 U 43
45 0 U -1
46 1 U 45
47 0 U 46
48 1 U 47
49 1 U 48
50 1 U 49
51 0 U 50
52 1 U 51
53 0 U 52
54 0 U -1
55 0 U 54
56 0 U 55
57 1 U 56
58 1 U 57
59 0 U 58
60 1 U 59
61 0 U 60
62 0 U 61
63 1 U -1
64 1 U 63
65 0 U 64
66 0 U 65
67 0 U 66
68 0 U 67
69 0 U 68
70 0 U 69
71 1 U 70
72 1 U -1
73 1 U 72
74 1 U 73
75 0 U 74
76 1 U 75
77 0 U 76
78 1 U 77
79 1 U 78
80 0 U 79
81 0 U -1
82 0 U 81
# score :33 1587427
# W : 701725 , H : 832196
83
0 1 U -1
1 0 U 0
2 0 U 1
3 1 U 2
4 1 U 3
5 1 U 4
6 0 U 5
7 0 U 6
8 1 U 7
9 1 U -1
10 0 U 9
11 1 U 10
12 0 U 11
13 1 U 12
14 1 U 13
15 1 U 14
16 1 U 15
17 1 U 16
18 0 U -1
19 0 U 18
20 0 U 19
21 1 U 20
22 1 U 21
23 1 U 22
24 0 U 23
25 1 U 24
26 0 U 25
27 0 U -1
28 0 U 27
29 0 U 28
30 1 U 29
31 1 U 30
32 1 U 31
33 0 U 32
34 1 U 33
35 1 U 34
36 1 U -1
37 0 U 36
38 0 U 37
39 1 U 38
40 1 U 39
41 1 U 40
42 0 U 41
43 1 U 42
44 0 U 43
45 0 U -1
46 1 U 45
47 0 U 46
48 0 U 47
49 1 U 48
50 0 U 49
51 1 U 50
52 0 U 51
53 1 U 52
54 1 U -1
55 0 U 54
56 1 U 55
57 1 U 56
58 0 U 57
59 0 U 58
60 0 U 59
61 0 U 60
62 0 U 61
63 0 U -1
64 0 U 63
65 1 U 64
66 0 U 65
67 1 U 66
68 1 U 67
69 0 U 68
70 1 U 69
71 1 U 70
72 1 U -1
73 0 U 72
74 1 U 73
75 1 U 74
76 1 U 75
77 0 U 76
78 1 U 77
79 0 U 78
80 1 U 79
81 1 L 72
82 0 L 73
# score :34 1621800
# W : 759932 , H : 807034
83
0 1 U -1
1 0 U 0
2 1 U 1
3 0 U 2
4 1 U 3
5 1 U 4
6 0 U 5
7 1 U 6
8 1 U 7
9 0 U -1
10 0 U 9
11 1 U 10
12 1 U 11
13 0 U 12
14 0 U 13
15 1 U 14
16 0 U 15
17 0 U 16
18 1 U -1
19 1 U 18
20 0 U 19
21 1 U 20
22 1 U 21
23 1 U 22
24 1 U 23
25 0 U 24
26 1 U 25
27 0 U -1
28 0 U 27
29 0 U 28
30 0 U 29
31 0 U 30
32 0 U 31
33 0 U 32
34 0 U 33
35 0 U 34
36 1 U -1
37 1 U 36
38 1 U 37
39 0 U 38
40 1 U 39
41 0 U 40
42 1 U 41
43 0 U 42
44 0 U 43
45 0 U -1
46 0 U 45
47 0 U 46
48 0 U 47
49 1 U 48
50 0 U 49
51 0 U 50
52 1 U 51
53 1 U 52
54 1 U -1
55 1 U 54
56 0 U 55
57 1 U 56
58 1 U 57
59 0 U 58
60 1 U 59
61 1 U 60
62 1 U 61
63 0 U -1
64 1 U 63
65 0 U 64
66 0 U 65
67 1 U 66
68 1 U 67
69 1 U 68
70 1 U 69
71 0 U 70
72 1 U -1
73 1 U 72
74 1 U 73
75 0 U 74
76 0 U 75
77 1 U 76
78 1 U 77
79 0 U 78
80 0 U 79
81 1 L 72
82 1 L 73
# score :35 1543705
# W : 660612 , H : 830453
83
0 1 U -1
1 1 U 0
2 0 U 1
3 0 U 2
4 1 U 3
5 0 U 4
6 0 U 5
7 0 U 6
8 0 U 7
9 0 U -1
10 1 U 9
11 0 U 10
12 1 U 11
13 1 U 12
14 1 U 13
15 1 U 14
16 1 U 15
17 1 U 16
18 1 U -1
19 1 U 18
20 1 U 19
21 1 U 20
22 1 U 21
23 1 U 22
24 0 U 23
25 1 U 24
26 0 U 25
27 1 U -1
28 1 U 27
29 1 U 28
30 1 U 29
31 1 U 30
32 0 U 31
33 0 U 32
34 0 U 33
35 0 U 34
36 0 U -1
37 0 U 36
38 0 U 37
39 0 U 38
40 0 U 39
41 1 U 40
42 0 U 41
43 1 U 42
44 1 U 43
45 0 U -1
46 0 U 45
47 0 U 46
48 0 U 47
49 1 U 48
50 1 U 49
51 0 U 50
52 0 U 51
53 0 U 52
54 1 U -1
55 1 U 54
56 1 U 55
57 0 U 56
58 1 U 57
59 1 U 58
60 0 U 59
61 1 U 60
62 0 U 61
63 0 U -1
64 1 U 63
65 1 U 64
66 0 U 65
67 1 U 66
68 0 U 67
69 1 U 68
70 1 U 69
71 0 U 70
72 1 U -1
73 1 U 72
74 0 U 73
75 1 U 74
76 0 U 75
77 0 U 76
78 1 U 77
79 1 U 78
80 1 U 79
81 0 L 63
82 1 L 64
# score :36 1535504
# W : 701230 , H : 801750
83
0 0 U -1
1 0 U 0
2 0 U 1
3 0 U 2
4 0 U 3
5 1 U 4
6 1 U 5
7 1 U 6
8 1 U 7
9 1 U -1
10 0 U 9
11 1 U 10
12 0 U 11
13 0 U 12
14 1 U 13
15 0 U 14
16 0 U 15
17 1 U 16
18 0 U -1
19 1 U 18
20 0 U 19
21 1 U 20
22 0 U 21
23 1 U 22
24 1 U 23
25 1 U 24
26 1 U 25
27 0 U -1
28 0 U 27
29 0 U 28
30 0 U 29
31 1 U 30
32 1 U 31
33 1 U 32
34 1 U 33
35 0 U 34
36 1 U -1
37 0 U 36
38 1 U 37
39 0 U 38
40 0 U 39
41 0 U 40
42 0 U 41
43 0 U 42
44 0 U 43
45 1 U -1
46 0 U 45
47 0 U 46
48 1 U 47
49 0 U 48
50 0 U 49
51 1 U 50
52 1 U 51
53 1 U 52
54 0 U -1
55 1 U 54
56 0 U 55
57 1 U 56
58 0 U 57
59 0 U 58
60 0 U 59
61 0 U 60
62 1 U 61
63 0 U -1
64 0 U 63
65 0 U 64
66 1 U 65
67 0 U 66
68 1 U 67
69 0 U 68
70 0 U 69
71 1 U 70
72 0 U -1
73 0 U 72
74 0 U 73
75 0 U 74
76 1 U 75
77 0 U 76
78 0 U 77
79 1 U 78
80 0 U 79
81 0 L 63
82 1 L 64
# score :37 1539573
# W : 742002 , H : 767314
83
0 0 U -1
1 0 U 0
2 1 U 1
3 0 U 2
4 0 U 3
5 1 U 4
6 0 U 5
7 0 U 6
8 0 U 7
9 1 U -1
10 0 U 9
11 1 U 10
12 1 U 11
13 1 U 12
14 1 U 13
15 0 U 14
16 1 U 15
17 0 U 16
18 1 U -1
19 0 U 18
20 1 U 19
21 1 U 20
22 1 U 21
23 0 U 22
24 1 U 23
25 1 U 24
26 0 U 25
27 1 U -1
28 1 U 27
29 1 U 28
30 0 U 29
31 0 U 30
32 1 U 31
33 0 U 32
34 0 U 33
35 1 U 34
36 1 U -1
37 0 U 36
38 1 U 37
39 1 U 38
40 0 U 39
41 0 U 40
42 0 U 41
43 1 U 42
44 0 U 43
45 0 U -1
46 0 U 45
47 0 U 46
48 0 U 47
49 0 U 48
50 0 U 49
51 0 U 50
52 0 U 51
53 0 U 52
54 0 U -1
55 1 U 54
56 1 U 55
57 0 U 56
58 0 U 57
59 1 U 58
60 0 U 59
61 0 U 60
62 1 U 61
63 1 U -1
64 1 U 63
65 0 U 64
66 0 U 65
67 1 U 66
68 0 U 67
69 0 U 68
70 0 U 69
71 1 U 70
72 0 U -1
73 0 U 72
74 1 U 73
75 0 U 74
76 0 U 75
77 1 U 76
78 0 U 77
79 0 U 78
80 1 U 79
81 0 L 63
82 1 L 64
# score :38 1559054
# W : 752547 , H : 757821
83
0 1 U -1
1 1 U 0
2 1 U 1
3 1 U 2
4 0 U 3
5 1 U 4
6 1 U 5
7 0 U 6
8 1 U 7
9 1 U -1
10 1 U 9
11 1 U 10
12 0 U 11
13 1 U 12
14 1 U 13
15 0 U 14
16 0 U 15
17 1 U 16
18 1 U -1
19 0 U 18
20 0 U 19
21 0 U 20
22 0 U 21
23 1 U 22
24 0 U 23
25 1 U 24
26 1 U 25
27 0 U -1
28 1 U 27
29 1 U 28
30 1 U 29
31 1 U 30
32 0 U 31
33 1 U 32
34 1 U 33
35 0 U 34
36 0 U -1
37 0 U 36
38 1 U 37
39 0 U 38
40 0 U 39
41 0 U 40
42 0 U 41
43 1 U 42
44 0 U 43
45 1 U -1
46 0 U 45
47 0 U 46
48 0 U 47
49 1 U 48
50 1 U 49
51 0 U 50
52 0 U 51
53 1 U 52
54 1 U -1
55 1 U 54
56 0 U 55
57 1 U 56
58 1 U 57
59 1 U 58
60 1 U 59
61 0 U 60
62 1 U 61
63 1 U -1
64 1 U 63
65 0 U 64
66 1 U 65
67 0 U 66
68 0 U 67
69 0 U 68
70 0 U 69
71 0 U 70
72 0 U -1
73 0 U 72
74 1 U 73
75 1 U 74
76 1 U 75
77 1 U 76
78 0 U 77
79 1 U 78
80 1 U 79
81 1 L 63
82 1 L 64
# score :39 1599751
# W : 746537 , H : 755810
83
0 0 U -1
1 0 U 0
2 0 U 1
3 0 U 2
4 0 U 3
5 1 U 4
6 0 U 5
7 1 U 6
8 0 U 7
9 0 U -1
10 1 U 9
11 0 U 10
12 0 U 11
13 0 U 12
14 0 U 13
15 0 U 14
16 1 U 15
17 1 U 16
18 0 U -1
19 1 U 18
20 1 U 19
21 1 U 20
22 1 U 21
23 0 U 22
24 0 U 23
25 0 U 24
26 1 U 25
27 1 U -1
28 0 U 27
29 1 U 28
30 1 U 29
31 0 U 30
32 1 U 31
33 0 U 32
34 1 U 33
35 0 U 34
36 0 U -1
37 0 U 36
38 1 U 37
39 0 U 38
40 1 U 39
41 1 U 40
42 1 U 41
43 0 U 42
44 1 U 43
45 1 U -1
46 1 U 45
47 1 U 46
48 1 U 47
49 1 U 48
50 0 U 49
51 1 U 50
52 0 U 51
53 1 U 52
54 0 U -1
55 1 U 54
56 1 U 55
57 0 U 56
58 0 U 57
59 1 U 58
60 0 U 59
61 1 U 60
62 1 U 61
63 0 U -1
64 0 U 63
65 1 U 64
66 0 U 65
67 1 U 66
68 1 U 67
69 1 U 68
70 0 U 69
71 1 U 70
72 0 U -1
73 0 U 72
74 1 U 73
75 1 U 74
76 0 U 75
77 0 U 76
78 0 U 77
79 0 U 78
80 0 U 79
81 0 U -1
82 1 U 81
# score :40 1577723
# W : 671469 , H : 860495
83
0 1 U -1
1 1 U 0
2 0 U 1
3 1 U 2
4 0 U 3
5 1 U 4
6 1 U 5
7 1 U 6
8 1 U 7
9 0 U -1
10 1 U 9
11 1 U 10
12 1 U 11
13 1 U 12
14 0 U 13
15 1 U 14
16 0 U 15
17 0 U 16
18 1 U -1
19 0 U 18
20 0 U 19
21 1 U 20
22 0 U 21
23 0 U 22
24 1 U 23
25 1 U 24
26 1 U 25
27 1 U -1
28 0 U 27
29 1 U 28
30 0 U 29
31 1 U 30
32 0 U 31
33 1 U 32
34 0 U 33
35 1 U 34
36 1 U -1
37 0 U 36
38 1 U 37
39 0 U 38
40 0 U 39
41 1 U 40
42 0 U 41
43 0 U 42
44 1 U 43
45 0 U -1
46 1 U 45
47 1 U 46
48 1 U 47
49 0 U 48
50 0 U 49
51 1 U 50
52 1 U 51
53 0 U 52
54 1 U -1
55 1 U 54
56 0 U 55
57 1 U 56
58 1 U 57
59 1 U 58
60 0 U 59
61 0 U 60
62 1 U 61
63 1 U -1
64 1 U 63
65 1 U 64
66 0 U 65
67 1 U 66
68 0 U 67
69 0 U 68
70 1 U 69
71 0 U 70
72 1 U -1
73 1 U 72
74 1 U 73
75 1 U 74
76 0 U 75
77 0 U 76
78 0 U 77
79 0 U 78
80 0 U 79
81 1 U -1
82 1 U 81
# score :41 1631406
# W : 757160 , H : 851181
83
0 0 U -1
1 1 U 0
2 0 U 1
3 0 U 2
4 1 U 3
5 1 U 4
6 1 U 5
7 1 U 6
8 0 U 7
9 1 U -1
10 0 U 9
11 0 U 10
12 1 U 11
13 1 U 12
14 0 U 13
15 1 U 14
16 0 U 15
17 1 U 16
18 0 U -1
19 1 U 18
20 1 U 19
21 0 U 20
22 1 U 21
23 1 U 22
24 1 U 23
25 0 U 24
26 0 U 25
27 0 U -1
28 1 U 27
29 0 U 28
30 0 U 29
31 0 U 30
32 1 U 31
33 1 U 32
34 1 U 33
35 0 U 34
36 0 U -1
37 0 U 36
38 1 U 37
39 1 U 38
40 0 U 39
41 0 U 40
42 1 U 41
43 0 U 42
44 1 U 43
45 0 U -1
46 1 U 45
47 1 U 46
48 0 U 47
49 1 U 48
50 0 U 49
51 0 U 50
52 1 U 51
53 0 U 52
54 1 U -1
55 1 U 54
56 0 U 55
57 1 U 56
58 0 U 57
59 0 U 58
60 1 U 59
61 1 U 60
62 0 U 61
63 1 U -1
64 1 U 63
65 0 U 64
66 0 U 65
67 0 U 66
68 1 U 67
69 1 U 68
70 0 U 69
71 1 U 70
72 0 U -1
73 0 U 72
74 1 U 73
75 1 U 74
76 0 U 75
77 0 U 76
78 1 U 77
79 1 U 78
80 1 U 79
81 1 L 72
82 1 L 73
# score :42 1550846
# W : 687679 , H : 820077
83
0 1 U -1
1 1 U 0
2 0 U 1
3 1 U 2
4 1 U 3
5 0 U 4
6 1 U 5
7 1 U 6
8 0 U 7
9 0 U -1
10 0 U 9
11 1 U 10
12 1 U 11
13 0 U 12
14 0 U 13
15 0 U 14
16 0 U 15
17 1 U 16
18 0 U -1
19 1 U 18
20 0 U 19
21 0 U 20
22 1 U 21
23 1 U 22
24 0 U 23
25 0 U 24
26 1 U 25
27 0 U -1
28 0 U 27
29 1 U 28
30 1 U 29
31 1 U 30
32 1 U 31
33 0 U 32
34 1 U 33
35 0 U 34
36 1 U -1
37 1 U 36
38 1 U 37
39 0 U 38
40 1 U 39
41 0 U 40
42 0 U 41
43 0 U 42
44 0 U 43
45 1 U -1
46 0 U 45
47 0 U 46
48 0 U 47
49 0 U 48
50 0 U 49
51 0 U 50
52 0 U 51
53 1 U 52
54 0 U -1
55 1 U 54
56 1 U 55
57 1 U 56
58 1 U 57
59 1 U 58
60 0 U 59
61 0 U 60
62 0 U 61
63 0 U -1
64 1 U 63
65 1 U 64
66 1 U 65
67 0 U 66
68 1 U 67
69 0 U 68
70 0 U 69
71 0 U 70
72 1 U -1
73 0 U 72
74 0 U 73
75 1 U 74
76 0 U 75
77 1 U 76
78 0 U 77
79 1 U 78
80 1 U 79
81 1 L 72
82 1 L 73
# score :43 1563488
# W : 721621 , H : 815864
83
0 0 U -1
1 0 U 0
2 1 U 1
3 0 U 2
4 1 U 3
5 1 U 4
6 0 U 5
7 1 U 6
8 0 U 7
9 1 U -1
10 1 U 9
11 1 U 10
12 1 U 11
13 1 U 12
14 0 U 13
15 1 U 14
16 1 U 15
17 1 U 16
18 1 U -1
19 0 U 18
20 0 U 19
21 1 U 20
22 1 U 21
23 1 U 22
24 1 U 23
25 0 U 24
26 0 U 25
27 0 U -1
28 0 U 27
29 1 U 28
30 0 U 29
31 1 U 30
32 1 U 31
33 1 U 32
34 0 U 33
35 0 U 34
36 1 U -1
37 1 U 36
38 0 U 37
39 0 U 38
40 1 U 39
41 1 U 40
42 1 U 41
43 1 U 42
44 1 U 43
45 1 U -1
46 1 U 45
47 1 U 46
48 0 U 47
49 1 U 48
50 1 U 49
51 0 U 50
52 1 U 51
53 1 U 52
54 0 U -1
55 1 U 54
56 1 U 55
57 0 U 56
58 0 U 57
59 0 U 58
60 1 U 59
61 0 U 60
62 0 U 61
63 0 U -1
64 1 U 63
65 0 U 64
66 1 U 65
67 1 U 66
68 0 U 67
69 0 U 68
70 1 U 69
71 0 U 70
72 1 U -1
73 0 U 72
74 0 U 73
75 0 U 74
76 1 U 75
77 0 U 76
78 0 U 77
79 0 U 78
80 0 U 79
81 1 L 63
82 0 L 64
# score :44 1509858
# W : 723520 , H : 765924
83
0 1 U -1
1 0 U 0
2 1 U 1
3 1 U 2
4 1 U 3
5 1 U 4
6 1 U 5
7 1 U 6
8 0 U 7
9 0 U -1
10 0 U 9
11 1 U 10
12 1 U 11
13 0 U 12
14 1 U 13
15 1 U 14
16 1 U 15
17 0 U 16
18 1 U -1
19 0 U 18
20 0 U 19
21 1 U 20
22 1 U 21
23 0 U 22
24 0 U 23
25 0 U 24
26 1 U 25
27 0 U -1
28 0 U 27
29 1 U 28
30 0 U 29
31 0 U 30
32 1 U 31
33 0 U 32
34 0 U 33
35 0 U 34
36 0 U -1
37 1 U 36
38 1 U 37
39 1 U 38
40 0 U 39
41 0 U 40
42 0 U 41
43 0 U 42
44 0 U 43
45 0 U -1
46 0 U 45
47 0 U 46
48 0 U 47
49 1 U 48
50 0 U 49
51 0 U 50
52 0 U 51
53 0 U 52
54 1 U -1
55 0 U 54
56 1 U 55
57 0 U 56
58 1 U 57
59 0 U 58
60 1 U 59
61 0 U 60
62 1 U 61
63 0 U -1
64 0 U 63
65 1 U 64
66 1 U 65
67 1 U 66
68 1 U 67
69 0 U 68
70 1 U 69
71 0 U 70
72 1 U -1
73 0 U 72
74 1 U 73
75 1 U 74
76 1 U 75
77 1 U 76
78 0 U 77
79 0 U 78
80 1 U 79
81 1 L 63
82 1 L 64
# score :45 1532521
# W : 727568 , H : 788699
83
0 1 U -1
1 0 U 0
2 1 U 1
3 1 U 2
4 0 U 3
5 0 U 4
6 1 U 5
7 1 U 6
8 1 U 7
9 1 U -1
10 1 U 9
11 0 U 10
12 1 U 11
13 0 U 12
14 0 U 13
15 1 U 14
16 0 U 15
17 0 U 16
18 1 U -1
19 1 U 18
20 1 U 19
21 0 U 20
22 0 U 21
23 0 U 22
24 1 U 23
25 0 U 24
26 0 U 25
27 0 U -1
28 0 U 27
29 0 U 28
30 1 U 29
31 1 U 30
32 0 U 31
33 0 U 32
34 1 U 33
35 1 U 34
36 0 U -1
37 0 U 36
38 0 U 37
39 0 U 38
40 1 U 39
41 1 U 40
42 1 U 41
43 1 U 42
44 0 U 43
45 1 U -1
46 1 U 45
47 0 U 46
48 0 U 47
49 0 U 48
50 1 U 49
51 1 U 50
52 0 U 51
53 1 U 52
54 0 U -1
55 1 U 54
56 0 U 55
57 1 U 56
58 1 U 57
59 1 U 58
60 0 U 59
61 0 U 60
62 0 U 61
63 1 U -1
64 1 U 63
65 1 U 64
66 1 U 65
67 0 U 66
68 0 U 67
69 0 U 68
70 0 U 69
71 1 U 70
72 1 U -1
73 0 U 72
74 1 U 73
75 1 U 74
76 0 U 75
77 0 U 76
78 1 U 77
79 1 U 78
80 1 U 79
81 1 L 63
82 1 L 64
# score :46 1536305
# W : 763167 , H : 766232
83
0 1 U -1
1 1 U 0
2 1 U 1
3 0 U 2
4 1 U 3
5 1 U 4
6 1 U 5
7 1 U 6
8 1 U 7
9 0 U -1
10 1 U 9
11 1 U 10
12 1 U 11
13 1 U 12
14 1 U 13
15 1 U 14
16 1 U 15
17 1 U 16
18 0 U -1
19 1 U 18
20 0 U 19
21 1 U 20
22 1 U 21
23 0 U 22
24 0 U 23
25 1 U 24
26 1 U 25
27 0 U -1
28 0 U 27
29 0 U 28
30 0 U 29
31 0 U 30
32 0 U 31
33 1 U 32
34 1 U 33
35 1 U 34
36 1 U -1
37 1 U 36
38 0 U 37
39 1 U 38
40 1 U 39
41 0 U 40
42 1 U 41
43 1 U 42
44 1 U 43
45 1 U -1
46 0 U 45
47 0 U 46
48 0 U 47
49 0 U 48
50 1 U 49
51 1 U 50
52 0 U 51
53 1 U 52
54 0 U -1
55 1 U 54
56 0 U 55
57 0 U 56
58 0 U 57
59 1 U 58
60 0 U 59
61 1 U 60
62 0 U 61
63 0 U -1
64 1 U 63
65 1 U 64
66 0 U 65
67 0 U 66
68 0 U 67
69 1 U 68
70 1 U 69
71 1 U 70
72 1 U -1
73 0 U 72
74 0 U 73
75 0 U 74
76 0 U 75
77 1 U 76
78 1 U 77
79 1 U 78
80 0 U 79
81 0 L 63
82 0 L 64
# score :47 1478413
# W : 687730 , H : 777702
83
0 0 U -1
1 1 U 0
2 0 U 1
3 1 U 2
4 0 U 3
5 0 U 4
6 1 U 5
7 0 U 6
8 0 U 7
9 1 U -1
10 0 U 9
11 1 U 10
12 0 U 11
13 1 U 12
14 0 U 13
15 0 U 14
16 0 U 15
17 1 U 16
18 0 U -1
19 1 U 18
20 0 U 19
21 1 U 20
22 1 U 21
23 1 U 22
24 1 U 23
25 0 U 24
26 0 U 25
27 0 U -1
28 1 U 27
29 0 U 28
30 1 U 29
31 1 U 30
32 1 U 31
33 1 U 32
34 0 U 33
35 1 U 34
36 1 U -1
37 0 U 36
38 1 U 37
39 1 U 38
40 0 U 39
41 0 U 40
42 1 U 41
43 0 U 42
44 1 U 43
45 1 U -1
46 1 U 45
47 0 U 46
48 1 U 47
49 1 U 48
50 0 U 49
51 1 U 50
52 0 U 51
53 0 U 52
54 0 U -1
55 0 U 54
56 1 U 55
57 0 U 56
58 0 U 57
59 1 U 58
60 1 U 59
61 0 U 60
62 1 U 61
63 1 U -1
64 1 U 63
65 0 U 64
66 1 U 65
67 0 U 66
68 0 U 67
69 0 U 68
70 1 U 69
71 1 U 70
72 0 U -1
73 0 U 72
74 0 U 73
75 1 U 74
76 0 U 75
77 1 U 76
78 0 U 77
79 1 U 78
80 1 U 79
81 1 U -1
82 1 U 81
# score :48 1551849
# W : 675593 , H : 872798
83
0 0 U -1
1 1 U 0
2 1 U 1
3 0 U 2
4 1 U 3
5 1 U 4
6 1 U 5
7 1 U 6
8 1 U 7
9 0 U -1
10 0 U 9
11 0 U 10
12 0 U 11
13 0 U 12
14 0 U 13
15 0 U 14
16 0 U 15
17 0 U 16
18 1 U -1
19 0 U 18
20 1 U 19
21 0 U 20
22 0 U 21
23 0 U 22
24 1 U 23
25 1 U 24
26 0 U 25
27 0 U -1
28 1 U 27
29 1 U 28
30 0 U 29
31 0 U 30
32 1 U 31
33 1 U 32
34 1 U 33
35 0 U 34
36 1 U -1
37 1 U 36
38 1 U 37
39 0 U 38
40 0 U 39
41 1 U 40
42 1 U 41
43 1 U 42
44 0 U 43
45 0 U -1
46 1 U 45
47 1 U 46
48 1 U 47
49 1 U 48
50 0 U 49
51 0 U 50
52 0 U 51
53 0 U 52
54 1 U -1
55 0 U 54
56 1 U 55
57 1 U 56
58 0 U 57
59 0 U 58
60 0 U 59
61 1 U 60
62 1 U 61
63 0 U -1
64 1 U 63
65 0 U 64
66 1 U 65
67 0 U 66
68 1 U 67
69 0 U 68
70 1 U 69
71 0 U 70
72 1 U -1
73 0 U 72
74 0 U 73
75 0 U 74
76 0 U 75
77 0 U 76
78 0 U 77
79 0 U 78
80 1 U 79
81 1 U -1
82 1 U 81
# score :49 1615979
# W : 769756 , H : 829779
83
0 1 U -1
1 0 U 0
2 1 U 1
3 1 U 2
4 1 U 3
5 1 U 4
6 0 U 5
7 0 U 6
8 1 U 7
9 1 U -1
10 1 U 9
11 1 U 10
12 0 U 11
13 1 U 12
14 1 U 13
15 1 U 14
16 0 U 15
17 0 U 16
18 1 U -1
19 0 U 18
20 1 U 19
21 0 U 20
22 1 U 21
23 0 U 22
24 1 U 23
25 1 U 24
26 0 U 25
27 1 U -1
28 0 U 27
29 0 U 28
30 0 U 29
31 1 U 30
32 1 U 31
33 1 U 32
34 0 U 33
35 1 U 34
36 0 U -1
37 1 U 36
38 1 U 37
39 1 U 38
40 1 U 39
41 0 U 40
42 1 U 41
43 1 U 42
44 0 U 43
45 1 U -1
46 0 U 45
47 1 U 46
48 0 U 47
49 1 U 48
50 0 U 49
51 0 U 50
52 1 U 51
53 0 U 52
54 1 U -1
55 1 U 54
56 1 U 55
57 1 U 56
58 0 U 57
59 1 U 58
60 1 U 59
61 1 U 60
62 0 U 61
63 1 U -1
64 0 U 63
65 0 U 64
66 1 U 65
67 1 U 66
68 1 U 67
69 0 U 68
70 1 U 69
71 0 U 70
72 0 U -1
73 1 U 72
74 1 U 73
75 1 U 74
76 1 U 75
77 1 U 76
78 1 U 77
79 1 U 78
80 0 U 79
81 1 L 72
82 0 L 73
# score :50 1619179
# W : 750873 , H : 833842
83
0 0 U -1
1 0 U 0
2 1 U 1
3 1 U 2
4 0 U 3
5 1 U 4
6 1 U 5
7 0 U 6
8 0 U 7
9 1 U -1
10 1 U 9
11 0 U 10
12 0 U 11
13 0 U 12
14 0 U 13
15 1 U 14
16 0 U 15
17 1 U 16
18 1 U -1
19 0 U 18
20 1 U 19
21 1 U 20
22 0 U 21
23 1 U 22
24 1 U 23
25 1 U 24
26 1 U 25
27 0 U -1
28 1 U 27
29 1 U 28
30 0 U 29
31 0 U 30
32 0 U 31
33 1 U 32
34 0 U 33
35 0 U 34
36 1 U -1
37 1 U 36
38 0 U 37
39 1 U 38
40 0 U 39
41 0 U 40
42 1 U 41
43 0 U 42
44 0 U 43
45 0 U -1
46 0 U 45
47 1 U 46
48 0 U 47
49 1 U 48
50 1 U 49
51 0 U 50
52 0 U 51
53 1 U 52
54 1 U -1
55 1 U 54
56 1 U 55
57 0 U 56
58 0 U 57
59 0 U 58
60 0 U 59
61 0 U 60
62 1 U 61
63 0 U -1
64 1 U 63
65 1 U 64
66 1 U 65
67 1 U 66
68 0 U 67
69 1 U 68
70 0 U 69
71 1 U 70
72 1 U -1
73 1 U 72
74 1 U 73
75 1 U 74
76 0 U 75
77 1 U 76
78 1 U 77
79 0 U 78
80 0 U 79
81 0 L 72
82 1 L 73
# score :51 1619069
# W : 757143 , H : 824662
83
0 0 U -1
1 0 U 0
2 0 U 1
3 0 U 2
4 0 U 3
5 0 U 4
6 1 U 5
7 0 U 6
8 0 U 7
9 1 U -1
10 0 U 9
11 1 U 10
12 1 U 11
13 0 U 12
14 1 U 13
15 1 U 14
16 0 U 15
17 0 U 16
18 0 U -1
19 0 U 18
20 0 U 19
21 0 U 20
22 1 U 21
23 0 U 22
24 1 U 23
25 1 U 24
26 0 U 25
27 1 U -1
28 0 U 27
29 1 U 28
30 1 U 29
31 1 U 30
32 1 U 31
33 1 U 32
34 1 U 33
35 0 U 34
36 1 U -1
37 1 U 36
38 1 U 37
39 0 U 38
40 1 U 39
41 0 U 40
42 0 U 41
43 0 U 42
44 0 U 43
45 1 U -1
46 1 U 45
47 1 U 46
48 1 U 47
49 1 U 48
50 0 U 49
51 0 U 50
52 0 U 51
53 0 U 52
54 1 U -1
55 1 U 54
56 1 U 55
57 0 U 56
58 1 U 57
59 1 U 58
60 1 U 59
61 0 U 60
62 0 U 61
63 1 U -1
64 0 U 63
65 1 U 64
66 0 U 65
67 0 U 66
68 1 U 67
69 1 U 68
70 0 U 69
71 1 U 70
72 0 U -1
73 1 U 72
74 1 U 73
75 0 U 74
76 0 U 75
77 0 U 76
78 0 U 77
79 0 U 78
80 0 U 79
81 0 L 63
82 1 L 64
# score :52 1575256
# W : 726792 , H : 742844
83
0 1 U -1
1 1 U 0
2 0 U 1
3 1 U 2
4 0 U 3
5 1 U 4
6 0 U 5
7 0 U 6
8 1 U 7
9 1 U -1
10 1 U 9
11 0 U 10
12 0 U 11
13 1 U 12
14 1 U 13
15 1 U 14
16 0 U 15
17 0 U 16
18 1 U -1
19 1 U 18
20 1 U 19
21 1 U 20
22 1 U 21
23 0 U 22
24 0 U 23
25 1 U 24
26 0 U 25
27 0 U -1
28 1 U 27
29 0 U 28
30 1 U 29
31 1 U 30
32 0 U 31
33 1 U 32
34 0 U 33
35 1 U 34
36 0 U -1
37 0 U 36
38 0 U 37
39 1 U 38
40 1 U 39
41 0 U 40
42 0 U 41
43 0 U 42
44 1 U 43
45 0 U -1
46 1 U 45
47 0 U 46
48 0 U 47
49 1 U 48
50 1 U 49
51 1 U 50
52 0 U 51
53 0 U 52
54 1 U -1
55 1 U 54
56 1 U 55
57 0 U 56
58 0 U 57
59 1 U 58
60 1 U 59
61 0 U 60
62 0 U 61
63 1 U -1
64 1 U 63
65 1 U 64
66 1 U 65
67 0 U 66
68 1 U 67
69 0 U 68
70 1 U 69
71 1 U 70
72 1 U -1
73 1 U 72
74 1 U 73
75 1 U 74
76 1 U 75
77 0 U 76
78 0 U 77
79 0 U 78
80 0 U 79
81 1 L 63
82 1 L 64
# score :53 1512074
# W : 763225 , H : 759649
83
0 0 U -1
1 0 U 0
2 1 U 1
3 0 U 2
4 0 U 3
5 0 U 4
6 0 U 5
7 1 U 6
8 1 U 7
9 0 U -1
10 1 U 9
11 1 U 10
12 0 U 11
13 0 U 12
14 1 U 13
15 1 U 14
16 0 U 15
17 0 U 16
18 1 U -1
19 1 U 18
20 0 U 19
21 0 U 20
22 1 U 21
23 1 U 22
24 1 U 23
25 1 U 24
26 1 U 25
27 0 U -1
28 0 U 27
29 1 U 28
30 1 U 29
31 0 U 30
32 0 U 31
33 1 U 32
34 1 U 33
35 1 U 34
36 0 U -1
37 1 U 36
38 0 U 37
39 1 U 38
40 1 U 39
41 0 U 40
42 0 U 41
43 1 U 42
44 0 U 43
45 0 U -1
46 1 U 45
47 0 U 46
48 0 U 47
49 0 U 48
50 0 U 49
51 0 U 50
52 1 U 51
53 0 U 52
54 1 U -1
55 0 U 54
56 0 U 55
57 1 U 56
58 1 U 57
59 1 U 58
60 0 U 59
61 1 U 60
62 1 U 61
63 0 U -1
64 0 U 63
65 1 U 64
66 1 U 65
67 1 U 66
68 0 U 67
69 1 U 68
70 0 U 69
71 1 U 70
72 0 U -1
73 0 U 72
74 1 U 73
75 0 U 74
76 0 U 75
77 1 U 76
78 0 U 77
79 0 U 78
80 0 U 79
81 1 L 63
82 1 L 64
# score :54 1541788
# W : 706861 , H : 787532
83
0 1 U -1
1 0 U 0
2 1 U 1
3 0 U 2
4 0 U 3
5 1 U 4
6 0 U 5
7 0 U 6
8 0 U 7
9 0 U -1
10 0 U 9
11 0 U 10
12 1 U 11
13 0 U 12
14 1 U 13
15 1 U 14
16 1 U 15
17 0 U 16
18 0 U -1
19 0 U 18
20 1 U 19
21 0 U 20
22 0 U 21
23 0 U 22
24 1 U 23
25 1 U 24
26 0 U 25
27 0 U -1
28 1 U 27
29 1 U 28
30 1 U 29
31 1 U 30
32 1 U 31
33 0 U 32
34 1 U 33
35 1 U 34
36 1 U -1
37 1 U 36
38 0 U 37
39 0 U 38
40 1 U 39
41 0 U 40
42 0 U 41
43 0 U 42
44 1 U 43
45 0 U -1
46 1 U 45
47 0 U 46
48 1 U 47
49 0 U 48
50 0 U 49
51 1 U 50
52 0 U 51
53 1 U 52
54 0 U -1
55 0 U 54
56 1 U 55
57 1 U 56
58 1 U 57
59 1 U 58
60 1 U 59
61 1 U 60
62 1 U 61
63 0 U -1
64 0 U 63
65 0 U 64
66 1 U 65
67 0 U 66
68 1 U 67
69 1 U 68
70 1 U 69
71 0 U 70
72 0 U -1
73 1 U 72
74 0 U 73
75 0 U 74
76 0 U 75
77 1 U 76
78 1 U 77
79 1 U 78
80 1 U 79
81 0 L 63
82 1 L 64
# score :55 1522660
# W : 765068 , H : 753946
83
0 0 U -1
1 1 U 0
2 1 U 1
3 1 U 2
4 0 U 3
5 0 U 4
6 1 U 5
7 1 U 6
8 1 U 7
9 1 U -1
10 1 U 9
11 1 U 10
12 1 U 11
13 0 U 12
14 1 U 13
15 0 U 14
16 1 U 15
17 0 U 16
18 1 U -1
19 0 U 18
20 0 U 19
21 1 U 20
22 1 U 21
23 0 U 22
24 0 U 23
25 1 U 24
26 1 U 25
27 0 U -1
28 1 U 27
29 0 U 28
30 1 U 29
31 0 U 30
32 0 U 31
33 0 U 32
34 1 U 33
35 0 U 34
36 0 U -1
37 1 U 36
38 0 U 37
39 0 U 38
40 0 U 39
41 0 U 40
42 0 U 41
43 0 U 42
44 1 U 43
45 1 U -1
46 0 U 45
47 0 U 46
48 1 U 47
49 1 U 48
50 1 U 49
51 1 U 50
52 0 U 51
53 1 U 52
54 0 U -1
55 0 U 54
56 1 U 55
57 1 U 56
58 0 U 57
59 1 U 58
60 0 U 59
61 1 U 60
62 1 U 61
63 0 U -1
64 0 U 63
65 1 U 64
66 0 U 65
67 0 U 66
68 0 U 67
69 1 U 68
70 1 U 69
71 0 U 70
72 1 U -1
73 1 U 72
74 0 U 73
75 0 U 74
76 0 U 75
77 0 U 76
78 1 U 77
79 0 U 78
80 1 U 79
81 0 U -1
82 1 U 81
# score :56 1550391
# W : 691451 , H : 850456
83
0 1 U -1
1 0 U 0
2 1 U 1
3 0 U 2
4 1 U 3
5 0 U 4
6 1 U 5
7 1 U 6
8 0 U 7
9 1 U -1
10 1 U 9
11 0 U 10
12 0 U 11
13 1 U 12
14 0 U 13
15 0 U 14
16 1 U 15
17 0 U 16
18 1 U -1
19 1 U 18
20 0 U 19
21 0 U 20
22 1 U 21
23 1 U 22
24 0 U 23
25 1 U 24
26 0 U 25
27 1 U -1
28 0 U 27
29 1 U 28
30 1 U 29
31 0 U 30
32 0 U 31
33 0 U 32
34 1 U 33
35 1 U 34
36 1 U -1
37 0 U 36
38 1 U 37
39 1 U 38
40 0 U 39
41 0 U 40
42 1 U 41
43 0 U 42
44 0 U 43
45 0 U -1
46 0 U 45
47 1 U 46
48 1 U 47
49 0 U 48
50 0 U 49
51 0 U 50
52 1 U 51
53 1 U 52
54 1 U -1
55 1 U 54
56 1 U 55
57 0 U 56
58 1 U 57
59 1 U 58
60 1 U 59
61 0 U 60
62 1 U 61
63 0 U -1
64 1 U 63
65 1 U 64
66 1 U 65
67 0 U 66
68 0 U 67
69 1 U 68
70 1 U 69
71 1 U 70
72 1 U -1
73 1 U 72
74 0 U 73
75 1 U 74
76 1 U 75
77 0 U 76
78 0 U 77
79 0 U 78
80 1 U 79
81 0 U -1
82 0 U 81
# score :57 1610352
# W : 658980 , H : 876667
83
0 1 U -1
1 1 U 0
2 1 U 1
3 1 U 2
4 0 U 3
5 0 U 4
6 0 U 5
7 1 U 6
8 0 U 7
9 1 U -1
10 0 U 9
11 0 U 10
12 0 U 11
13 0 U 12
14 0 U 13
15 0 U 14
16 1 U 15
17 0 U 16
18 0 U -1
19 1 U 18
20 0 U 19
21 0 U 20
22 0 U 21
23 1 U 22
24 0 U 23
25 1 U 24
26 1 U 25
27 1 U -1
28 0 U 27
29 0 U 28
30 0 U 29
31 1 U 30
32 0 U 31
33 1 U 32
34 0 U 33
35 0 U 34
36 1 U -1
37 0 U 36
38 1 U 37
39 0 U 38
40 1 U 39
41 0 U 40
42 0 U 41
43 1 U 42
44 1 U 43
45 0 U -1
46 1 U 45
47 0 U 46
48 1 U 47
49 0 U 48
50 1 U 49
51 1 U 50
52 0 U 51
53 1 U 52
54 1 U -1
55 0 U 54
56 0 U 55
57 1 U 56
58 0 U 57
59 1 U 58
60 0 U 59
61 1 U 60
62 0 U 61
63 1 U -1
64 0 U 63
65 1 U 64
66 1 U 65
67 0 U 66
68 1 U 67
69 0 U 68
70 1 U 69
71 0 U 70
72 1 U -1
73 1 U 72
74 1 U 73
75 1 U 74
76 1 U 75
77 1 U 76
78 1 U 77
79 1 U 78
80 1 U 79
81 1 L 72
82 1 L 73
# score :58 1572571
# W : 686285 , H : 817076
83
0 0 U -1
1 1 U 0
2 0 U 1
3 1 U 2
4 0 U 3
5 1 U 4
6 0 U 5
7 1 U 6
8 1 U 7
9 1 U -1
10 1 U 9
11 0 U 10
12 0 U 11
13 0 U 12
14 1 U 13
15 0 U 14
16 0 U 15
17 0 U 16
18 1 U -1
19 1 U 18
20 0 U 19
21 1 U 20
22 0 U 21
23 0 U 22
24 0 U 23
25 1 U 24
26 0 U 25
27 1 U -1
28 0 U 27
29 0 U 28
30 1 U 29
31 1 U 30
32 1 U 31
33 1 U 32
34 1 U 33
35 1 U 34
36 0 U -1
37 1 U 36
38 0 U 37
39 0 U 38
40 0 U 39
41 1 U 40
42 0 U 41
43 1 U 42
44 1 U 43
45 1 U -1
46 1 U 45
47 1 U 46
48 0 U 47
49 1 U 48
50 0 U 49
51 1 U 50
52 0 U 51
53 0 U 52
54 0 U -1
55 1 U 54
56 0 U 55
57 0 U 56
58 0 U 57
59 0 U 58
60 1 U 59
61 1 U 60
62 0 U 61
63 1 U -1
64 1 U 63
65 0 U 64
66 1 U 65
67 0 U 66
68 1 U 67
69 0 U 68
70 1 U 69
71 0 U 70
72 0 U -1
73 0 U 72
74 1 U 73
75 0 U 74
76 1 U 75
77 1 U 76
78 1 U 77
79 0 U 78
80 1 U 79
81 0 L 72
82 0 L 73
# score :59 1638596
# W : 693070 , H : 850267
83
0 0 U -1
1 0 U 0
2 1 U 1
3 1 U 2
4 1 U 3
5 0 U 4
6 0 U 5
7 0 U 6
8 1 U 7
9 1 U -1
10 0 U 9
11 0 U 10
12 1 U 11
13 1 U 12
14 0 U 13
15 0 U 14
16 0 U 15
17 0 U 16
18 1 U -1
19 0 U 18
20 0 U 19
21 1 U 20
22 1 U 21
23 1 U 22
24 0 U 23
25 0 U 24
26 0 U 25
27 1 U -1
28 1 U 27
29 0 U 28
30 1 U 29
31 1 U 30
32 0 U 31
33 1 U 32
34 0 U 33
35 1 U 34
36 0 U -1
37 0 U 36
38 0 U 37
39 1 U 38
40 1 U 39
41 0 U 40
42 1 U 41
43 0 U 42
44 0 U 43
45 0 U -1
46 1 U 45
47 0 U 46
48 1 U 47
49 0 U 48
50 0 U 49
51 0 U 50
52 1 U 51
53 0 U 52
54 0 U -1
55 0 U 54
56 1 U 55
57 0 U 56
58 0 U 57
59 1 U 58
60 0 U 59
61 0 U 60
62 0 U 61
63 1 U -1
64 1 U 63
65 1 U 64
66 0 U 65
67 0 U 66
68 0 U 67
69 1 U 68
70 0 U 69
71 0 U 70
72 1 U -1
73 0 U 72
74 1 U 73
75 0 U 74
76 1 U 75
77 1 U 76
78 0 U 77
79 1 U 78
80 0 U 79
81 0 L 63
82 0 L 64
# score :60 1504596
# W : 743704 , H : 793886
83
0 1 U -1
1 1 U 0
2 1 U 1
3 1 U 2
4 0 U 3
5 1 U 4
6 0 U 5
7 1 U 6
8 1 U 7
9 0 U -1
10 1 U 9
11 0 U 10
12 0 U 11
13 0 U 12
14 1 U 13
15 1 U 14
16 1 U 15
17 0 U 16
18 0 U -1
19 1 U 18
20 1 U 19
21 1 U 20
22 1 U 21
23 0 U 22
24 1 U 23
25 1 U 24
26 0 U 25
27 0 U -1
28 0 U 27
29 0 U 28
30 0 U 29
31 0 U 30
32 0 U 31
33 1 U 32
34 0 U 33
35 1 U 34
36 1 U -1
37 0 U 36
38 0 U 37
39 1 U 38
40 0 U 39
41 0 U 40
42 1 U 41
43 1 U 42
44 1 U 43
45 0 U -1
46 0 U 45
47 1 U 46
48 1 U 47
49 1 U 48
50 1 U 49
51 1 U 50
52 0 U 51
53 1 U 52
54 0 U -1
55 0 U 54
56 0 U 55
57 1 U 56
58 1 U 57
59 1 U 58
60 0 U 59
61 1 U 60
62 0 U 61
63 1 U -1
64 1 U 63
65 1 U 64
66 1 U 65
67 1 U 66
68 1 U 67
69 1 U 68
70 1 U 69
71 0 U 70
72 0 U -1
73 1 U 72
74 1 U 73
75 1 U 74
76 0 U 75
77 1 U 76
78 0 U 77
79 1 U 78
80 0 U 79
81 1 L 63
82 0 L 64
# score :61 1514863
# W : 775689 , H : 747343
83
0 0 U -1
1 0 U 0
2 0 U 1
3 1 U 2
4 0 U 3
5 0 U 4
6 1 U 5
7 0 U 6
8 1 U 7
9 1 U -1
10 0 U 9
11 0 U 10
12 1 U 11
13 1 U 12
14 0 U 13
15 0 U 14
16 0 U 15
17 0 U 16
18 0 U -1
19 1 U 18
20 1 U 19
21 0 U 20
22 1 U 21
23 1 U 22
24 1 U 23
25 1 U 24
26 0 U 25
27 0 U -1
28 0 U 27
29 0 U 28
30 0 U 29
31 1 U 30
32 0 U 31
33 0 U 32
34 1 U 33
35 0 U 34
36 1 U -1
37 1 U 36
38 0 U 37
39 1 U 38
40 1 U 39
41 1 U 40
42 0 U 41
43 1 U 42
44 0 U 43
45 1 U -1
46 0 U 45
47 0 U 46
48 0 U 47
49 1 U 48
50 0 U 49
51 1 U 50
52 1 U 51
53 1 U 52
54 1 U -1
55 1 U 54
56 0 U 55
57 0 U 56
58 1 U 57
59 1 U 58
60 1 U 59
61 0 U 60
62 1 U 61
63 0 U -1
64 1 U 63
65 0 U 64
66 1 U 65
67 0 U 66
68 0 U 67
69 0 U 68
70 1 U 69
71 1 U 70
72 0 U -1
73 0 U 72
74 0 U 73
75 1 U 74
76 1 U 75
77 0 U 76
78 1 U 77
79 1 U 78
80 0 U 79
81 1 L 63
82 1 L 64
# score :62 1569376
# W : 716246 , H : 763574
83
0 1 U -1
1 0 U 0
2 0 U 1
3 1 U 2
4 0 U 3
5 1 U 4
6 1 U 5
7 1 U 6
8 0 U 7
9 1 U -1
10 1 U 9
11 0 U 10
12 0 U 11
13 1 U 12
14 0 U 13
15 0 U 14
16 1 U 15
17 0 U 16
18 0 U -1
19 0 U 18
20 1 U 19
21 0 U 20
22 0 U 21
23 1 U 22
24 1 U 23
25 0 U 24
26 0 U 25
27 0 U -1
28 1 U 27
29 0 U 28
30 1 U 29
31 0 U 30
32 1 U 31
33 0 U 32
34 1 U 33
35 1 U 34
36 0 U -1
37 0 U 36
38 0 U 37
39 1 U 38
40 0 U 39
41 1 U 40
42 1 U 41
43 1 U 42
44 1 U 43
45 1 U -1
46 0 U 45
47 0 U 46
48 0 U 47
49 0 U 48
50 0 U 49
51 0 U 50
52 0 U 51
53 1 U 52
54 1 U -1
55 1 U 54
56 1 U 55
57 1 U 56
58 1 U 57
59 1 U 58
60 1 U 59
61 0 U 60
62 1 U 61
63 1 U -1
64 1 U 63
65 0 U 64
66 0 U 65
67 1 U 66
68 1 U 67
69 0 U 68
70 0 U 69
71 1 U 70
72 1 U -1
73 1 U 72
74 1 U 73
75 1 U 74
76 1 U 75
77 0 U 76
78 1 U 77
79 1 U 78
80 0 U 79
81 0 L 63
82 0 L 64
# score :63 1562195
# W : 743896 , H : 783258
83
0 1 U -1
1 1 U 0
2 1 U 1
3 1 U 2
4 1 U 3
5 0 U 4
6 1 U 5
7 1 U 6
8 1 U 7
9 0 U -1
10 1 U 9
11 1 U 10
12 1 U 11
13 0 U 12
14 1 U 13
15 0 U 14
16 0 U 15
17 1 U 16
18 0 U -1
19 1 U 18
20 0 U 19
21 0 U 20
22 1 U 21
23 1 U 22
24 1 U 23
25 1 U 24
26 1 U 25
27 0 U -1
28 1 U 27
29 1 U 28
30 0 U 29
31 0 U 30
32 0 U 31
33 0 U 32
34 1 U 33
35 1 U 34
36 1 U -1
37 0 U 36
38 0 U 37
39 1 U 38
40 1 U 39
41 0 U 40
42 0 U 41
43 0 U 42
44 0 U 43
45 0 U -1
46 0 U 45
47 1 U 46
48 0 U 47
49 1 U 48
50 1 U 49
51 1 U 50
52 0 U 51
53 0 U 52
54 0 U -1
55 0 U 54
56 0 U 55
57 1 U 56
58 0 U 57
59 0 U 58
60 1 U 59
61 0 U 60
62 1 U 61
63 1 U -1
64 1 U 63
65 0 U 64
66 0 U 65
67 1 U 66
68 0 U 67
69 1 U 68
70 0 U 69
71 0 U 70
72 1 U -1
73 0 U 72
74 0 U 73
75 0 U 74
76 0 U 75
77 0 U 76
78 1 U 77
79 0 U 78
80 0 U 79
81 1 U -1
82 0 U 81
# score :64 1642196
# W : 720876 , H : 835779
83
0 0 U -1
1 0 U 0
2 0 U 1
3 1 U 2
4 1 U 3
5 0 U 4
6 1 U 5
7 1 U 6
8 1 U 7
9 0 U -1
10 1 U 9
11 1 U 10
12 0 U 11
13 1 U 12
14 1 U 13
15 1 U 14
16 1 U 15
17 1 U 16
18 0 U -1
19 0 U 18
20 0 U 19
21 0 U 20
22 1 U 21
23 1 U 22
24 1 U 23
25 0 U 24
26 0 U 25
27 0 U -1
28 1 U 27
29 1 U 28
30 1 U 29
31 0 U 30
32 1 U 31
33 0 U 32
34 0 U 33
35 0 U 34
36 1 U -1
37 0 U 36
38 1 U 37
39 1 U 38
40 0 U 39
41 1 U 40
42 0 U 41
43 0 U 42
44 0 U 43
45 0 U -1
46 1 U 45
47 1 U 46
48 1 U 47
49 0 U 48
50 0 U 49
51 1 U 50
52 1 U 51
53 0 U 52
54 0 U -1
55 1 U 54
56 0 U 55
57 1 U 56
58 0 U 57
59 0 U 58
60 1 U 59
61 1 U 60
62 1 U 61
63 0 U -1
64 1 U 63
65 0 U 64
66 1 U 65
67 1 U 66
68 0 U 67
69 0 U 68
70 0 U 69
71 0 U 70
72 1 U -1
73 1 U 72
74 0 U 73
75 1 U 74
76 1 U 75
77 0 U 76
78 0 U 77
79 1 U 78
80 1 U 79
81 0 U -1
82 0 U 81
# score :65 1625751
# W : 695762 , H : 858000
83
0 1 U -1
1 0 U 0
2 0 U 1
3 1 U 2
4 0 U 3
5 1 U 4
6 1 U 5
7 1 U 6
8 1 U 7
9 1 U -1
10 1 U 9
11 1 U 10
12 1 U 11
13 0 U 12
14 0 U 13
15 0 U 14
16 1 U 15
17 0 U 16
18 1 U -1
19 0 U 18
20 1 U 19
21 0 U 20
22 0 U 21
23 0 U 22
24 1 U 23
25 1 U 24
26 0 U 25
27 0 U -1
28 0 U 27
29 1 U 28
30 0 U 29
31 0 U 30
32 1 U 31
33 1 U 32
34 1 U 33
35 1 U 34
36 0 U -1
37 0 U 36
38 0 U 37
39 1 U 38
40 1 U 39
41 0 U 40
42 0 U 41
43 0 U 42
44 1 U 43
45 0 U -1
46 1 U 45
47 1 U 46
48 1 U 47
49 1 U 48
50 1 U 49
51 0 U 50
52 0 U 51
53 0 U 52
54 1 U -1
55 0 U 54
56 0 U 55
57 1 U 56
58 1 U 57
59 1 U 58
60 1 U 59
61 1 U 60
62 1 U 61
63 1 U -1
64 0 U 63
65 0 U 64
66 0 U 65
67 0 U 66
68 1 U 67
69 1 U 68
70 0 U 69
71 0 U 70
72 1 U -1
73 1 U 72
74 1 U 73
75 0 U 74
76 1 U 75
77 1 U 76
78 0 U 77
79 0 U 78
80 1 U 79
81 0 L 72
82 0 L 73
# score :66 1602008
# W : 779230 , H : 833631
83
0 1 U -1
1 0 U 0
2 0 U 1
3 0 U 2
4 0 U 3
5 1 U 4
6 1 U 5
7 0 U 6
8 0 U 7
9 1 U -1
10 1 U 9
11 0 U 10
12 1 U 11
13 1 U 12
14 0 U 13
15 1 U 14
16 0 U 15
17 0 U 16
18 1 U -1
19 0 U 18
20 0 U 19
21 0 U 20
22 1 U 21
23 1 U 22
24 0 U 23
25 0 U 24
26 0 U 25
27 0 U -1
28 1 U 27
29 1 U 28
30 0 U 29
31 0 U 30
32 0 U 31
33 0 U 32
34 0 U 33
35 1 U 34
36 1 U -1
37 0 U 36
38 0 U 37
39 0 U 38
40 0 U 39
41 0 U 40
42 1 U 41
43 0 U 42
44 0 U 43
45 0 U -1
46 1 U 45
47 1 U 46
48 1 U 47
49 0 U 48
50 1 U 49
51 1 U 50
52 1 U 51
53 1 U 52
54 0 U -1
55 0 U 54
56 1 U 55
57 0 U 56
58 1 U 57
59 1 U 58
60 0 U 59
61 0 U 60
62 1 U 61
63 1 U -1
64 1 U 63
65 1 U 64
66 1 U 65
67 1 U 66
68 0 U 67
69 0 U 68
70 1 U 69
71 1 U 70
72 0 U -1
73 1 U 72
74 1 U 73
75 1 U 74
76 0 U 75
77 0 U 76
78 0 U 77
79 1 U 78
80 0 U 79
81 0 L 72
82 1 L 73
# score :67 1608391
# W : 687677 , H : 806833
83
0 0 U -1
1 0 U 0
2 1 U 1
3 0 U 2
4 1 U 3
5 0 U 4
6 1 U 5
7 1 U 6
8 1 U 7
9 0 U -1
10 1 U 9
11 1 U 10
12 0 U 11
13 1 U 12
14 1 U 13
15 0 U 14
16 0 U 15
17 1 U 16
18 0 U -1
19 1 U 18
20 0 U 19
21 0 U 20
22 0 U 21
23 0 U 22
24 0 U 23
25 1 U 24
26 0 U 25
27 1 U -1
28 0 U 27
29 0 U 28
30 0 U 29
31 1 U 30
32 0 U 31
33 0 U 32
34 0 U 33
35 0 U 34
36 1 U -1
37 0 U 36
38 1 U 37
39 0 U 38
40 0 U 39
41 1 U 40
42 1 U 41
43 0 U 42
44 0 U 43
45 1 U -1
46 1 U 45
47 1 U 46
48 1 U 47
49 1 U 48
50 1 U 49
51 0 U 50
52 0 U 51
53 1 U 52
54 0 U -1
55 1 U 54
56 0 U 55
57 1 U 56
58 0 U 57
59 1 U 58
60 0 U 59
61 1 U 60
62 0 U 61
63 0 U -1
64 0 U 63
65 0 U 64
66 1 U 65
67 1 U 66
68 1 U 67
69 0 U 68
70 1 U 69
71 1 U 70
72 0 U -1
73 1 U 72
74 0 U 73
75 0 U 74
76 0 U 75
77 1 U 76
78 1 U 77
79 1 U 78
80 0 U 79
81 0 L 63
82 0 L 64
# score :68 1505635
# W : 701492 , H : 777725
83
0 1 U -1
1 0 U 0
2 0 U 1
3 0 U 2
4 0 U 3
5 1 U 4
6 0 U 5
7 0 U 6
8 1 U 7
9 1 U -1
10 1 U 9
11 0 U 10
12 0 U 11
13 1 U 12
14 1 U 13
15 0 U 14
16 0 U 15
17 0 U 16
18 0 U -1
19 0 U 18
20 1 U 19
21 0 U 20
22 0 U 21
23 1 U 22
24 0 U 23
25 0 U 24
26 0 U 25
27 0 U -1
28 1 U 27
29 0 U 28
30 0 U 29
31 0 U 30
32 0 U 31
33 0 U 32
34 0 U 33
35 1 U 34
36 1 U -1
37 1 U 36
38 0 U 37
39 1 U 38
40 1 U 39
41 0 U 40
42 0 U 41
43 0 U 42
44 0 U 43
45 0 U -1
46 0 U 45
47 1 U 46
48 1 U 47
49 1 U 48
50 1 U 49
51 0 U 50
52 0 U 51
53 0 U 52
54 0 U -1
55 1 U 54
56 0 U 55
57 0 U 56
58 0 U 57
59 0 U 58
60 0 U 59
61 1 U 60
62 1 U 61
63 0 U -1
64 1 U 63
65 0 U 64
66 0 U 65
67 0 U 66
68 1 U 67
69 1 U 68
70 0 U 69
71 1 U 70
72 0 U -1
73 1 U 72
74 1 U 73
75 1 U 74
76 1 U 75
77 1 U 76
78 0 U 77
79 0 U 78
80 1 U 79
81 0 L 63
82 0 L 64
# score :69 1514977
# W : 705245 , H : 759356
83
0 1 U -1
1 0 U 0
2 0 U 1
3 0 U 2
4 1 U 3
5 1 U 4
6 0 U 5
7 0 U 6
8 1 U 7
9 1 U -1
10 1 U 9
11 1 U 10
12 1 U 11
13 1 U 12
14 0 U 13
15 0 U 14
16 0 U 15
17 0 U 16
18 0 U -1
19 0 U 18
20 1 U 19
21 0 U 20
22 0 U 21
23 0 U 22
24 1 U 23
25 0 U 24
26 1 U 25
27 1 U -1
28 1 U 27
29 0 U 28
30 0 U 29
31 1 U 30
32 0 U 31
33 0 U 32
34 1 U 33
35 1 U 34
36 1 U -1
37 1 U 36
38 1 U 37
39 0 U 38
40 1 U 39
41 1 U 40
42 1 U 41
43 0 U 42
44 1 U 43
45 0 U -1
46 0 U 45
47 0 U 46
48 1 U 47
49 0 U 48
50 0 U 49
51 1 U 50
52 1 U 51
53 0 U 52
54 0 U -1
55 1 U 54
56 0 U 55
57 0 U 56
58 0 U 57
59 1 U 58
60 1 U 59
61 1 U 60
62 0 U 61
63 0 U -1
64 0 U 63
65 0 U 64
66 1 U 65
67 1 U 66
68 1 U 67
69 1 U 68
70 0 U 69
71 0 U 70
72 1 U -1
73 1 U 72
74 1 U 73
75 1 U 74
76 1 U 75
77 1 U 76
78 1 U 77
79 1 U 78
80 0 U 79
81 1 L 63
82 0 L 64
# score :70 1510910
# W : 750887 , H : 741435
83
0 0 U -1
1 1 U 0
2 0 U 1
3 0 U 2
4 1 U 3
5 0 U 4
6 0 U 5
7 1 U 6
8 0 U 7
9 0 U -1
10 1 U 9
11 0 U 10
12 1 U 11
13 0 U 12
14 0 U 13
15 1 U 14
16 0 U 15
17 0 U 16
18 1 U -1
19 1 U 18
20 1 U 19
21 0 U 20
22 1 U 21
23 1 U 22
24 1 U 23
25 1 U 24
26 0 U 25
27 1 U -1
28 1 U 27
29 0 U 28
30 0 U 29
31 0 U 30
32 0 U 31
33 0 U 32
34 1 U 33
35 1 U 34
36 1 U -1
37 0 U 36
38 1 U 37
39 1 U 38
40 0 U 39
41 1 U 40
42 0 U 41
43 0 U 42
44 1 U 43
45 0 U -1
46 0 U 45
47 1 U 46
48 0 U 47
49 0 U 48
50 1 U 49
51 0 U 50
52 0 U 51
53 0 U 52
54 1 U -1
55 0 U 54
56 0 U 55
57 1 U 56
58 0 U 57
59 1 U 58
60 0 U 59
61 1 U 60
62 0 U 61
63 0 U -1
64 1 U 63
65 1 U 64
66 0 U 65
67 1 U 66
68 0 U 67
69 0 U 68
70 0 U 69
71 1 U 70
72 1 U -1
73 1 U 72
74 1 U 73
75 1 U 74
76 0 U 75
77 1 U 76
78 1 U 77
79 1 U 78
80 1 U 79
81 0 L 63
82 1 L 64
# score :71 1483627
# W : 707605 , H : 755675
83
0 0 U -1
1 0 U 0
2 1 U 1
3 0 U 2
4 1 U 3
5 1 U 4
6 1 U 5
7 0 U 6
8 0 U 7
9 1 U -1
10 1 U 9
11 0 U 10
12 1 U 11
13 1 U 12
14 0 U 13
15 0 U 14
16 0 U 15
17 0 U 16
18 1 U -1
19 0 U 18
20 1 U 19
21 0 U 20
22 1 U 21
23 0 U 22
24 0 U 23
25 0 U 24
26 0 U 25
27 0 U -1
28 1 U 27
29 1 U 28
30 0 U 29
31 0 U 30
32 0 U 31
33 0 U 32
34 0 U 33
35 1 U 34
36 0 U -1
37 1 U 36
38 1 U 37
39 0 U 38
40 0 U 39
41 1 U 40
42 0 U 41
43 1 U 42
44 1 U 43
45 1 U -1
46 1 U 45
47 1 U 46
48 1 U 47
49 1 U 48
50 0 U 49
51 0 U 50
52 0 U 51
53 1 U 52
54 1 U -1
55 1 U 54
56 1 U 55
57 1 U 56
58 1 U 57
59 0 U 58
60 0 U 59
61 1 U 60
62 0 U 61
63 0 U -1
64 0 U 63
65 0 U 64
66 1 U 65
67 1 U 66
68 0 U 67
69 0 U 68
70 0 U 69
71 0 U 70
72 1 U -1
73 0 U 72
74 0 U 73
75 1 U 74
76 1 U 75
77 1 U 76
78 0 U 77
79 1 U 78
80 0 U 79
81 1 U -1
82 1 U 81
# score :72 1584555
# W : 718392 , H : 866970
83
0 0 U -1
1 0 U 0
2 0 U 1
3 1 U 2
4 0 U 3
5 0 U 4
6 1 U 5
7 0 U 6
8 0 U 7
9 0 U -1
10 0 U 9
11 0 U 10
12 1 U 11
13 0 U 12
14 0 U 13
15 1 U 14
16 1 U 15
17 1 U 16
18 0 U -1
19 1 U 18
20 1 U 19
21 0 U 20
22 1 U 21
23 1 U 22
24 1 U 23
25 0 U 24
26 1 U 25
27 0 U -1
28 0 U 27
29 1 U 28
30 1 U 29
31 1 U 30
32 0 U 31
33 1 U 32
34 1 U 33
35 1 U 34
36 1 U -1
37 0 U 36
38 0 U 37
39 1 U 38
40 1 U 39
41 0 U 40
42 1 U 41
43 1 U 42
44 0 U 43
45 0 U -1
46 1 U 45
47 1 U 46
48 1 U 47
49 1 U 48
50 0 U 49
51 1 U 50
52 0 U 51
53 1 U 52
54 0 U -1
55 1 U 54
56 1 U 55
57 0 U 56
58 1 U 57
59 1 U 58
60 1 U 59
61 0 U 60
62 1 U 61
63 0 U -1
64 1 U 63
65 0 U 64
66 0 U 65
67 1 U 66
68 0 U 67
69 0 U 68
70 0 U 69
71 1 U 70
72 1 U -1
73 0 U 72
74 0 U 73
75 0 U 74
76 0 U 75
77 0 U 76
78 0 U 77
79 1 U 78
80 1 U 79
81 0 U -1
82 0 U 81
# score :73 1662007
# W : 742240 , H : 859002
83
0 1 U -1
1 1 U 0
2 1 U 1
3 0 U 2
4 1 U 3
5 0 U 4
6 0 U 5
7 0 U 6
8 1 U 7
9 0 U -1
10 1 U 9
11 0 U 10
12 1 U 11
13 1 U 12
14 0 U 13
15 0 U 14
16 1 U 15
17 0 U 16
18 0 U -1
19 0 U 18
20 0 U 19
21 1 U 20
22 0 U 21
23 0 U 22
24 0 U 23
25 0 U 24
26 1 U 25
27 0 U -1
28 0 U 27
29 0 U 28
30 0 U 29
31 0 U 30
32 1 U 31
33 1 U 32
34 0 U 33
35 1 U 34
36 1 U -1
37 1 U 36
38 0 U 37
39 1 U 38
40 1 U 39
41 0 U 40
42 1 U 41
43 1 U 42
44 1 U 43
45 1 U -1
46 1 U 45
47 0 U 46
48 1 U 47
49 0 U 48
50 1 U 49
51 0 U 50
52 0 U 51
53 1 U 52
54 1 U -1
55 0 U 54
56 0 U 55
57 1 U 56
58 1 U 57
59 1 U 58
60 1 U 59
61 0 U 60
62 1 U 61
63 0 U -1
64 0 U 63
65 0 U 64
66 1 U 65
67 0 U 66
68 1 U 67
69 1 U 68
70 1 U 69
71 0 U 70
72 1 U -1
73 0 U 72
74 0 U 73
75 0 U 74
76 0 U 75
77 1 U 76
78 1 U 77
79 0 U 78
80 1 U 79
81 1 L 72
82 1 L 73
# score :74 1550947
# W : 704689 , H : 841250
83
0 0 U -1
1 1 U 0
2 1 U 1
3 1 U 2
4 0 U 3
5 1 U 4
6 1 U 5
7 1 U 6
8 1 U 7
9 0 U -1
10 0 U 9
11 0 U 10
12 0 U 11
13 0 U 12
14 0 U 13
15 1 U 14
16 1 U 15
17 1 U 16
18 0 U -1
19 1 U 18
20 1 U 19
21 1 U 20
22 1 U 21
23 1 U 22
24 0 U 23
25 1 U 24
26 1 U 25
27 1 U -1
28 0 U 27
29 0 U 28
30 1 U 29
31 0 U 30
32 0 U 31
33 1 U 32
34 0 U 33
35 1 U 34
36 0 U -1
37 1 U 36
38 1 U 37
39 0 U 38
40 1 U 39
41 0 U 40
42 1 U 41
43 0 U 42
44 0 U 43
45 0 U -1
46 1 U 45
47 0 U 46
48 0 U 47
49 1 U 48
50 1 U 49
51 1 U 50
52 0 U 51
53 0 U 52
54 1 U -1
55 1 U 54
56 1 U 55
57 1 U 56
58 0 U 57
59 1 U 58
60 0 U 59
61 0 U 60
62 0 U 61
63 1 U -1
64 0 U 63
65 0 U 64
66 1 U 65
67 0 U 66
68 0 U 67
69 0 U 68
70 0 U 69
71 0 U 70
72 1 U -1
73 1 U 72
74 0 U 73
75 1 U 74
76 1 U 75
77 1 U 76
78 0 U 77
79 0 U 78
80 1 U 79
81 1 L 72
82 1 L 73
# score :75 1556318
# W : 682742 , H : 825144
83
0 0 U -1
1 1 U 0
2 1 U 1
3 0 U 2
4 0 U 3
5 1 U 4
6 0 U 5
7 1 U 6
8 1 U 7
9 0 U -1
10 1 U 9
11 0 U 10
12 0 U 11
13 1 U 12
14 0 U 13
15 1 U 14
16 0 U 15
17 0 U 16
18 0 U -1
19 0 U 18
20 1 U 19
21 0 U 20
22 1 U 21
23 1 U 22
24 1 U 23
25 1 U 24
26 0 U 25
27 0 U -1
28 0 U 27
29 0 U 28
30 0 U 29
31 1 U 30
32 1 U 31
33 0 U 32
34 1 U 33
35 1 U 34
36 0 U -1
37 0 U 36
38 0 U 37
39 1 U 38
40 0 U 39
41 0 U 40
42 0 U 41
43 0 U 42
44 0 U 43
45 1 U -1
46 1 U 45
47 1 U 46
48 0 U 47
49 0 U 48
50 1 U 49
51 0 U 50
52 1 U 51
53 1 U 52
54 0 U -1
55 1 U 54
56 0 U 55
57 1 U 56
58 1 U 57
59 0 U 58
60 1 U 59
61 0 U 60
62 1 U 61
63 0 U -1
64 0 U 63
65 1 U 64
66 1 U 65
67 1 U 66
68 0 U 67
69 0 U 68
70 0 U 69
71 1 U 70
72 1 U -1
73 1 U 72
74 1 U 73
75 0 U 74
76 0 U 75
77 0 U 76
78 0 U 77
79 1 U 78
80 0 U 79
81 0 L 63
82 1 L 64
# score :76 1550065
# W : 725291 , H : 724433
83
0 0 U -1
1 1 U 0
2 1 U 1
3 1 U 2
4 1 U 3
5 1 U 4
6 1 U 5
7 1 U 6
8 1 U 7
9 1 U -1
10 0 U 9
11 1 U 10
12 0 U 11
13 0 U 12
14 1 U 13
15 1 U 14
16 1 U 15
17 1 U 16
18 0 U -1
19 0 U 18
20 0 U 19
21 1 U 20
22 1 U 21
23 0 U 22
24 0 U 23
25 1 U 24
26 0 U 25
27 1 U -1
28 1 U 27
29 1 U 28
30 0 U 29
31 0 U 30
32 0 U 31
33 1 U 32
34 0 U 33
35 1 U 34
36 1 U -1
37 1 U 36
38 0 U 37
39 0 U 38
40 1 U 39
41 0 U 40
42 0 U 41
43 1 U 42
44 1 U 43
45 0 U -1
46 1 U 45
47 1 U 46
48 0 U 47
49 1 U 48
50 0 U 49
51 1 U 50
52 0 U 51
53 0 U 52
54 0 U -1
55 0 U 54
56 0 U 55
57 1 U 56
58 1 U 57
59 1 U 58
60 1 U 59
61 0 U 60
62 0 U 61
63 1 U -1
64 0 U 63
65 1 U 64
66 0 U 65
67 0 U 66
68 0 U 67
69 0 U 68
70 1 U 69
71 0 U 70
72 0 U -1
73 1 U 72
74 1 U 73
75 1 U 74
76 1 U 75
77 0 U 76
78 1 U 77
79 0 U 78
80 0 U 79
81 1 L 63
82 1 L 64
# score :77 1488906
# W : 756756 , H : 725553
83
0 1 U -1
1 0 U 0
2 1 U 1
3 0 U 2
4 1 U 3
5 0 U 4
6 0 U 5
7 1 U 6
8 0 U 7
9 1 U -1
10 1 U 9
11 1 U 10
12 1 U 11
13 0 U 12
14 1 U 13
15 1 U 14
16 1 U 15
17 0 U 16
18 0 U -1
19 1 U 18
20 1 U 19
21 0 U 20
22 0 U 21
23 1 U 22
24 0 U 23
25 1 U 24
26 0 U 25
27 0 U -1
28 1 U 27
29 0 U 28
30 1 U 29
31 0 U 30
32 1 U 31
33 0 U 32
34 0 U 33
35 0 U 34
36 0 U -1
37 0 U 36
38 1 U 37
39 1 U 38
40 1 U 39
41 1 U 40
42 0 U 41
43 1 U 42
44 1 U 43
45 1 U -1
46 1 U 45
47 1 U 46
48 1 U 47
49 0 U 48
50 1 U 49
51 0 U 50
52 1 U 51
53 0 U 52
54 1 U -1
55 1 U 54
56 1 U 55
57 0 U 56
58 0 U 57
59 1 U 58
60 1 U 59
61 1 U 60
62 0 U 61
63 0 U -1
64 1 U 63
65 0 U 64
66 1 U 65
67 0 U 66
68 0 U 67
69 0 U 68
70 1 U 69
71 0 U 70
72 0 U -1
73 0 U 72
74 0 U 73
75 0 U 74
76 1 U 75
77 1 U 76
78 1 U 77
79 0 U 78
80 1 U 79
81 1 L 63
82 0 L 64
# score :78 1514748
# W : 674430 , H : 778671
83
0 0 U -1
1 0 U 0
2 0 U 1
3 1 U 2
4 1 U 3
5 1 U 4
6 0 U 5
7 0 U 6
8 1 U 7
9 0 U -1
10 0 U 9
11 1 U 10
12 0 U 11
13 0 U 12
14 0 U 13
15 0 U 14
16 0 U 15
17 0 U 16
18 0 U -1
19 1 U 18
20 1 U 19
21 1 U 20
22 1 U 21
23 1 U 22
24 1 U 23
25 1 U 24
26 1 U 25
27 0 U -1
28 1 U 27
29 0 U 28
30 0 U 29
31 0 U 30
32 1 U 31
33 1 U 32
34 0 U 33
35 0 U 34
36 0 U -1
37 0 U 36
38 0 U 37
39 0 U 38
40 0 U 39
41 1 U 40
42 1 U 41
43 1 U 42
44 1 U 43
45 0 U -1
46 1 U 45
47 0 U 46
48 0 U 47
49 1 U 48
50 1 U 49
51 0 U 50
52 0 U 51
53 1 U 52
54 0 U -1
55 1 U 54
56 1 U 55
57 0 U 56
58 1 U 57
59 1 U 58
60 1 U 59
61 1 U 60
62 0 U 61
63 0 U -1
64 1 U 63
65 1 U 64
66 1 U 65
67 1 U 66
68 0 U 67
69 1 U 68
70 0 U 69
71 1 U 70
72 1 U -1
73 1 U 72
74 1 U 73
75 1 U 74
76 1 U 75
77 0 U 76
78 1 U 77
79 0 U 78
80 1 U 79
81 0 L 63
82 0 L 64
# score :79 1499849
# W : 799021 , H : 752909
83
0 1 U -1
1 1 U 0
2 1 U 1
3 0 U 2
4 1 U 3
5 1 U 4
6 1 U 5
7 1 U 6
8 1 U 7
9 0 U -1
10 1 U 9
11 1 U 10
12 1 U 11
13 0 U 12
14 1 U 13
15 1 U 14
16 1 U 15
17 1 U 16
18 1 U -1
19 0 U 18
20 0 U 19
21 1 U 20
22 0 U 21
23 1 U 22
24 1 U 23
25 1 U 24
26 0 U 25
27 0 U -1
28 0 U 27
29 1 U 28
30 1 U 29
31 1 U 30
32 0 U 31
33 0 U 32
34 0 U 33
35 1 U 34
36 0 U -1
37 1 U 36
38 1 U 37
39 0 U 38
40 1 U 39
41 0 U 40
42 1 U 41
43 0 U 42
44 0 U 43
45 0 U -1
46 1 U 45
47 0 U 46
48 1 U 47
49 1 U 48
50 1 U 49
51 0 U 50
52 0 U 51
53 1 U 52
54 1 U -1
55 0 U 54
56 1 U 55
57 0 U 56
58 1 U 57
59 1 U 58
60 0 U 59
61 1 U 60
62 1 U 61
63 0 U -1
64 1 U 63
65 1 U 64
66 0 U 65
67 0 U 66
68 0 U 67
69 1 U 68
70 1 U 69
71 0 U 70
72 1 U -1
73 1 U 72
74 0 U 73
75 0 U 74
76 1 U 75
77 1 U 76
78 1 U 77
79 1 U 78
80 0 U 79
81 1 U -1
82 1 U 81
# score :80 1590962
# W : 753334 , H : 869766
83
0 1 U -1
1 0 U 0
2 0 U 1
3 0 U 2
4 0 U 3
5 1 U 4
6 1 U 5
7 1 U 6
8 0 U 7
9 1 U -1
10 1 U 9
11 0 U 10
12 1 U 11
13 1 U 12
14 0 U 13
15 1 U 14
16 1 U 15
17 0 U 16
18 0 U -1
19 0 U 18
20 0 U 19
21 1 U 20
22 0 U 21
23 1 U 22
24 1 U 23
25 0 U 24
26 1 U 25
27 1 U -1
28 0 U 27
29 1 U 28
30 0 U 29
31 0 U 30
32 0 U 31
33 1 U 32
34 0 U 33
35 1 U 34
36 0 U -1
37 1 U 36
38 1 U 37
39 1 U 38
40 0 U 39
41 0 U 40
42 1 U 41
43 1 U 42
44 1 U 43
45 1 U -1
46 1 U 45
47 0 U 46
48 0 U 47
49 0 U 48
50 0 U 49
51 1 U 50
52 0 U 51
53 0 U 52
54 0 U -1
55 0 U 54
56 0 U 55
57 1 U 56
58 0 U 57
59 1 U 58
60 0 U 59
61 0 U 60
62 0 U 61
63 0 U -1
64 0 U 63
65 0 U 64
66 0 U 65
67 1 U 66
68 1 U 67
69 0 U 68
70 0 U 69
71 0 U 70
72 1 U -1
73 0 U 72
74 1 U 73
75 0 U 74
76 0 U 75
77 0 U 76
78 1 U 77
79 0 U 78
80 0 U 79
81 0 U -1
82 1 U 81
# score :81 1551639
# W : 726682 , H : 826650
83
0 1 U -1
1 1 U 0
2 1 U 1
3 1 U 2
4 0 U 3
5 1 U 4
6 0 U 5
7 1 U 6
8 0 U 7
9 1 U -1
10 1 U 9
11 0 U 10
12 1 U 11
13 0 U 12
14 1 U 13
15 0 U 14
16 0 U 15
17 0 U 16
18 1 U -1
19 1 U 18
20 0 U 19
21 1 U 20
22 0 U 21
23 1 U 22
24 0 U 23
25 1 U 24
26 1 U 25
27 1 U -1
28 1 U 27
29 1 U 28
30 0 U 29
31 0 U 30
32 0 U 31
33 0 U 32
34 1 U 33
35 1 U 34
36 0 U -1
37 1 U 36
38 1 U 37
39 1 U 38
40 1 U 39
41 1 U 40
42 0 U 41
43 1 U 42
44 1 U 43
45 0 U -1
46 0 U 45
47 0 U 46
48 1 U 47
49 0 U 48
50 1 U 49
51 0 U 50
52 1 U 51
53 0 U 52
54 0 U -1
55 1 U 54
56 0 U 55
57 1 U 56
58 0 U 57
59 1 U 58
60 1 U 59
61 1 U 60
62 0 U 61
63 0 U -1
64 1 U 63
65 1 U 64
66 0 U 65
67 1 U 66
68 1 U 67
69 1 U 68
70 0 U 69
71 1 U 70
72 1 U -1
73 1 U 72
74 0 U 73
75 1 U 74
76 0 U 75
77 0 U 76
78 1 U 77
79 1 U 78
80 0 U 79
81 1 L 72
82 1 L 73
# score :82 1558553
# W : 678243 , H : 826179
83
0 1 U -1
1 1 U 0
2 0 U 1
3 0 U 2
4 1 U 3
5 0 U 4
6 0 U 5
7 1 U 6
8 1 U 7
9 1 U -1
10 0 U 9
11 0 U 10
12 1 U 11
13 0 U 12
14 0 U 13
15 1 U 14
16 0 U 15
17 0 U 16
18 1 U -1
19 1 U 18
20 1 U 19
21 0 U 20
22 0 U 21
23 0 U 22
24 1 U 23
25 0 U 24
26 1 U 25
27 1 U -1
28 0 U 27
29 1 U 28
30 1 U 29
31 0 U 30
32 0 U 31
33 1 U 32
34 0 U 33
35 0 U 34
36 0 U -1
37 1 U 36
38 1 U 37
39 1 U 38
40 0 U 39
41 0 U 40
42 1 U 41
43 1 U 42
44 1 U 43
45 0 U -1
46 0 U 45
47 0 U 46
48 0 U 47
49 0 U 48
50 1 U 49
51 1 U 50
52 1 U 51
53 1 U 52
54 1 U -1
55 1 U 54
56 1 U 55
57 1 U 56
58 1 U 57
59 1 U 58
60 1 U 59
61 1 U 60
62 0 U 61
63 1 U -1
64 0 U 63
65 0 U 64
66 1 U 65
67 1 U 66
68 0 U 67
69 0 U 68
70 0 U 69
71 0 U 70
72 0 U -1
73 0 U 72
74 0 U 73
75 0 U 74
76 1 U 75
77 1 U 76
78 0 U 77
79 1 U 78
80 0 U 79
81 0 L 72
82 0 L 73
# score :83 1582527
# W : 683459 , H : 851793
83
0 0 U -1
1 1 U 0
2 1 U 1
3 0 U 2
4 0 U 3
5 1 U 4
6 1 U 5
7 1 U 6
8 1 U 7
9 0 U -1
10 0 U 9
11 1 U 10
12 1 U 11
13 0 U 12
14 1 U 13
15 1 U 14
16 0 U 15
17 1 U 16
18 1 U -1
19 0 U 18
20 0 U 19
21 1 U 20
22 1 U 21
23 0 U 22
24 0 U 23
25 1 U 24
26 0 U 25
27 1 U -1
28 1 U 27
29 1 U 28
30 1 U 29
31 0 U 30
32 1 U 31
33 1 U 32
34 0 U 33
35 0 U 34
36 0 U -1
37 1 U 36
38 0 U 37
39 0 U 38
40 0 U 39
41 0 U 40
42 0 U 41
43 0 U 42
44 0 U 43
45 0 U -1
46 1 U 45
47 0 U 46
48 0 U 47
49 1 U 48
50 1 U 49
51 1 U 50
52 0 U 51
53 1 U 52
54 1 U -1
55 1 U 54
56 0 U 55
57 0 U 56
58 0 U 57
59 1 U 58
60 1 U 59
61 0 U 60
62 0 U 61
63 1 U -1
64 0 U 63
65 1 U 64
66 1 U 65
67 1 U 66
68 1 U 67
69 1 U 68
70 1 U 69
71 0 U 70
72 0 U -1
73 1 U 72
74 1 U 73
75 1 U 74
76 1 U 75
77 1 U 76
78 1 U 77
79 0 U 78
80 0 U 79
81 0 L 63
82 0 L 64
# score :84 1521787
# W : 701170 , H : 748278
83
0 1 U -1
1 0 U 0
2 0 U 1
3 1 U 2
4 0 U 3
5 0 U 4
6 0 U 5
7 0 U 6
8 0 U 7
9 0 U -1
10 0 U 9
11 1 U 10
12 1 U 11
13 0 U 12
14 0 U 13
15 1 U 14
16 0 U 15
17 0 U 16
18 0 U -1
19 1 U 18
20 1 U 19
21 0 U 20
22 0 U 21
23 1 U 22
24 0 U 23
25 0 U 24
26 1 U 25
27 0 U -1
28 1 U 27
29 1 U 28
30 0 U 29
31 1 U 30
32 0 U 31
33 0 U 32
34 1 U 33
35 0 U 34
36 0 U -1
37 1 U 36
38 1 U 37
39 1 U 38
40 0 U 39
41 1 U 40
42 1 U 41
43 1 U 42
44 1 U 43
45 0 U -1
46 1 U 45
47 0 U 46
48 0 U 47
49 0 U 48
50 1 U 49
51 1 U 50
52 1 U 51
53 1 U 52
54 1 U -1
55 0 U 54
56 0 U 55
57 1 U 56
58 0 U 57
59 1 U 58
60 0 U 59
61 0 U 60
62 0 U 61
63 0 U -1
64 0 U 63
65 1 U 64
66 0 U 65
67 1 U 66
68 1 U 67
69 0 U 68
70 1 U 69
71 0 U 70
72 1 U -1
73 0 U 72
74 0 U 73
75 0 U 74
76 1 U 75
77 1 U 76
78 0 U 77
79 1 U 78
80 1 U 79
81 1 L 63
82 0 L 64
# score :85 1551127
# W : 728973 , H : 795655
83
0 0 U -1
1 0 U 0
2 1 U 1
3 1 U 2
4 1 U 3
5 1 U 4
6 1 U 5
7 1 U 6
8 0 U 7
9 1 U -1
10 0 U 9
11 1 U 10
12 0 U 11
13 1 U 12
14 0 U 13
15 1 U 14
16 1 U 15
17 0 U 16
18 1 U -1
19 1 U 18
20 0 U 19
21 1 U 20
22 1 U 21
23 1 U 22
24 0 U 23
25 1 U 24
26 0 U 25
27 1 U -1
28 1 U 27
29 0 U 28
30 0 U 29
31 0 U 30
32 0 U 31
33 1 U 32
34 1 U 33
35 0 U 34
36 1 U -1
37 1 U 36
38 1 U 37
39 1 U 38
40 1 U 39
41 1 U 40
42 1 U 41
43 0 U 42
44 1 U 43
45 0 U -1
46 1 U 45
47 1 U 46
48 1 U 47
49 1 U 48
50 1 U 49
51 0 U 50
52 1 U 51
53 1 U 52
54 1 U -1
55 1 U 54
56 0 U 55
57 1 U 56
58 1 U 57
59 1 U 58
60 1 U 59
61 1 U 60
62 1 U 61
63 1 U -1
64 0 U 63
65 1 U 64
66 1 U 65
67 0 U 66
68 0 U 67
69 0 U 68
70 0 U 69
71 1 U 70
72 1 U -1
73 0 U 72
74 0 U 73
75 0 U 74
76 1 U 75
77 1 U 76
78 0 U 77
79 0 U 78
80 0 U 79
81 0 L 63
82 0 L 64
# score :86 1516007
# W : 678328 , H : 782346
83
0 0 U -1
1 0 U 0
2 0 U 1
3 1 U 2
4 0 U 3
5 1 U 4
6 0 U 5
7 0 U 6
8 0 U 7
9 1 U -1
10 0 U 9
11 1 U 10
12 0 U 11
13 1 U 12
14 1 U 13
15 1 U 14
16 1 U 15
17 0 U 16
18 0 U -1
19 1 U 18
20 0 U 19
21 0 U 20
22 0 U 21
23 1 U 22
24 1 U 23
25 0 U 24
26 1 U 25
27 0 U -1
28 1 U 27
29 0 U 28
30 0 U 29
31 1 U 30
32 0 U 31
33 0 U 32
34 0 U 33
35 0 U 34
36 1 U -1
37 1 U 36
38 0 U 37
39 1 U 38
40 0 U 39
41 0 U 40
42 0 U 41
43 1 U 42
44 0 U 43
45 1 U -1
46 0 U 45
47 1 U 46
48 1 U 47
49 1 U 48
50 1 U 49
51 0 U 50
52 0 U 51
53 1 U 52
54 0 U -1
55 0 U 54
56 1 U 55
57 1 U 56
58 0 U 57
59 1 U 58
60 0 U 59
61 0 U 60
62 1 U 61
63 1 U -1
64 0 U 63
65 0 U 64
66 0 U 65
67 0 U 66
68 0 U 67
69 0 U 68
70 0 U 69
71 0 U 70
72 0 U -1
73 0 U 72
74 0 U 73
75 1 U 74
76 1 U 75
77 0 U 76
78 1 U 77
79 0 U 78
80 0 U 79
81 0 L 63
82 1 L 64
# score :87 1528601
# W : 783527 , H : 759369
83
0 0 U -1
1 0 U 0
2 1 U 1
3 0 U 2
4 1 U 3
5 1 U 4
6 0 U 5
7 0 U 6
8 0 U 7
9 0 U -1
10 1 U 9
11 1 U 10
12 0 U 11
13 0 U 12
14 1 U 13
15 0 U 14
16 0 U 15
17 0 U 16
18 0 U -1
19 1 U 18
20 1 U 19
21 1 U 20
22 0 U 21
23 0 U 22
24 0 U 23
25 0 U 24
26 0 U 25
27 0 U -1
28 1 U 27
29 0 U 28
30 0 U 29
31 1 U 30
32 0 U 31
33 1 U 32
34 1 U 33
35 1 U 34
36 1 U -1
37 1 U 36
38 0 U 37
39 0 U 38
40 0 U 39
41 1 U 40
42 0 U 41
43 0 U 42
44 1 U 43
45 0 U -1
46 1 U 45
47 0 U 46
48 1 U 47
49 0 U 48
50 0 U 49
51 0 U 50
52 0 U 51
53 1 U 52
54 0 U -1
55 1 U 54
56 0 U 55
57 0 U 56
58 1 U 57
59 0 U 58
60 1 U 59
61 1 U 60
62 1 U 61
63 1 U -1
64 0 U 63
65 1 U 64
66 1 U 65
67 1 U 66
68 1 U 67
69 0 U 68
70 0 U 69
71 0 U 70
72 1 U -1
73 1 U 72
74 1 U 73
75 1 U 74
76 1 U 75
77 1 U 76
78 0 U 77
79 1 U 78
80 0 U 79
81 0 U -1
82 0 U 81
# score :88 1640444
# W : 723222 , H : 822494
83
0 0 U -1
1 1 U 0
2 0 U 1
3 0 U 2
4 0 U 3
5 1 U 4
6 0 U 5
7 1 U 6
8 1 U 7
9 1 U -1
10 1 U 9
11 1 U 10
12 0 U 11
13 0 U 12
14 1 U 13
15 1 U 14
16 0 U 15
17 1 U 16
18 0 U -1
19 1 U 18
20 1 U 19
21 1 U 20
22 1 U 21
23 1 U 22
24 0 U 23
25 0 U 24
26 1 U 25
27 0 U -1
28 0 U 27
29 0 U 28
30 1 U 29
31 0 U 30
32 0 U 31
33 1 U 32
34 1 U 33
35 0 U 34
36 0 U -1
37 1 U 36
38 1 U 37
39 1 U 38
40 1 U 39
41 0 U 40
42 0 U 41
43 1 U 42
44 1 U 43
45 0 U -1
46 0 U 45
47 1 U 46
48 1 U 47
49 1 U 48
50 1 U 49
51 1 U 50
52 0 U 51
53 1 U 52
54 1 U -1
55 0 U 54
56 1 U 55
57 1 U 56
58 1 U 57
59 1 U 58
60 1 U 59
61 0 U 60
62 0 U 61
63 1 U -1
64 1 U 63
65 0 U 64
66 1 U 65
67 0 U 66
68 0 U 67
69 0 U 68
70 0 U 69
71 0 U 70
72 1 U -1
73 1 U 72
74 0 U 73
75 0 U 74
76 0 U 75
77 1 U 76
78 1 U 77
79 1 U 78
80 1 U 79
81 1 U -1
82 1 U 81
# score :89 1562643
# W : 671643 , H : 860845
83
0 0 U -1
1 0 U 0
2 0 U 1
3 0 U 2
4 0 U 3
5 0 U 4
6 1 U 5
7 1 U 6
8 0 U 7
9 1 U -1
10 0 U 9
11 0 U 10
12 1 U 11
13 0 U 12
14 0 U 13
15 0 U 14
16 1 U 15
17 1 U 16
18 1 U -1
19 0 U 18
20 0 U 19
21 1 U 20
22 0 U 21
23 0 U 22
24 1 U 23
25 0 U 24
26 0 U 25
27 0 U -1
28 1 U 27
29 0 U 28
30 1 U 29
31 0 U 30
32 0 U 31
33 0 U 32
34 0 U 33
35 1 U 34
36 1 U -1
37 1 U 36
38 0 U 37
39 0 U 38
40 1 U 39
41 0 U 40
42 0 U 41
43 1 U 42
44 1 U 43
45 0 U -1
46 1 U 45
47 0 U 46
48 1 U 47
49 1 U 48
50 0 U 49
51 1 U 50
52 1 U 51
53 0 U 52
54 0 U -1
55 0 U 54
56 1 U 55
57 0 U 56
58 0 U 57
59 0 U 58
60 1 U 59
61 0 U 60
62 0 U 61
63 1 U -1
64 0 U 63
65 1 U 64
66 0 U 65
67 1 U 66
68 0 U 67
69 0 U 68
70 0 U 69
71 0 U 70
72 0 U -1
73 0 U 72
74 0 U 73
75 1 U 74
76 1 U 75
77 0 U 76
78 0 U 77
79 0 U 78
80 0 U 79
81 1 L 72
82 1 L 73
# score :90 1543957
# W : 764172 , H : 780872
83
0 1 U -1
1 0 U 0
2 1 U 1
3 1 U 2
4 1 U 3
5 0 U 4
6 0 U 5
7 1 U 6
8 1 U 7
9 0 U -1
10 0 U 9
11 1 U 10
12 0 U 11
13 0 U 12
14 1 U 13
15 0 U 14
16 0 U 15
17 0 U 16
18 0 U -1
19 1 U 18
20 0 U 19
21 1 U 20
22 1 U 21
23 0 U 22
24 0 U 23
25 1 U 24
26 1 U 25
27 0 U -1
28 0 U 27
29 0 U 28
30 0 U 29
31 1 U 30
32 1 U 31
33 1 U 32
34 1 U 33
35 0 U 34
36 1 U -1
37 0 U 36
38 1 U 37
39 1 U 38
40 0 U 39
41 0 U 40
42 0 U 41
43 1 U 42
44 1 U 43
45 1 U -1
46 0 U 45
47 1 U 46
48 1 U 47
49 1 U 48
50 0 U 49
51 1 U 50
52 1 U 51
53 0 U 52
54 0 U -1
55 0 U 54
56 0 U 55
57 1 U 56
58 1 U 57
59 0 U 58
60 0 U 59
61 0 U 60
62 0 U 61
63 0 U -1
64 0 U 63
65 1 U 64
66 0 U 65
67 0 U 66
68 1 U 67
69 0 U 68
70 1 U 69
71 0 U 70
72 0 U -1
73 0 U 72
74 1 U 73
75 0 U 74
76 1 U 75
77 0 U 76
78 1 U 77
79 1 U 78
80 1 U 79
81 1 L 72
82 0 L 73
# score :91 1605354
# W : 735553 , H : 833310
83
0 0 U -1
1 0 U 0
2 0 U 1
3 0 U 2
4 0 U 3
5 0 U 4
6 1 U 5
7 0 U 6
8 1 U 7
9 0 U -1
10 0 U 9
11 0 U 10
12 1 U 11
13 1 U 12
14 1 U 13
15 0 U 14
16 1 U 15
17 0 U 16
18 1 U -1
19 1 U 18
20 0 U 19
21 1 U 20
22 1 U 21
23 1 U 22
24 1 U 23
25 0 U 24
26 0 U 25
27 1 U -1
28 1 U 27
29 0 U 28
30 0 U 29
31 0 U 30
32 1 U 31
33 0 U 32
34 0 U 33
35 0 U 34
36 0 U -1
37 1 U 36
38 0 U 37
39 0 U 38
40 0 U 39
41 1 U 40
42 0 U 41
43 1 U 42
44 1 U 43
45 0 U -1
46 0 U 45
47 1 U 46
48 0 U 47
49 0 U 48
50 1 U 49
51 0 U 50
52 1 U 51
53 1 U 52
54 1 U -1
55 0 U 54
56 1 U 55
57 0 U 56
58 0 U 57
59 1 U 58
60 0 U 59
61 0 U 60
62 1 U 61
63 0 U -1
64 1 U 63
65 0 U 64
66 0 U 65
67 1 U 66
68 1 U 67
69 0 U 68
70 0 U 69
71 0 U 70
72 1 U -1
73 0 U 72
74 1 U 73
75 1 U 74
76 1 U 75
77 1 U 76
78 1 U 77
79 1 U 78
80 0 U 79
81 0 L 63
82 1 L 64
# score :92 1514857
# W : 695197 , H : 793617
83
0 1 U -1
1 0 U 0
2 1 U 1
3 1 U 2
4 1 U 3
5 0 U 4
6 1 U 5
7 1 U 6
8 0 U 7
9 1 U -1
10 0 U 9
11 1 U 10
12 1 U 11
13 1 U 12
14 0 U 13
15 1 U 14
16 1 U 15
17 1 U 16
18 1 U -1
19 1 U 18
20 0 U 19
21 0 U 20
22 0 U 21
23 0 U 22
24 1 U 23
25 1 U 24
26 0 U 25
27 0 U -1
28 0 U 27
29 1 U 28
30 1 U 29
31 1 U 30
32 1 U 31
33 0 U 32
34 0 U 33
35 1 U 34
36 0 U -1
37 1 U 36
38 1 U 37
39 1 U 38
40 0 U 39
41 0 U 40
42 0 U 41
43 1 U 42
44 0 U 43
45 0 U -1
46 1 U 45
47 0 U 46
48 0 U 47
49 1 U 48
50 0 U 49
51 0 U 50
52 0 U 51
53 0 U 52
54 1 U -1
55 1 U 54
56 0 U 55
57 1 U 56
58 1 U 57
59 1 U 58
60 1 U 59
61 1 U 60
62 0 U 61
63 0 U -1
64 1 U 63
65 1 U 64
66 1 U 65
67 0 U 66
68 0 U 67
69 0 U 68
70 0 U 69
71 0 U 70
72 0 U -1
73 0 U 72
74 0 U 73
75 1 U 74
76 1 U 75
77 1 U 76
78 1 U 77
79 0 U 78
80 0 U 79
81 1 L 63
82 1 L 64
# score :93 1551828
# W : 714627 , H : 769629
83
0 0 U -1
1 1 U 0
2 0 U 1
3 0 U 2
4 1 U 3
5 0 U 4
6 0 U 5
7 1 U 6
8 0 U 7
9 0 U -1
10 1 U 9
11 0 U 10
12 0 U 11
13 0 U 12
14 1 U 13
15 1 U 14
16 1 U 15
17 0 U 16
18 1 U -1
19 0 U 18
20 1 U 19
21 0 U 20
22 0 U 21
23 0 U 22
24 1 U 23
25 0 U 24
26 1 U 25
27 0 U -1
28 0 U 27
29 1 U 28
30 1 U 29
31 0 U 30
32 0 U 31
33 1 U 32
34 1 U 33
35 1 U 34
36 0 U -1
37 1 U 36
38 1 U 37
39 0 U 38
40 0 U 39
41 1 U 40
42 0 U 41
43 0 U 42
44 0 U 43
45 1 U -1
46 0 U 45
47 0 U 46
48 0 U 47
49 0 U 48
50 1 U 49
51 0 U 50
52 1 U 51
53 0 U 52
54 0 U -1
55 1 U 54
56 0 U 55
57 0 U 56
58 1 U 57
59 1 U 58
60 1 U 59
61 1 U 60
62 1 U 61
63 1 U -1
64 0 U 63
65 1 U 64
66 1 U 65
67 1 U 66
68 0 U 67
69 0 U 68
70 1 U 69
71 0 U 70
72 1 U -1
73 0 U 72
74 0 U 73
75 0 U 74
76 0 U 75
77 0 U 76
78 0 U 77
79 0 U 78
80 1 U 79
81 0 L 63
82 1 L 64
# score :94 1514373
# W : 744838 , H : 724080
83
0 1 U -1
1 0 U 0
2 1 U 1
3 0 U 2
4 0 U 3
5 0 U 4
6 0 U 5
7 0 U 6
8 1 U 7
9 0 U -1
10 1 U 9
11 0 U 10
12 0 U 11
13 0 U 12
14 0 U 13
15 1 U 14
16 0 U 15
17 0 U 16
18 0 U -1
19 0 U 18
20 1 U 19
21 1 U 20
22 1 U 21
23 1 U 22
24 1 U 23
25 0 U 24
26 0 U 25
27 0 U -1
28 1 U 27
29 1 U 28
30 1 U 29
31 0 U 30
32 1 U 31
33 0 U 32
34 1 U 33
35 0 U 34
36 1 U -1
37 0 U 36
38 1 U 37
39 0 U 38
40 1 U 39
41 1 U 40
42 1 U 41
43 0 U 42
44 1 U 43
45 1 U -1
46 0 U 45
47 1 U 46
48 0 U 47
49 1 U 48
50 0 U 49
51 1 U 50
52 1 U 51
53 1 U 52
54 0 U -1
55 1 U 54
56 0 U 55
57 1 U 56
58 1 U 57
59 1 U 58
60 0 U 59
61 0 U 60
62 0 U 61
63 0 U -1
64 1 U 63
65 1 U 64
66 1 U 65
67 0 U 66
68 1 U 67
69 1 U 68
70 1 U 69
71 0 U 70
72 0 U -1
73 1 U 72
74 0 U 73
75 1 U 74
76 0 U 75
77 1 U 76
78 0 U 77
79 1 U 78
80 1 U 79
81 1 L 63
82 0 L 64
# score :95 1532381
# W : 750509 , H : 759798
83
0 0 U -1
1 1 U 0
2 0 U 1
3 1 U 2
4 1 U 3
5 1 U 4
6 0 U 5
7 0 U 6
8 1 U 7
9 1 U -1
10 0 U 9
11 1 U 10
12 0 U 11
13 1 U 12
14 0 U 13
15 0 U 14
16 1 U 15
17 1 U 16
18 0 U -1
19 0 U 18
20 1 U 19
21 1 U 20
22 1 U 21
23 1 U 22
24 1 U 23
25 1 U 24
26 1 U 25
27 1 U -1
28 1 U 27
29 1 U 28
30 0 U 29
31 1 U 30
32 1 U 31
33 1 U 32
34 0 U 33
35 0 U 34
36 0 U -1
37 0 U 36
38 1 U 37
39 0 U 38
40 1 U 39
41 0 U 40
42 1 U 41
43 0 U 42
44 1 U 43
45 1 U -1
46 0 U 45
47 1 U 46
48 1 U 47
49 1 U 48
50 0 U 49
51 1 U 50
52 0 U 51
53 0 U 52
54 1 U -1
55 0 U 54
56 0 U 55
57 1 U 56
58 1 U 57
59 0 U 58
60 1 U 59
61 0 U 60
62 1 U 61
63 1 U -1
64 0 U 63
65 1 U 64
66 0 U 65
67 1 U 66
68 1 U 67
69 1 U 68
70 1 U 69
71 1 U 70
72 1 U -1
73 1 U 72
74 1 U 73
75 0 U 74
76 0 U 75
77 1 U 76
78 1 U 77
79 0 U 78
80 1 U 79
81 0 U -1
82 1 U 81
# score :96 1625784
# W : 715784 , H : 828147
83
0 1 U -1
1 0 U 0
2 0 U 1
3 0 U 2
4 0 U 3
5 0 U 4
6 1 U 5
7 1 U 6
8 1 U 7
9 0 U -1
10 1 U 9
11 1 U 10
12 0 U 11
13 1 U 12
14 0 U 13
15 0 U 14
16 1 U 15
17 0 U 16
18 0 U -1
19 1 U 18
20 0 U 19
21 1 U 20
22 1 U 21
23 1 U 22
24 1 U 23
25 1 U 24
26 1 U 25
27 1 U -1
28 0 U 27
29 1 U 28
30 1 U 29
31 1 U 30
32 1 U 31
33 0 U 32
34 1 U 33
35 0 U 34
36 1 U -1
37 0 U 36
38 0 U 37
39 0 U 38
40 1 U 39
41 0 U 40
42 0 U 41
43 1 U 42
44 0 U 43
45 1 U -1
46 0 U 45
47 1 U 46
48 1 U 47
49 0 U 48
50 0 U 49
51 1 U 50
52 0 U 51
53 1 U 52
54 1 U -1
55 1 U 54
56 0 U 55
57 0 U 56
58 1 U 57
59 0 U 58
60 1 U 59
61 1 U 60
62 0 U 61
63 0 U -1
64 1 U 63
65 1 U 64
66 1 U 65
67 1 U 66
68 0 U 67
69 0 U 68
70 0 U 69
71 1 U 70
72 1 U -1
73 0 U 72
74 0 U 73
75 1 U 74
76 1 U 75
77 1 U 76
78 0 U 77
79 1 U 78
80 1 U 79
81 0 U -1
82 0 U 81
# score :97 1664356
# W : 740716 , H : 880422
83
0 1 U -1
1 0 U 0
2 0 U 1
3 0 U 2
4 0 U 3
5 1 U 4
6 1 U 5
7 1 U 6
8 0 U 7
9 0 U -1
10 0 U 9
11 0 U 10
12 1 U 11
13 0 U 12
14 1 U 13
15 0 U 14
16 1 U 15
17 0 U 16
18 0 U -1
19 1 U 18
20 1 U 19
21 0 U 20
22 1 U 21
23 1 U 22
24 1 U 23
25 1 U 24
26 1 U 25
27 0 U -1
28 1 U 27
29 0 U 28
30 0 U 29
31 1 U 30
32 0 U 31
33 1 U 32
34 1 U 33
35 0 U 34
36 1 U -1
37 1 U 36
38 0 U 37
39 1 U 38
40 0 U 39
41 0 U 40
42 1 U 41
43 0 U 42
44 1 U 43
45 0 U -1
46 1 U 45
47 1 U 46
48 1 U 47
49 0 U 48
50 1 U 49
51 1 U 50
52 0 U 51
53 1 U 52
54 1 U -1
55 1 U 54
56 0 U 55
57 0 U 56
58 1 U 57
59 1 U 58
60 0 U 59
61 1 U 60
62 0 U 61
63 1 U -1
64 1 U 63
65 0 U 64
66 1 U 65
67 1 U 66
68 0 U 67
69 1 U 68
70 1 U 69
71 1 U 70
72 0 U -1
73 1 U 72
74 1 U 73
75 1 U 74
76 1 U 75
77 1 U 76
78 1 U 77
79 0 U 78
80 0 U 79
81 1 L 72
82 1 L 73
# score :98 1607881
# W : 715409 , H : 842745
83
0 1 U -1
1 1 U 0
2 0 U 1
3 0 U 2
4 0 U 3
5 0 U 4
6 1 U 5
7 1 U 6
8 0 U 7
9 1 U -1
10 1 U 9
11 1 U 10
12 0 U 11
13 0 U 12
14 1 U 13
15 1 U 14
16 1 U 15
17 1 U 16
18 1 U -1
19 1 U 18
20 0 U 19
21 0 U 20
22 0 U 21
23 0 U 22
24 0 U 23
25 1 U 24
26 1 U 25
27 0 U -1
28 0 U 27
29 1 U 28
30 0 U 29
31 1 U 30
32 0 U 31
33 1 U 32
34 0 U 33
35 0 U 34
36 1 U -1
37 0 U 36
38 0 U 37
39 0 U 38
40 0 U 39
41 1 U 40
42 0 U 41
43 1 U 42
44 1 U 43
45 1 U -1
46 0 U 45
47 1 U 46
48 1 U 47
49 0 U 48
50 1 U 49
51 1 U 50
52 1 U 51
53 0 U 52
54 0 U -1
55 1 U 54
56 0 U 55
57 1 U 56
58 0 U 57
59 0 U 58
60 1 U 59
61 0 U 60
62 1 U 61
63 0 U -1
64 1 U 63
65 1 U 64
66 1 U 65
67 0 U 66
68 1 U 67
69 0 U 68
70 1 U 69
71 0 U 70
72 1 U -1
73 1 U 72
74 1 U 73
75 1 U 74
76 0 U 75
77 1 U 76
78 1 U 77
79 0 U 78
80 0 U 79
81 0 L 72
82 0 L 73
# score :99 1641889
# W : 725247 , H : 811728
83
0 0 U -1
1 1 U 0
2 1 U 1
3 0 U 2
4 0 U 3
5 0 U 4
6 0 U 5
7 1 U 6
8 0 U 7
9 1 U -1
10 0 U 9
11 0 U 10
12 1 U 11
13 1 U 12
14 0 U 13
15 1 U 14
16 0 U 15
17 0 U 16
18 0 U -1
19 0 U 18
20 1 U 19
21 1 U 20
22 1 U 21
23 1 U 22
24 0 U 23
25 0 U 24
26 0 U 25
27 0 U -1
28 0 U 27
29 1 U 28
30 0 U 29
31 1 U 30
32 1 U 31
33 0 U 32
34 0 U 33
35 0 U 34
36 0 U -1
37 1 U 36
38 1 U 37
39 0 U 38
40 1 U 39
41 1 U 40
42 1 U 41
43 0 U 42
44 0 U 43
45 0 U -1
46 1 U 45
47 0 U 46
48 0 U 47
49 1 U 48
50 1 U 49
51 1 U 50
52 0 U 51
53 0 U 52
54 1 U -1
55 0 U 54
56 0 U 55
57 0 U 56
58 0 U 57
59 1 U 58
60 0 U 59
61 0 U 60
62 0 U 61
63 1 U -1
64 1 U 63
65 0 U 64
66 1 U 65
67 0 U 66
68 0 U 67
69 1 U 68
70 0 U 69
71 1 U 70
72 1 U -1
73 0 U 72
74 1 U 73
75 1 U 74
76 0 U 75
77 1 U 76
78 0 U 77
79 0 U 78
80 0 U 79
81 0 L 63
82 1 L 64
# score :100 1504135
# W : 785025 , H : 730738
83
0 0 U -1
1 1 U 0
2 0 U 1
3 1 U 2
4 0 U 3
5 0 U 4
6 0 U 5
7 0 U 6
8 0 U 7
9 1 U -1
10 0 U 9
11 0 U 10
12 1 U 11
13 0 U 12
14 1 U 13
15 0 U 14
16 1 U 15
17 0 U 16
18 0 U -1
19 1 U 18
20 1 U 19
21 0 U 20
22 0 U 21
23 0 U 22
24 0 U 23
25 0 U 24
26 0 U 25
27 1 U -1
28 1 U 27
29 1 U 28
30 0 U 29
31 1 U 30
32 0 U 31
33 0 U 32
34 0 U 33
35 0 U 34
36 0 U -1
37 0 U 36
38 1 U 37
39 1 U 38
40 0 U 39
41 1 U 40
42 0 U 41
43 1 U 42
44 0 U 43
45 1 U -1
46 0 U 45
47 1 U 46
48 0 U 47
49 0 U 48
50 1 U 49
51 1 U 50
52 0 U 51
53 0 U 52
54 0 U -1
55 0 U 54
56 0 U 55
57 0 U 56
58 1 U 57
59 1 U 58
60 0 U 59
61 0 U 60
62 0 U 61
63 0 U -1
64 0 U 63
65 1 U 64
66 0 U 65
67 1 U 66
68 1 U 67
69 1 U 68
70 0 U 69
71 1 U 70
72 1 U -1
73 1 U 72
74 0 U 73
75 1 U 74
76 1 U 75
77 1 U 76
78 1 U 77
79 0 U 78
80 1 U 79
81 0 L 63
82 1 L 64
# score :101 1513150
# W : 704391 , H : 765480
83
0 0 U -1
1 1 U 0
2 1 U 1
3 0 U 2
4 1 U 3
5 1 U 4
6 1 U 5
7 1 U 6
8 1 U 7
9 0 U -1
10 1 U 9
11 0 U 10
12 1 U 11
13 1 U 12
14 0 U 13
15 1 U 14
16 0 U 15
17 1 U 16
18 0 U -1
19 0 U 18
20 0 U 19
21 1 U 20
22 1 U 21
23 0 U 22
24 0 U 23
25 0 U 24
26 0 U 25
27 1 U -1
28 0 U 27
29 1 U 28
30 0 U 29
31 0 U 30
32 1 U 31
33 0 U 32
34 1 U 33
35 0 U 34
36 0 U -1
37 0 U 36
38 0 U 37
39 0 U 38
40 1 U 39
41 1 U 40
42 1 U 41
43 0 U 42
44 1 U 43
45 0 U -1
46 0 U 45
47 1 U 46
48 0 U 47
49 0 U 48
50 0 U 49
51 1 U 50
52 1 U 51
53 1 U 52
54 0 U -1
55 1 U 54
56 0 U 55
57 0 U 56
58 1 U 57
59 1 U 58
60 1 U 59
61 1 U 60
62 0 U 61
63 0 U -1
64 1 U 63
65 1 U 64
66 0 U 65
67 0 U 66
68 0 U 67
69 1 U 68
70 1 U 69
71 0 U 70
72 1 U -1
73 0 U 72
74 0 U 73
75 1 U 74
76 1 U 75
77 0 U 76
78 0 U 77
79 0 U 78
80 0 U 79
81 1 L 63
82 1 L 64
# score :102 1494098
# W : 780620 , H : 737632
83
0 0 U -1
1 0 U 0
2 1 U 1
3 1 U 2
4 0 U 3
5 1 U 4
6 0 U 5
7 1 U 6
8 0 U 7
9 0 U -1
10 1 U 9
11 1 U 10
12 1 U 11
13 0 U 12
14 0 U 13
15 1 U 14
16 0 U 15
17 1 U 16
18 0 U -1
19 0 U 18
20 0 U 19
21 1 U 20
22 1 U 21
23 1 U 22
24 0 U 23
25 1 U 24
26 0 U 25
27 0 U -1
28 1 U 27
29 0 U 28
30 0 U 29
31 0 U 30
32 0 U 31
33 1 U 32
34 1 U 33
35 1 U 34
36 0 U -1
37 0 U 36
38 1 U 37
39 1 U 38
40 1 U 39
41 1 U 40
42 1 U 41
43 0 U 42
44 1 U 43
45 1 U -1
46 1 U 45
47 0 U 46
48 1 U 47
49 1 U 48
50 1 U 49
51 0 U 50
52 1 U 51
53 0 U 52
54 0 U -1
55 1 U 54
56 1 U 55
57 1 U 56
58 1 U 57
59 0 U 58
60 1 U 59
61 0 U 60
62 1 U 61
63 0 U -1
64 1 U 63
65 0 U 64
66 1 U 65
67 0 U 66
68 0 U 67
69 0 U 68
70 1 U 69
71 1 U 70
72 0 U -1
73 1 U 72
74 1 U 73
75 1 U 74
76 1 U 75
77 0 U 76
78 1 U 77
79 0 U 78
80 0 U 79
81 1 L 63
82 0 L 64
# score :103 1496033
# W : 676994 , H : 772470
83
0 1 U -1
1 0 U 0
2 0 U 1
3 0 U 2
4 0 U 3
5 0 U 4
6 1 U 5
7 0 U 6
8 0 U 7
9 1 U -1
10 0 U 9
11 0 U 10
12 1 U 11
13 0 U 12
14 1 U 13
15 0 U 14
16 1 U 15
17 1 U 16
18 1 U -1
19 0 U 18
20 1 U 19
21 1 U 20
22 0 U 21
23 1 U 22
24 1 U 23
25 1 U 24
26 1 U 25
27 0 U -1
28 1 U 27
29 1 U 28
30 1 U 29
31 0 U 30
32 1 U 31
33 1 U 32
34 0 U 33
35 0 U 34
36 0 U -1
37 0 U 36
38 0 U 37
39 1 U 38
40 1 U 39
41 1 U 40
42 1 U 41
43 0 U 42
44 0 U 43
45 0 U -1
46 0 U 45
47 0 U 46
48 1 U 47
49 0 U 48
50 0 U 49
51 1 U 50
52 0 U 51
53 1 U 52
54 1 U -1
55 0 U 54
56 0 U 55
57 1 U 56
58 0 U 57
59 0 U 58
60 0 U 59
61 0 U 60
62 0 U 61
63 1 U -1
64 1 U 63
65 0 U 64
66 0 U 65
67 1 U 66
68 0 U 67
69 0 U 68
70 0 U 69
71 1 U 70
72 0 U -1
73 0 U 72
74 1 U 73
75 1 U 74
76 0 U 75
77 0 U 76
78 1 U 77
79 0 U 78
80 1 U 79
81 0 U -1
82 0 U 81
# score :104 1632009
# W : 749370 , H : 852273
83
0 0 U -1
1 1 U 0
2 0 U 1
3 0 U 2
4 0 U 3
5 0 U 4
6 1 U 5
7 0 U 6
8 0 U 7
9 0 U -1
10 1 U 9
11 1 U 10
12 0 U 11
13 1 U 12
14 1 U 13
15 0 U 14
16 1 U 15
17 0 U 16
18 1 U -1
19 1 U 18
20 1 U 19
21 0 U 20
22 1 U 21
23 1 U 22
24 1 U 23
25 1 U 24
26 0 U 25
27 1 U -1
28 1 U 27
29 0 U 28
30 0 U 29
31 1 U 30
32 1 U 31
33 0 U 32
34 0 U 33
35 0 U 34
36 1 U -1
37 1 U 36
38 0 U 37
39 0 U 38
40 0 U 39
41 1 U 40
42 0 U 41
43 0 U 42
44 1 U 43
45 0 U -1
46 1 U 45
47 1 U 46
48 1 U 47
49 0 U 48
50 0 U 49
51 0 U 50
52 0 U 51
53 0 U 52
54 1 U -1
55 0 U 54
56 0 U 55
57 0 U 56
58 0 U 57
59 1 U 58
60 1 U 59
61 0 U 60
62 0 U 61
63 0 U -1
64 1 U 63
65 0 U 64
66 1 U 65
67 1 U 66
68 1 U 67
69 1 U 68
70 1 U 69
71 1 U 70
72 1 U -1
73 1 U 72
74 1 U 73
75 0 U 74
76 0 U 75
77 1 U 76
78 0 U 77
79 0 U 78
80 0 U 79
81 1 U -1
82 1 U 81
# score :105 1586607
# W : 671927 , H : 816923
83
0 1 U -1
1 1 U 0
2 0 U 1
3 0 U 2
4 1 U 3
5 0 U 4
6 0 U 5
7 1 U 6
8 1 U 7
9 0 U -1
10 0 U 9
11 0 U 10
12 1 U 11
13 1 U 12
14 0 U 13
15 1 U 14
16 1 U 15
17 0 U 16
18 0 U -1
19 0 U 18
20 0 U 19
21 1 U 20
22 0 U 21
23 1 U 22
24 0 U 23
25 0 U 24
26 0 U 25
27 0 U -1
28 0 U 27
29 1 U 28
30 1 U 29
31 1 U 30
32 0 U 31
33 1 U 32
34 0 U 33
35 0 U 34
36 0 U -1
37 1 U 36
38 0 U 37
39 0 U 38
40 1 U 39
41 1 U 40
42 0 U 41
43 0 U 42
44 0 U 43
45 0 U -1
46 0 U 45
47 0 U 46
48 1 U 47
49 0 U 48
50 0 U 49
51 1 U 50
52 1 U 51
53 0 U 52
54 1 U -1
55 0 U 54
56 1 U 55
57 0 U 56
58 1 U 57
59 0 U 58
60 0 U 59
61 1 U 60
62 0 U 61
63 0 U -1
64 1 U 63
65 1 U 64
66 0 U 65
67 1 U 66
68 1 U 67
69 1 U 68
70 1 U 69
71 1 U 70
72 1 U -1
73 0 U 72
74 0 U 73
75 0 U 74
76 1 U 75
77 1 U 76
78 1 U 77
79 0 U 78
80 1 U 79
81 1 L 72
82 1 L 73
# score :106 1584089
# W : 712270 , H : 852684
83
0 1 U -1
1 1 U 0
2 1 U 1
3 1 U 2
4 1 U 3
5 0 U 4
6 1 U 5
7 0 U 6
8 1 U 7
9 0 U -1
10 0 U 9
11 0 U 10
12 1 U 11
13 1 U 12
14 1 U 13
15 0 U 14
16 0 U 15
17 0 U 16
18 0 U -1
19 1 U 18
20 0 U 19
21 0 U 20
22 1 U 21
23 1 U 22
24 0 U 23
25 0 U 24
26 0 U 25
27 0 U -1
28 0 U 27
29 1 U 28
30 1 U 29
31 0 U 30
32 1 U 31
33 0 U 32
34 1 U 33
35 0 U 34
36 1 U -1
37 0 U 36
38 0 U 37
39 0 U 38
40 1 U 39
41 0 U 40
42 1 U 41
43 1 U 42
44 1 U 43
45 0 U -1
46 1 U 45
47 1 U 46
48 1 U 47
49 1 U 48
50 0 U 49
51 0 U 50
52 1 U 51
53 1 U 52
54 0 U -1
55 0 U 54
56 1 U 55
57 0 U 56
58 0 U 57
59 0 U 58
60 1 U 59
61 1 U 60
62 0 U 61
63 1 U -1
64 1 U 63
65 0 U 64
66 0 U 65
67 0 U 66
68 0 U 67
69 0 U 68
70 0 U 69
71 1 U 70
72 1 U -1
73 1 U 72
74 0 U 73
75 0 U 74
76 1 U 75
77 1 U 76
78 0 U 77
79 1 U 78
80 0 U 79
81 1 L 72
82 1 L 73
# score :107 1573264
# W : 703953 , H : 823852
83
0 0 U -1
1 0 U 0
2 0 U 1
3 1 U 2
4 0 U 3
5 0 U 4
6 0 U 5
7 1 U 6
8 0 U 7
9 1 U -1
10 0 U 9
11 0 U 10
12 0 U 11
13 0 U 12
14 1 U 13
15 1 U 14
16 0 U 15
17 1 U 16
18 1 U -1
19 0 U 18
20 1 U 19
21 1 U 20
22 1 U 21
23 0 U 22
24 0 U 23
25 0 U 24
26 0 U 25
27 1 U -1
28 1 U 27
29 1 U 28
30 1 U 29
31 1 U 30
32 1 U 31
33 1 U 32
34 1 U 33
35 1 U 34
36 1 U -1
37 0 U 36
38 0 U 37
39 1 U 38
40 0 U 39
41 1 U 40
42 1 U 41
43 1 U 42
44 0 U 43
45 0 U -1
46 0 U 45
47 1 U 46
48 0 U 47
49 1 U 48
50 1 U 49
51 0 U 50
52 1 U 51
53 0 U 52
54 1 U -1
55 0 U 54
56 0 U 55
57 1 U 56
58 0 U 57
59 0 U 58
60 0 U 59
61 0 U 60
62 0 U 61
63 1 U -1
64 0 U 63
65 1 U 64
66 1 U 65
67 1 U 66
68 1 U 67
69 0 U 68
70 1 U 69
71 0 U 70
72 1 U -1
73 1 U 72
74 1 U 73
75 0 U 74
76 0 U 75
77 0 U 76
78 1 U 77
79 1 U 78
80 1 U 79
81 1 L 63
82 0 L 64
# score :108 1570730
# W : 744654 , H : 744023
83
0 0 U -1
1 1 U 0
2 1 U 1
3 1 U 2
4 0 U 3
5 1 U 4
6 0 U 5
7 1 U 6
8 0 U 7
9 0 U -1
10 1 U 9
11 1 U 10
12 0 U 11
13 0 U 12
14 0 U 13
15 1 U 14
16 0 U 15
17 0 U 16
18 0 U -1
19 1 U 18
20 0 U 19
21 0 U 20
22 0 U 21
23 1 U 22
24 0 U 23
25 0 U 24
26 1 U 25
27 0 U -1
28 1 U 27
29 0 U 28
30 0 U 29
31 0 U 30
32 0 U 31
33 1 U 32
34 1 U 33
35 0 U 34
36 0 U -1
37 1 U 36
38 1 U 37
39 0 U 38
40 0 U 39
41 0 U 40
42 0 U 41
43 0 U 42
44 1 U 43
45 0 U -1
46 0 U 45
47 1 U 46
48 1 U 47
49 1 U 48
50 1 U 49
51 0 U 50
52 0 U 51
53 0 U 52
54 0 U -1
55 1 U 54
56 1 U 55
57 1 U 56
58 0 U 57
59 0 U 58
60 1 U 59
61 1 U 60
62 0 U 61
63 1 U -1
64 1 U 63
65 0 U 64
66 1 U 65
67 0 U 66
68 0 U 67
69 1 U 68
70 1 U 69
71 1 U 70
72 1 U -1
73 1 U 72
74 1 U 73
75 0 U 74
76 0 U 75
77 0 U 76
78 1 U 77
79 0 U 78
80 0 U 79
81 0 L 63
82 1 L 64
# score :109 1495693
# W : 715915 , H : 793293
83
0 0 U -1
1 1 U 0
2 1 U 1
3 0 U 2
4 1 U 3
5 0 U 4
6 1 U 5
7 1 U 6
8 0 U 7
9 0 U -1
10 0 U 9
11 0 U 10
12 0 U 11
13 0 U 12
14 0 U 13
15 1 U 14
16 0 U 15
17 1 U 16
18 0 U -1
19 1 U 18
20 1 U 19
21 0 U 20
22 0 U 21
23 0 U 22
24 0 U 23
25 1 U 24
26 0 U 25
27 0 U -1
28 1 U 27
29 0 U 28
30 1 U 29
31 1 U 30
32 1 U 31
33 1 U 32
34 1 U 33
35 1 U 34
36 0 U -1
37 0 U 36
38 0 U 37
39 0 U 38
40 0 U 39
41 0 U 40
42 0 U 41
43 0 U 42
44 1 U 43
45 1 U -1
46 1 U 45
47 0 U 46
48 0 U 47
49 0 U 48
50 0 U 49
51 1 U 50
52 1 U 51
53 1 U 52
54 0 U -1
55 1 U 54
56 1 U 55
57 1 U 56
58 0 U 57
59 0 U 58
60 0 U 59
61 1 U 60
62 1 U 61
63 1 U -1
64 1 U 63
65 0 U 64
66 0 U 65
67 1 U 66
68 1 U 67
69 1 U 68
70 0 U 69
71 0 U 70
72 0 U -1
73 1 U 72
74 0 U 73
75 1 U 74
76 1 U 75
77 0 U 76
78 1 U 77
79 1 U 78
80 1 U 79
81 1 L 63
82 0 L 64
# score :110 1542427
# W : 730729 , H : 748423
83
0 0 U -1
1 1 U 0
2 1 U 1
3 1 U 2
4 1 U 3
5 0 U 4
6 1 U 5
7 0 U 6
8 1 U 7
9 1 U -1
10 1 U 9
11 1 U 10
12 1 U 11
13 0 U 12
14 0 U 13
15 0 U 14
16 1 U 15
17 0 U 16
18 1 U -1
19 1 U 18
20 1 U 19
21 1 U 20
22 1 U 21
23 1 U 22
24 1 U 23
25 1 U 24
26 1 U 25
27 1 U -1
28 1 U 27
29 0 U 28
30 1 U 29
31 0 U 30
32 1 U 31
33 0 U 32
34 0 U 33
35 0 U 34
36 0 U -1
37 0 U 36
38 1 U 37
39 0 U 38
40 0 U 39
41 0 U 40
42 0 U 41
43 0 U 42
44 0 U 43
45 1 U -1
46 1 U 45
47 1 U 46
48 0 U 47
49 1 U 48
50 1 U 49
51 1 U 50
52 1 U 51
53 0 U 52
54 1 U -1
55 0 U 54
56 1 U 55
57 1 U 56
58 1 U 57
59 0 U 58
60 1 U 59
61 0 U 60
62 1 U 61
63 0 U -1
64 1 U 63
65 0 U 64
66 0 U 65
67 0 U 66
68 0 U 67
69 0 U 68
70 0 U 69
71 1 U 70
72 1 U -1
73 1 U 72
74 0 U 73
75 0 U 74
76 0 U 75
77 0 U 76
78 1 U 77
79 0 U 78
80 1 U 79
81 1 L 63
82 0 L 64
# score :111 1508311
# W : 705590 , H : 780169
83
0 1 U -1
1 0 U 0
2 1 U 1
3 0 U 2
4 0 U 3
5 1 U 4
6 1 U 5
7 1 U 6
8 1 U 7
9 0 U -1
10 1 U 9
11 0 U 10
12 1 U 11
13 0 U 12
14 0 U 13
15 0 U 14
16 1 U 15
17 0 U 16
18 1 U -1
19 0 U 18
20 0 U 19
21 0 U 20
22 1 U 21
23 1 U 22
24 1 U 23
25 0 U 24
26 0 U 25
27 1 U -1
28 1 U 27
29 0 U 28
30 1 U 29
31 1 U 30
32 0 U 31
33 1 U 32
34 1 U 33
35 0 U 34
36 1 U -1
37 1 U 36
38 0 U 37
39 0 U 38
40 0 U 39
41 0 U 40
42 1 U 41
43 1 U 42
44 1 U 43
45 0 U -1
46 1 U 45
47 0 U 46
48 1 U 47
49 0 U 48
50 1 U 49
51 1 U 50
52 0 U 51
53 1 U 52
54 1 U -1
55 0 U 54
56 0 U 55
57 0 U 56
58 1 U 57
59 1 U 58
60 1 U 59
61 1 U 60
62 1 U 61
63 0 U -1
64 0 U 63
65 1 U 64
66 1 U 65
67 0 U 66
68 0 U 67
69 0 U 68
70 0 U 69
71 1 U 70
72 1 U -1
73 0 U 72
74 0 U 73
75 1 U 74
76 0 U 75
77 1 U 76
78 0 U 77
79 0 U 78
80 1 U 79
81 1 U -1
82 0 U 81
# score :112 1630409
# W : 706501 , H : 869114
83
0 1 U -1
1 0 U 0
2 0 U 1
3 0 U 2
4 1 U 3
5 0 U 4
6 1 U 5
7 0 U 6
8 0 U 7
9 0 U -1
10 0 U 9
11 0 U 10
12 1 U 11
13 1 U 12
14 0 U 13
15 1 U 14
16 1 U 15
17 0 U 16
18 1 U -1
19 1 U 18
20 1 U 19
21 0 U 20
22 1 U 21
23 0 U 22
24 1 U 23
25 0 U 24
26 1 U 25
27 0 U -1
28 1 U 27
29 1 U 28
30 0 U 29
31 1 U 30
32 0 U 31
33 0 U 32
34 0 U 33
35 1 U 34
36 0 U -1
37 1 U 36
38 1 U 37
39 1 U 38
40 1 U 39
41 1 U 40
42 0 U 41
43 1 U 42
44 1 U 43
45 1 U -1
46 0 U 45
47 0 U 46
48 0 U 47
49 1 U 48
50 0 U 49
51 0 U 50
52 0 U 51
53 0 U 52
54 0 U -1
55 0 U 54
56 1 U 55
57 1 U 56
58 1 U 57
59 1 U 58
60 1 U 59
61 0 U 60
62 0 U 61
63 0 U -1
64 1 U 63
65 0 U 64
66 0 U 65
67 1 U 66
68 1 U 67
69 1 U 68
70 0 U 69
71 1 U 70
72 1 U -1
73 1 U 72
74 1 U 73
75 1 U 74
76 0 U 75
77 0 U 76
78 1 U 77
79 1 U 78
80 1 U 79
81 0 U -1
82 0 U 81
# score :113 1581216
# W : 714448 , H : 856432
