69
0 0 U -1
1 0 U 0
2 0 U 1
3 0 U 2
4 0 U 3
5 0 U 4
6 0 U 5
7 0 U 6
8 0 U -1
9 0 U 8
10 0 U 9
11 0 U 10
12 0 U 11
13 0 U 12
14 0 U 13
15 0 U 14
16 0 U -1
17 0 U 16
18 0 U 17
19 0 U 18
20 0 U 19
21 0 U 20
22 0 U 21
23 0 U 22
24 0 U -1
25 0 U 24
26 0 U 25
27 0 U 26
28 0 U 27
29 0 U 28
30 0 U 29
31 0 U 30
32 0 U -1
33 0 U 32
34 0 U 33
35 0 U 34
36 0 U 35
37 0 U 36
38 0 U 37
39 0 U 38
40 0 U -1
41 0 U 40
42 0 U 41
43 0 U 42
44 0 U 43
45 0 U 44
46 0 U 45
47 0 U 46
48 0 U -1
49 0 U 48
50 0 U 49
51 0 U 50
52 0 U 51
53 0 U 52
54 0 U 53
55 0 U 54
56 0 U -1
57 0 U 56
58 0 U 57
59 0 U 58
60 0 U 59
61 0 U 60
62 0 U 61
63 0 U 62
64 0 U -1
65 0 U 64
66 0 U 65
67 0 U 66
68 0 U 67
# score :0 1393348
# W : 616388 , H : 711391
69
0 0 U -1
1 0 U 0
2 0 U 1
3 0 U 2
4 1 U 3
5 1 U 4
6 0 U 5
7 0 U 6
8 0 U -1
9 1 U 8
10 0 U 9
11 0 U 10
12 0 U 11
13 1 U 12
14 0 U 13
15 1 U 14
16 1 U -1
17 0 U 16
18 1 U 17
19 0 U 18
20 0 U 19
21 1 U 20
22 0 U 21
23 1 U 22
24 1 U -1
25 0 U 24
26 1 U 25
27 1 U 26
28 1 U 27
29 1 U 28
30 0 U 29
31 1 U 30
32 0 U -1
33 0 U 32
34 0 U 33
35 1 U 34
36 0 U 35
37 1 U 36
38 0 U 37
39 0 U 38
40 1 U -1
41 0 U 40
42 0 U 41
43 1 U 42
44 1 U 43
45 0 U 44
46 0 U 45
47 1 U 46
48 0 U -1
49 0 U 48
50 1 U 49
51 1 U 50
52 0 U 51
53 1 U 52
54 0 U 53
55 0 U 54
56 1 U -1
57 1 U 56
58 0 U 57
59 1 U 58
60 0 U 59
61 1 U 60
62 1 U 61
63 0 U 62
64 0 U -1
65 1 U 64
66 0 U 65
67 0 U 66
68 1 U 67
# score :1 1430783
# W : 720015 , H : 653683
69
0 0 U -1
1 0 U 0
2 0 U 1
3 0 U 2
4 0 U 3
5 0 U 4
6 0 U 5
7 0 U 6
8 0 U -1
9 0 U 8
10 0 U 9
11 0 U 10
12 0 U 11
13 0 U 12
14 0 U 13
15 0 U 14
16 0 U -1
17 0 U 16
18 0 U 17
19 0 U 18
20 0 U 19
21 0 U 20
22 0 U 21
23 0 U 22
24 0 U -1
25 0 U 24
26 0 U 25
27 0 U 26
28 0 U 27
29 0 U 28
30 0 U 29
31 0 U 30
32 0 U -1
33 0 U 32
34 0 U 33
35 0 U 34
36 0 U 35
37 0 U 36
38 0 U 37
39 0 U 38
40 0 U -1
41 0 U 40
42 0 U 41
43 0 U 42
44 0 U 43
45 0 U 44
46 0 U 45
47 0 U 46
48 0 U -1
49 0 U 48
50 0 U 49
51 0 U 50
52 0 U 51
53 0 U 52
54 0 U 53
55 0 U 54
56 0 U -1
57 0 U 56
58 0 U 57
59 0 U 58
60 0 U 59
61 0 U 60
62 0 U 61
63 0 U 62
64 0 L 56
65 0 L 57
66 0 L 58
67 0 L 59
68 0 L 60
# score :2 1380567
# W : 729670 , H : 715952
69
0 0 U -1
1 0 U 0
2 0 U 1
3 0 U 2
4 1 U 3
5 1 U 4
6 0 U 5
7 0 U 6
8 0 U -1
9 1 U 8
10 0 U 9
11 0 U 10
12 0 U 11
13 1 U 12
14 0 U 13
15 1 U 14
16 1 U -1
17 0 U 16
18 1 U 17
19 0 U 18
20 0 U 19
21 1 U 20
22 0 U 21
23 1 U 22
24 1 U -1
25 0 U 24
26 1 U 25
27 1 U 26
28 1 U 27
29 1 U 28
30 0 U 29
31 1 U 30
32 0 U -1
33 0 U 32
34 0 U 33
35 1 U 34
36 0 U 35
37 1 U 36
38 0 U 37
39 0 U 38
40 1 U -1
41 0 U 40
42 0 U 41
43 1 U 42
44 1 U 43
45 0 U 44
46 0 U 45
47 1 U 46
48 0 U -1
49 0 U 48
50 1 U 49
51 1 U 50
52 0 U 51
53 1 U 52
54 0 U 53
55 0 U 54
56 1 U -1
57 1 U 56
58 0 U 57
59 1 U 58
60 0 U 59
61 1 U 60
62 1 U 61
63 0 U 62
64 0 L 56
65 1 L 57
66 0 L 58
67 0 L 59
68 1 L 60
# score :3 1403119
# W : 839161 , H : 620595
69
0 0 U -1
1 0 U 0
2 0 U 1
3 0 U 2
4 0 U 3
5 0 U 4
6 0 U 5
7 0 U 6
8 0 U -1
9 0 U 8
10 0 U 9
11 0 U 10
12 0 U 11
13 0 U 12
14 0 U 13
15 0 U 14
16 0 U -1
17 0 U 16
18 0 U 17
19 0 U 18
20 0 U 19
21 0 U 20
22 0 U 21
23 0 U 22
24 0 U -1
25 0 U 24
26 0 U 25
27 0 U 26
28 0 U 27
29 0 U 28
30 0 U 29
31 0 U 30
32 0 U -1
33 0 U 32
34 0 U 33
35 0 U 34
36 0 U 35
37 0 U 36
38 0 U 37
39 0 U 38
40 0 U -1
41 0 U 40
42 0 U 41
43 0 U 42
44 0 U 43
45 0 U 44
46 0 U 45
47 0 U 46
48 0 U -1
49 0 U 48
50 0 U 49
51 0 U 50
52 0 U 51
53 0 U 52
54 0 U 53
55 0 U 54
56 0 U -1
57 0 U 56
58 0 U 57
59 0 U 58
60 0 U 59
61 0 U 60
62 0 U 61
63 0 U 62
64 0 L 48
65 0 L 49
66 0 L 50
67 0 L 51
68 0 L 52
# score :4 1525723
# W : 889810 , H : 637059
69
0 0 U -1
1 0 U 0
2 0 U 1
3 0 U 2
4 1 U 3
5 1 U 4
6 0 U 5
7 0 U 6
8 0 U -1
9 1 U 8
10 0 U 9
11 0 U 10
12 0 U 11
13 1 U 12
14 0 U 13
15 1 U 14
16 1 U -1
17 0 U 16
18 1 U 17
19 0 U 18
20 0 U 19
21 1 U 20
22 0 U 21
23 1 U 22
24 1 U -1
25 0 U 24
26 1 U 25
27 1 U 26
28 1 U 27
29 1 U 28
30 0 U 29
31 1 U 30
32 0 U -1
33 0 U 32
34 0 U 33
35 1 U 34
36 0 U 35
37 1 U 36
38 0 U 37
39 0 U 38
40 1 U -1
41 0 U 40
42 0 U 41
43 1 U 42
44 1 U 43
45 0 U 44
46 0 U 45
47 1 U 46
48 0 U -1
49 0 U 48
50 1 U 49
51 1 U 50
52 0 U 51
53 1 U 52
54 0 U 53
55 0 U 54
56 1 U -1
57 1 U 56
58 0 U 57
59 1 U 58
60 0 U 59
61 1 U 60
62 1 U 61
63 0 U 62
64 0 L 48
65 1 L 49
66 0 L 50
67 0 L 51
68 1 L 52
# score :5 1558035
# W : 1003856 , H : 567043
69
0 0 U -1
1 0 U 0
2 0 U 1
3 0 U 2
4 0 U 3
5 0 U 4
6 0 U 5
7 0 U 6
8 0 U -1
9 0 U 8
10 0 U 9
11 0 U 10
12 0 U 11
13 0 U 12
14 0 U 13
15 0 U 14
16 0 U -1
17 0 U 16
18 0 U 17
19 0 U 18
20 0 U 19
21 0 U 20
22 0 U 21
23 0 U 22
24 0 U -1
25 0 U 24
26 0 U 25
27 0 U 26
28 0 U 27
29 0 U 28
30 0 U 29
31 0 U 30
32 0 U -1
33 0 U 32
34 0 U 33
35 0 U 34
36 0 U 35
37 0 U 36
38 0 U 37
39 0 U 38
40 0 U -1
41 0 U 40
42 0 U 41
43 0 U 42
44 0 U 43
45 0 U 44
46 0 U 45
47 0 U 46
48 0 U -1
49 0 U 48
50 0 U 49
51 0 U 50
52 0 U 51
53 0 U 52
54 0 U 53
55 0 U 54
56 0 U -1
57 0 U 56
58 0 U 57
59 0 U 58
60 0 U 59
61 0 U 60
62 0 U 61
63 0 U 62
64 0 L 48
65 0 L 49
66 0 L 50
67 0 L 51
68 0 L 52
# score :6 1525723
# W : 885867 , H : 646680
69
0 0 U -1
1 0 U 0
2 0 U 1
3 0 U 2
4 1 U 3
5 1 U 4
6 0 U 5
7 0 U 6
8 0 U -1
9 1 U 8
10 0 U 9
11 0 U 10
12 0 U 11
13 1 U 12
14 0 U 13
15 1 U 14
16 1 U -1
17 0 U 16
18 1 U 17
19 0 U 18
20 0 U 19
21 1 U 20
22 0 U 21
23 1 U 22
24 1 U -1
25 0 U 24
26 1 U 25
27 1 U 26
28 1 U 27
29 1 U 28
30 0 U 29
31 1 U 30
32 0 U -1
33 0 U 32
34 0 U 33
35 1 U 34
36 0 U 35
37 1 U 36
38 0 U 37
39 0 U 38
40 1 U -1
41 0 U 40
42 0 U 41
43 1 U 42
44 1 U 43
45 0 U 44
46 0 U 45
47 1 U 46
48 0 U -1
49 0 U 48
50 1 U 49
51 1 U 50
52 0 U 51
53 1 U 52
54 0 U 53
55 0 U 54
56 1 U -1
57 1 U 56
58 0 U 57
59 1 U 58
60 0 U 59
61 1 U 60
62 1 U 61
63 0 U 62
64 0 L 48
65 1 L 49
66 0 L 50
67 0 L 51
68 1 L 52
# score :7 1558035
# W : 995247 , H : 576155
69
0 0 U -1
1 1 U 0
2 0 U 1
3 1 U 2
4 0 U 3
5 1 U 4
6 1 U 5
7 0 U 6
8 1 U -1
9 1 U 8
10 0 U 9
11 0 U 10
12 1 U 11
13 0 U 12
14 0 U 13
15 0 U 14
16 0 U -1
17 1 U 16
18 0 U 17
19 1 U 18
20 0 U 19
21 0 U 20
22 1 U 21
23 0 U 22
24 0 U -1
25 0 U 24
26 1 U 25
27 1 U 26
28 1 U 27
29 0 U 28
30 1 U 29
31 0 U 30
32 1 U -1
33 0 U 32
34 0 U 33
35 1 U 34
36 1 U 35
37 0 U 36
38 1 U 37
39 0 U 38
40 1 U -1
41 0 U 40
42 1 U 41
43 0 U 42
44 1 U 43
45 0 U 44
46 1 U 45
47 1 U 46
48 0 U -1
49 0 U 48
50 1 U 49
51 1 U 50
52 0 U 51
53 0 U 52
54 0 U 53
55 0 U 54
56 0 U -1
57 1 U 56
58 1 U 57
59 1 U 58
60 0 U 59
61 1 U 60
62 1 U 61
63 0 U 62
64 0 U -1
65 1 U 64
66 0 U 65
67 1 U 66
68 0 U 67
# score :8 1392680
# W : 630502 , H : 734105
69
0 1 U -1
1 1 U 0
2 0 U 1
3 0 U 2
4 1 U 3
5 1 U 4
6 1 U 5
7 0 U 6
8 0 U -1
9 0 U 8
10 0 U 9
11 1 U 10
12 1 U 11
13 0 U 12
14 1 U 13
15 1 U 14
16 0 U -1
17 1 U 16
18 0 U 17
19 1 U 18
20 1 U 19
21 0 U 20
22 1 U 21
23 1 U 22
24 0 U -1
25 1 U 24
26 1 U 25
27 0 U 26
28 1 U 27
29 0 U 28
30 0 U 29
31 1 U 30
32 0 U -1
33 0 U 32
34 1 U 33
35 1 U 34
36 0 U 35
37 1 U 36
38 0 U 37
39 0 U 38
40 1 U -1
41 0 U 40
42 1 U 41
43 0 U 42
44 0 U 43
45 1 U 44
46 0 U 45
47 1 U 46
48 0 U -1
49 0 U 48
50 1 U 49
51 0 U 50
52 1 U 51
53 1 U 52
54 1 U 53
55 0 U 54
56 0 U -1
57 0 U 56
58 1 U 57
59 0 U 58
60 1 U 59
61 1 U 60
62 1 U 61
63 0 U 62
64 0 U -1
65 0 U 64
66 1 U 65
67 1 U 66
68 0 U 67
# score :9 1413042
# W : 634924 , H : 730382
69
0 1 U -1
1 0 U 0
2 1 U 1
3 0 U 2
4 0 U 3
5 1 U 4
6 1 U 5
7 1 U 6
8 1 U -1
9 0 U 8
10 0 U 9
11 0 U 10
12 1 U 11
13 0 U 12
14 1 U 13
15 1 U 14
16 0 U -1
17 0 U 16
18 1 U 17
19 0 U 18
20 1 U 19
21 0 U 20
22 0 U 21
23 1 U 22
24 0 U -1
25 0 U 24
26 0 U 25
27 1 U 26
28 1 U 27
29 1 U 28
30 1 U 29
31 1 U 30
32 1 U -1
33 0 U 32
34 0 U 33
35 0 U 34
36 1 U 35
37 0 U 36
38 0 U 37
39 0 U 38
40 1 U -1
41 0 U 40
42 1 U 41
43 0 U 42
44 1 U 43
45 1 U 44
46 0 U 45
47 1 U 46
48 0 U -1
49 1 U 48
50 0 U 49
51 0 U 50
52 0 U 51
53 0 U 52
54 0 U 53
55 1 U 54
56 1 U -1
57 0 U 56
58 1 U 57
59 0 U 58
60 0 U 59
61 0 U 60
62 0 U 61
63 0 U 62
64 1 L 56
65 1 L 57
66 0 L 58
67 0 L 59
68 1 L 60
# score :10 1422442
# W : 630265 , H : 751131
69
0 0 U -1
1 1 U 0
2 0 U 1
3 1 U 2
4 1 U 3
5 0 U 4
6 0 U 5
7 1 U 6
8 0 U -1
9 1 U 8
10 0 U 9
11 1 U 10
12 1 U 11
13 1 U 12
14 1 U 13
15 1 U 14
16 0 U -1
17 1 U 16
18 0 U 17
19 1 U 18
20 0 U 19
21 1 U 20
22 0 U 21
23 1 U 22
24 1 U -1
25 1 U 24
26 1 U 25
27 1 U 26
28 1 U 27
29 0 U 28
30 1 U 29
31 1 U 30
32 1 U -1
33 1 U 32
34 0 U 33
35 1 U 34
36 1 U 35
37 1 U 36
38 1 U 37
39 1 U 38
40 1 U -1
41 1 U 40
42 0 U 41
43 0 U 42
44 1 U 43
45 1 U 44
46 1 U 45
47 1 U 46
48 1 U -1
49 1 U 48
50 0 U 49
51 0 U 50
52 1 U 51
53 1 U 52
54 1 U 53
55 1 U 54
56 1 U -1
57 0 U 56
58 0 U 57
59 0 U 58
60 0 U 59
61 1 U 60
62 1 U 61
63 1 U 62
64 1 L 56
65 1 L 57
66 0 L 58
67 1 L 59
68 1 L 60
# score :11 1537772
# W : 855404 , H : 703001
69
0 0 U -1
1 0 U 0
2 0 U 1
3 0 U 2
4 1 U 3
5 0 U 4
6 1 U 5
7 1 U 6
8 0 U -1
9 0 U 8
10 0 U 9
11 0 U 10
12 0 U 11
13 0 U 12
14 1 U 13
15 1 U 14
16 1 U -1
17 1 U 16
18 0 U 17
19 0 U 18
20 1 U 19
21 1 U 20
22 0 U 21
23 0 U 22
24 0 U -1
25 0 U 24
26 1 U 25
27 1 U 26
28 1 U 27
29 0 U 28
30 1 U 29
31 1 U 30
32 1 U -1
33 0 U 32
34 1 U 33
35 0 U 34
36 0 U 35
37 1 U 36
38 1 U 37
39 0 U 38
40 0 U -1
41 0 U 40
42 0 U 41
43 1 U 42
44 0 U 43
45 0 U 44
46 1 U 45
47 0 U 46
48 1 U -1
49 0 U 48
50 0 U 49
51 0 U 50
52 0 U 51
53 0 U 52
54 1 U 53
55 0 U 54
56 0 U -1
57 0 U 56
58 0 U 57
59 0 U 58
60 1 U 59
61 0 U 60
62 1 U 61
63 0 U 62
64 1 L 48
65 0 L 49
66 0 L 50
67 1 L 51
68 1 L 52
# score :12 1556566
# W : 854633 , H : 645456
69
0 0 U -1
1 0 U 0
2 0 U 1
3 0 U 2
4 1 U 3
5 1 U 4
6 1 U 5
7 1 U 6
8 1 U -1
9 0 U 8
10 1 U 9
11 0 U 10
12 0 U 11
13 0 U 12
14 0 U 13
15 0 U 14
16 1 U -1
17 1 U 16
18 1 U 17
19 0 U 18
20 1 U 19
21 0 U 20
22 0 U 21
23 1 U 22
24 0 U -1
25 0 U 24
26 1 U 25
27 1 U 26
28 1 U 27
29 1 U 28
30 0 U 29
31 1 U 30
32 0 U -1
33 1 U 32
34 1 U 33
35 0 U 34
36 1 U 35
37 1 U 36
38 1 U 37
39 0 U 38
40 1 U -1
41 1 U 40
42 1 U 41
43 1 U 42
44 0 U 43
45 1 U 44
46 1 U 45
47 1 U 46
48 1 U -1
49 0 U 48
50 1 U 49
51 0 U 50
52 0 U 51
53 0 U 52
54 0 U 53
55 0 U 54
56 0 U -1
57 1 U 56
58 1 U 57
59 1 U 58
60 1 U 59
61 1 U 60
62 0 U 61
63 0 U 62
64 0 L 48
65 0 L 49
66 1 L 50
67 1 L 51
68 1 L 52
# score :13 1561646
# W : 910442 , H : 626460
69
0 1 U -1
1 0 U 0
2 0 U 1
3 1 U 2
4 1 U 3
5 0 U 4
6 1 U 5
7 0 U 6
8 0 U -1
9 0 U 8
10 1 U 9
11 1 U 10
12 0 U 11
13 0 U 12
14 1 U 13
15 1 U 14
16 1 U -1
17 0 U 16
18 0 U 17
19 0 U 18
20 0 U 19
21 0 U 20
22 0 U 21
23 0 U 22
24 1 U -1
25 1 U 24
26 1 U 25
27 1 U 26
28 0 U 27
29 1 U 28
30 0 U 29
31 1 U 30
32 1 U -1
33 0 U 32
34 0 U 33
35 1 U 34
36 0 U 35
37 1 U 36
38 1 U 37
39 1 U 38
40 0 U -1
41 1 U 40
42 1 U 41
43 1 U 42
44 0 U 43
45 0 U 44
46 1 U 45
47 0 U 46
48 0 U -1
49 0 U 48
50 0 U 49
51 0 U 50
52 1 U 51
53 1 U 52
54 1 U 53
55 0 U 54
56 0 U -1
57 1 U 56
58 0 U 57
59 0 U 58
60 1 U 59
61 1 U 60
62 0 U 61
63 1 U 62
64 0 L 48
65 0 L 49
66 0 L 50
67 1 L 51
68 0 L 52
# score :14 1497334
# W : 897761 , H : 638328
69
0 1 U -1
1 1 U 0
2 1 U 1
3 0 U 2
4 1 U 3
5 0 U 4
6 1 U 5
7 1 U 6
8 1 U -1
9 0 U 8
10 0 U 9
11 0 U 10
12 1 U 11
13 0 U 12
14 1 U 13
15 1 U 14
16 1 U -1
17 1 U 16
18 1 U 17
19 0 U 18
20 0 U 19
21 1 U 20
22 1 U 21
23 1 U 22
24 1 U -1
25 1 U 24
26 0 U 25
27 0 U 26
28 0 U 27
29 0 U 28
30 1 U 29
31 1 U 30
32 1 U -1
33 0 U 32
34 0 U 33
35 1 U 34
36 1 U 35
37 0 U 36
38 1 U 37
39 0 U 38
40 0 U -1
41 1 U 40
42 1 U 41
43 0 U 42
44 1 U 43
45 1 U 44
46 1 U 45
47 1 U 46
48 1 U -1
49 0 U 48
50 1 U 49
51 0 U 50
52 1 U 51
53 1 U 52
54 1 U 53
55 1 U 54
56 1 U -1
57 0 U 56
58 0 U 57
59 0 U 58
60 1 U 59
61 1 U 60
62 0 U 61
63 0 U 62
64 1 L 48
65 1 L 49
66 0 L 50
67 1 L 51
68 1 L 52
# score :15 1569210
# W : 829508 , H : 655939
69
0 1 U -1
1 0 U 0
2 1 U 1
3 0 U 2
4 1 U 3
5 0 U 4
6 1 U 5
7 1 U 6
8 0 U -1
9 1 U 8
10 1 U 9
11 1 U 10
12 0 U 11
13 1 U 12
14 1 U 13
15 0 U 14
16 1 U -1
17 0 U 16
18 0 U 17
19 0 U 18
20 0 U 19
21 1 U 20
22 0 U 21
23 0 U 22
24 1 U -1
25 0 U 24
26 1 U 25
27 1 U 26
28 0 U 27
29 0 U 28
30 1 U 29
31 0 U 30
32 0 U -1
33 1 U 32
34 1 U 33
35 1 U 34
36 1 U 35
37 1 U 36
38 1 U 37
39 0 U 38
40 1 U -1
41 0 U 40
42 0 U 41
43 0 U 42
44 1 U 43
45 0 U 44
46 0 U 45
47 0 U 46
48 0 U -1
49 1 U 48
50 1 U 49
51 0 U 50
52 1 U 51
53 1 U 52
54 1 U 53
55 0 U 54
56 1 U -1
57 1 U 56
58 1 U 57
59 1 U 58
60 1 U 59
61 0 U 60
62 0 U 61
63 1 U 62
64 1 U -1
65 0 U 64
66 1 U 65
67 1 U 66
68 1 U 67
# score :16 1486689
# W : 685783 , H : 725752
69
0 1 U -1
1 1 U 0
2 1 U 1
3 0 U 2
4 0 U 3
5 0 U 4
6 1 U 5
7 0 U 6
8 0 U -1
9 1 U 8
10 0 U 9
11 1 U 10
12 1 U 11
13 0 U 12
14 0 U 13
15 0 U 14
16 1 U -1
17 0 U 16
18 1 U 17
19 0 U 18
20 0 U 19
21 1 U 20
22 0 U 21
23 1 U 22
24 1 U -1
25 0 U 24
26 0 U 25
27 1 U 26
28 0 U 27
29 0 U 28
30 1 U 29
31 0 U 30
32 0 U -1
33 0 U 32
34 0 U 33
35 0 U 34
36 1 U 35
37 0 U 36
38 1 U 37
39 0 U 38
40 0 U -1
41 1 U 40
42 1 U 41
43 1 U 42
44 1 U 43
45 0 U 44
46 1 U 45
47 0 U 46
48 0 U -1
49 0 U 48
50 0 U 49
51 1 U 50
52 0 U 51
53 0 U 52
54 0 U 53
55 1 U 54
56 0 U -1
57 1 U 56
58 0 U 57
59 0 U 58
60 1 U 59
61 0 U 60
62 0 U 61
63 1 U 62
64 0 U -1
65 0 U 64
66 1 U 65
67 0 U 66
68 1 U 67
# score :17 1555535
# W : 730974 , H : 744230
69
0 1 U -1
1 0 U 0
2 0 U 1
3 1 U 2
4 1 U 3
5 0 U 4
6 0 U 5
7 0 U 6
8 1 U -1
9 0 U 8
10 0 U 9
11 0 U 10
12 0 U 11
13 1 U 12
14 0 U 13
15 1 U 14
16 0 U -1
17 1 U 16
18 1 U 17
19 1 U 18
20 1 U 19
21 0 U 20
22 0 U 21
23 0 U 22
24 1 U -1
25 0 U 24
26 1 U 25
27 0 U 26
28 1 U 27
29 1 U 28
30 0 U 29
31 0 U 30
32 0 U -1
33 1 U 32
34 0 U 33
35 0 U 34
36 1 U 35
37 1 U 36
38 1 U 37
39 0 U 38
40 0 U -1
41 1 U 40
42 0 U 41
43 1 U 42
44 1 U 43
45 0 U 44
46 1 U 45
47 0 U 46
48 1 U -1
49 1 U 48
50 1 U 49
51 1 U 50
52 0 U 51
53 1 U 52
54 0 U 53
55 1 U 54
56 0 U -1
57 0 U 56
58 0 U 57
59 0 U 58
60 1 U 59
61 0 U 60
62 0 U 61
63 0 U 62
64 0 L 56
65 1 L 57
66 1 L 58
67 1 L 59
68 0 L 60
# score :18 1369988
# W : 597482 , H : 741839
69
0 0 U -1
1 0 U 0
2 0 U 1
3 1 U 2
4 1 U 3
5 1 U 4
6 0 U 5
7 0 U 6
8 1 U -1
9 1 U 8
10 1 U 9
11 0 U 10
12 0 U 11
13 0 U 12
14 1 U 13
15 0 U 14
16 1 U -1
17 1 U 16
18 1 U 17
19 0 U 18
20 1 U 19
21 1 U 20
22 0 U 21
23 0 U 22
24 0 U -1
25 1 U 24
26 0 U 25
27 0 U 26
28 1 U 27
29 1 U 28
30 0 U 29
31 1 U 30
32 0 U -1
33 0 U 32
34 0 U 33
35 1 U 34
36 0 U 35
37 0 U 36
38 0 U 37
39 0 U 38
40 1 U -1
41 0 U 40
42 0 U 41
43 0 U 42
44 1 U 43
45 1 U 44
46 0 U 45
47 0 U 46
48 1 U -1
49 0 U 48
50 0 U 49
51 1 U 50
52 1 U 51
53 1 U 52
54 1 U 53
55 0 U 54
56 0 U -1
57 0 U 56
58 0 U 57
59 1 U 58
60 1 U 59
61 0 U 60
62 0 U 61
63 1 U 62
64 0 L 56
65 0 L 57
66 1 L 58
67 1 L 59
68 0 L 60
# score :19 1386436
# W : 814615 , H : 676265
69
0 0 U -1
1 1 U 0
2 1 U 1
3 1 U 2
4 0 U 3
5 1 U 4
6 0 U 5
7 1 U 6
8 0 U -1
9 1 U 8
10 0 U 9
11 0 U 10
12 1 U 11
13 0 U 12
14 0 U 13
15 0 U 14
16 1 U -1
17 0 U 16
18 1 U 17
19 1 U 18
20 0 U 19
21 1 U 20
22 0 U 21
23 0 U 22
24 0 U -1
25 1 U 24
26 0 U 25
27 1 U 26
28 0 U 27
29 1 U 28
30 1 U 29
31 1 U 30
32 1 U -1
33 1 U 32
34 1 U 33
35 1 U 34
36 1 U 35
37 1 U 36
38 0 U 37
39 1 U 38
40 0 U -1
41 1 U 40
42 0 U 41
43 1 U 42
44 1 U 43
45 0 U 44
46 0 U 45
47 1 U 46
48 1 U -1
49 1 U 48
50 1 U 49
51 1 U 50
52 0 U 51
53 1 U 52
54 1 U 53
55 0 U 54
56 0 U -1
57 1 U 56
58 1 U 57
59 1 U 58
60 1 U 59
61 0 U 60
62 0 U 61
63 0 U 62
64 0 L 48
65 0 L 49
66 1 L 50
67 1 L 51
68 1 L 52
# score :20 1489159
# W : 861844 , H : 679892
69
0 0 U -1
1 1 U 0
2 0 U 1
3 1 U 2
4 1 U 3
5 0 U 4
6 0 U 5
7 0 U 6
8 0 U -1
9 1 U 8
10 0 U 9
11 1 U 10
12 1 U 11
13 0 U 12
14 0 U 13
15 1 U 14
16 1 U -1
17 1 U 16
18 1 U 17
19 1 U 18
20 1 U 19
21 1 U 20
22 0 U 21
23 1 U 22
24 1 U -1
25 0 U 24
26 0 U 25
27 0 U 26
28 1 U 27
29 0 U 28
30 1 U 29
31 1 U 30
32 0 U -1
33 1 U 32
34 1 U 33
35 0 U 34
36 1 U 35
37 0 U 36
38 1 U 37
39 0 U 38
40 1 U -1
41 1 U 40
42 0 U 41
43 1 U 42
44 0 U 43
45 1 U 44
46 1 U 45
47 1 U 46
48 0 U -1
49 0 U 48
50 0 U 49
51 0 U 50
52 1 U 51
53 1 U 52
54 0 U 53
55 1 U 54
56 1 U -1
57 0 U 56
58 1 U 57
59 1 U 58
60 0 U 59
61 0 U 60
62 1 U 61
63 0 U 62
64 0 L 48
65 0 L 49
66 1 L 50
67 1 L 51
68 1 L 52
# score :21 1587921
# W : 814112 , H : 663954
69
0 1 U -1
1 1 U 0
2 0 U 1
3 0 U 2
4 0 U 3
5 0 U 4
6 1 U 5
7 1 U 6
8 0 U -1
9 0 U 8
10 1 U 9
11 1 U 10
12 1 U 11
13 0 U 12
14 1 U 13
15 1 U 14
16 1 U -1
17 1 U 16
18 1 U 17
19 0 U 18
20 0 U 19
21 1 U 20
22 1 U 21
23 1 U 22
24 1 U -1
25 0 U 24
26 1 U 25
27 1 U 26
28 0 U 27
29 1 U 28
30 0 U 29
31 0 U 30
32 0 U -1
33 1 U 32
34 0 U 33
35 1 U 34
36 1 U 35
37 1 U 36
38 0 U 37
39 0 U 38
40 1 U -1
41 1 U 40
42 1 U 41
43 0 U 42
44 1 U 43
45 1 U 44
46 0 U 45
47 1 U 46
48 1 U -1
49 0 U 48
50 1 U 49
51 0 U 50
52 0 U 51
53 0 U 52
54 1 U 53
55 0 U 54
56 0 U -1
57 1 U 56
58 0 U 57
59 1 U 58
60 0 U 59
61 1 U 60
62 0 U 61
63 1 U 62
64 0 L 48
65 1 L 49
66 0 L 50
67 1 L 51
68 1 L 52
# score :22 1606585
# W : 900820 , H : 618650
69
0 0 U -1
1 0 U 0
2 0 U 1
3 1 U 2
4 1 U 3
5 1 U 4
6 0 U 5
7 0 U 6
8 0 U -1
9 0 U 8
10 0 U 9
11 0 U 10
12 0 U 11
13 1 U 12
14 1 U 13
15 1 U 14
16 0 U -1
17 0 U 16
18 1 U 17
19 1 U 18
20 1 U 19
21 0 U 20
22 0 U 21
23 0 U 22
24 0 U -1
25 1 U 24
26 1 U 25
27 0 U 26
28 0 U 27
29 0 U 28
30 1 U 29
31 1 U 30
32 0 U -1
33 1 U 32
34 1 U 33
35 1 U 34
36 0 U 35
37 1 U 36
38 0 U 37
39 0 U 38
40 1 U -1
41 0 U 40
42 0 U 41
43 0 U 42
44 1 U 43
45 0 U 44
46 1 U 45
47 1 U 46
48 1 U -1
49 0 U 48
50 1 U 49
51 0 U 50
52 1 U 51
53 0 U 52
54 1 U 53
55 0 U 54
56 1 U -1
57 0 U 56
58 1 U 57
59 1 U 58
60 1 U 59
61 0 U 60
62 1 U 61
63 1 U 62
64 1 L 48
65 0 L 49
66 0 L 50
67 1 L 51
68 1 L 52
# score :23 1498903
# W : 906284 , H : 666614
69
0 0 U -1
1 1 U 0
2 1 U 1
3 1 U 2
4 0 U 3
5 1 U 4
6 1 U 5
7 1 U 6
8 1 U -1
9 1 U 8
10 1 U 9
11 1 U 10
12 1 U 11
13 1 U 12
14 1 U 13
15 0 U 14
16 1 U -1
17 0 U 16
18 0 U 17
19 1 U 18
20 0 U 19
21 1 U 20
22 1 U 21
23 0 U 22
24 0 U -1
25 0 U 24
26 0 U 25
27 1 U 26
28 0 U 27
29 0 U 28
30 0 U 29
31 1 U 30
32 1 U -1
33 0 U 32
34 0 U 33
35 0 U 34
36 1 U 35
37 1 U 36
38 1 U 37
39 1 U 38
40 0 U -1
41 0 U 40
42 0 U 41
43 0 U 42
44 1 U 43
45 0 U 44
46 0 U 45
47 1 U 46
48 0 U -1
49 1 U 48
50 1 U 49
51 0 U 50
52 1 U 51
53 1 U 52
54 0 U 53
55 0 U 54
56 0 U -1
57 1 U 56
58 1 U 57
59 0 U 58
60 0 U 59
61 0 U 60
62 0 U 61
63 0 U 62
64 1 U -1
65 1 U 64
66 0 U 65
67 1 U 66
68 1 U 67
# score :24 1461641
# W : 650532 , H : 743266
69
0 0 U -1
1 1 U 0
2 1 U 1
3 1 U 2
4 0 U 3
5 0 U 4
6 0 U 5
7 1 U 6
8 1 U -1
9 0 U 8
10 1 U 9
11 1 U 10
12 1 U 11
13 0 U 12
14 1 U 13
15 0 U 14
16 0 U -1
17 1 U 16
18 0 U 17
19 0 U 18
20 1 U 19
21 0 U 20
22 1 U 21
23 1 U 22
24 1 U -1
25 1 U 24
26 0 U 25
27 1 U 26
28 1 U 27
29 0 U 28
30 1 U 29
31 0 U 30
32 0 U -1
33 0 U 32
34 1 U 33
35 1 U 34
36 1 U 35
37 0 U 36
38 1 U 37
39 0 U 38
40 1 U -1
41 1 U 40
42 1 U 41
43 1 U 42
44 0 U 43
45 1 U 44
46 1 U 45
47 0 U 46
48 0 U -1
49 0 U 48
50 0 U 49
51 0 U 50
52 1 U 51
53 1 U 52
54 0 U 53
55 1 U 54
56 0 U -1
57 0 U 56
58 1 U 57
59 1 U 58
60 1 U 59
61 0 U 60
62 0 U 61
63 0 U 62
64 1 U -1
65 1 U 64
66 0 U 65
67 1 U 66
68 0 U 67
# score :25 1392455
# W : 585221 , H : 759138
69
0 0 U -1
1 0 U 0
2 0 U 1
3 1 U 2
4 1 U 3
5 0 U 4
6 1 U 5
7 0 U 6
8 0 U -1
9 1 U 8
10 0 U 9
11 1 U 10
12 0 U 11
13 1 U 12
14 1 U 13
15 1 U 14
16 0 U -1
17 1 U 16
18 1 U 17
19 0 U 18
20 0 U 19
21 1 U 20
22 1 U 21
23 1 U 22
24 1 U -1
25 0 U 24
26 1 U 25
27 0 U 26
28 1 U 27
29 1 U 28
30 1 U 29
31 1 U 30
32 0 U -1
33 1 U 32
34 0 U 33
35 0 U 34
36 0 U 35
37 0 U 36
38 0 U 37
39 1 U 38
40 0 U -1
41 1 U 40
42 1 U 41
43 1 U 42
44 0 U 43
45 1 U 44
46 1 U 45
47 1 U 46
48 1 U -1
49 1 U 48
50 0 U 49
51 1 U 50
52 1 U 51
53 1 U 52
54 1 U 53
55 0 U 54
56 1 U -1
57 1 U 56
58 1 U 57
59 0 U 58
60 0 U 59
61 0 U 60
62 1 U 61
63 0 U 62
64 1 L 56
65 0 L 57
66 0 L 58
67 0 L 59
68 0 L 60
# score :26 1422456
# W : 637140 , H : 716919
69
0 0 U -1
1 0 U 0
2 0 U 1
3 1 U 2
4 0 U 3
5 1 U 4
6 1 U 5
7 1 U 6
8 1 U -1
9 0 U 8
10 1 U 9
11 0 U 10
12 0 U 11
13 1 U 12
14 0 U 13
15 0 U 14
16 0 U -1
17 1 U 16
18 1 U 17
19 0 U 18
20 1 U 19
21 0 U 20
22 0 U 21
23 1 U 22
24 0 U -1
25 1 U 24
26 1 U 25
27 1 U 26
28 1 U 27
29 1 U 28
30 0 U 29
31 1 U 30
32 1 U -1
33 0 U 32
34 1 U 33
35 0 U 34
36 0 U 35
37 0 U 36
38 1 U 37
39 0 U 38
40 0 U -1
41 0 U 40
42 0 U 41
43 1 U 42
44 1 U 43
45 1 U 44
46 0 U 45
47 0 U 46
48 0 U -1
49 1 U 48
50 0 U 49
51 1 U 50
52 1 U 51
53 1 U 52
54 0 U 53
55 0 U 54
56 1 U -1
57 0 U 56
58 1 U 57
59 1 U 58
60 0 U 59
61 1 U 60
62 1 U 61
63 0 U 62
64 0 L 56
65 0 L 57
66 0 L 58
67 1 L 59
68 0 L 60
# score :27 1412929
# W : 688718 , H : 741739
69
0 0 U -1
1 0 U 0
2 0 U 1
3 1 U 2
4 1 U 3
5 0 U 4
6 1 U 5
7 0 U 6
8 0 U -1
9 0 U 8
10 0 U 9
11 1 U 10
12 0 U 11
13 0 U 12
14 0 U 13
15 1 U 14
16 0 U -1
17 1 U 16
18 1 U 17
19 1 U 18
20 0 U 19
21 1 U 20
22 1 U 21
23 0 U 22
24 1 U -1
25 0 U 24
26 1 U 25
27 0 U 26
28 1 U 27
29 0 U 28
30 1 U 29
31 0 U 30
32 0 U -1
33 0 U 32
34 1 U 33
35 1 U 34
36 1 U 35
37 1 U 36
38 0 U 37
39 0 U 38
40 0 U -1
41 1 U 40
42 1 U 41
43 1 U 42
44 0 U 43
45 0 U 44
46 0 U 45
47 0 U 46
48 0 U -1
49 0 U 48
50 0 U 49
51 0 U 50
52 0 U 51
53 0 U 52
54 0 U 53
55 1 U 54
56 0 U -1
57 1 U 56
58 0 U 57
59 0 U 58
60 0 U 59
61 0 U 60
62 1 U 61
63 0 U 62
64 0 L 48
65 0 L 49
66 1 L 50
67 1 L 51
68 1 L 52
# score :28 1539548
# W : 850749 , H : 668857
69
0 1 U -1
1 0 U 0
2 1 U 1
3 1 U 2
4 1 U 3
5 0 U 4
6 0 U 5
7 0 U 6
8 0 U -1
9 0 U 8
10 0 U 9
11 1 U 10
12 1 U 11
13 1 U 12
14 0 U 13
15 1 U 14
16 1 U -1
17 1 U 16
18 0 U 17
19 0 U 18
20 1 U 19
21 0 U 20
22 1 U 21
23 0 U 22
24 1 U -1
25 0 U 24
26 0 U 25
27 1 U 26
28 0 U 27
29 1 U 28
30 0 U 29
31 1 U 30
32 0 U -1
33 0 U 32
34 0 U 33
35 1 U 34
36 1 U 35
37 1 U 36
38 0 U 37
39 0 U 38
40 0 U -1
41 1 U 40
42 1 U 41
43 0 U 42
44 1 U 43
45 0 U 44
46 1 U 45
47 1 U 46
48 1 U -1
49 1 U 48
50 0 U 49
51 0 U 50
52 0 U 51
53 1 U 52
54 0 U 53
55 0 U 54
56 0 U -1
57 1 U 56
58 0 U 57
59 1 U 58
60 0 U 59
61 0 U 60
62 0 U 61
63 0 U 62
64 1 L 48
65 0 L 49
66 1 L 50
67 1 L 51
68 0 L 52
# score :29 1501440
# W : 864158 , H : 682749
69
0 0 U -1
1 1 U 0
2 1 U 1
3 0 U 2
4 0 U 3
5 0 U 4
6 0 U 5
7 1 U 6
8 0 U -1
9 1 U 8
10 1 U 9
11 0 U 10
12 0 U 11
13 0 U 12
14 0 U 13
15 1 U 14
16 0 U -1
17 0 U 16
18 1 U 17
19 1 U 18
20 1 U 19
21 1 U 20
22 0 U 21
23 1 U 22
24 0 U -1
25 1 U 24
26 1 U 25
27 0 U 26
28 1 U 27
29 0 U 28
30 0 U 29
31 1 U 30
32 0 U -1
33 0 U 32
34 0 U 33
35 1 U 34
36 1 U 35
37 1 U 36
38 1 U 37
39 0 U 38
40 1 U -1
41 1 U 40
42 1 U 41
43 0 U 42
44 0 U 43
45 0 U 44
46 0 U 45
47 1 U 46
48 1 U -1
49 1 U 48
50 1 U 49
51 0 U 50
52 0 U 51
53 0 U 52
54 0 U 53
55 1 U 54
56 0 U -1
57 1 U 56
58 0 U 57
59 0 U 58
60 0 U 59
61 0 U 60
62 1 U 61
63 0 U 62
64 1 L 48
65 1 L 49
66 0 L 50
67 1 L 51
68 0 L 52
# score :30 1560682
# W : 830380 , H : 671725
69
0 0 U -1
1 0 U 0
2 1 U 1
3 1 U 2
4 0 U 3
5 0 U 4
6 1 U 5
7 1 U 6
8 1 U -1
9 1 U 8
10 0 U 9
11 0 U 10
12 0 U 11
13 1 U 12
14 0 U 13
15 1 U 14
16 0 U -1
17 0 U 16
18 0 U 17
19 0 U 18
20 0 U 19
21 0 U 20
22 1 U 21
23 1 U 22
24 1 U -1
25 1 U 24
26 0 U 25
27 1 U 26
28 0 U 27
29 0 U 28
30 0 U 29
31 0 U 30
32 0 U -1
33 0 U 32
34 1 U 33
35 1 U 34
36 0 U 35
37 0 U 36
38 0 U 37
39 1 U 38
40 0 U -1
41 0 U 40
42 0 U 41
43 1 U 42
44 0 U 43
45 0 U 44
46 1 U 45
47 1 U 46
48 1 U -1
49 1 U 48
50 1 U 49
51 1 U 50
52 1 U 51
53 1 U 52
54 0 U 53
55 0 U 54
56 1 U -1
57 1 U 56
58 0 U 57
59 0 U 58
60 0 U 59
61 1 U 60
62 1 U 61
63 0 U 62
64 1 L 48
65 1 L 49
66 0 L 50
67 0 L 51
68 0 L 52
# score :31 1475756
# W : 893933 , H : 666073
69
0 0 U -1
1 1 U 0
2 1 U 1
3 0 U 2
4 0 U 3
5 1 U 4
6 0 U 5
7 1 U 6
8 0 U -1
9 0 U 8
10 1 U 9
11 0 U 10
12 0 U 11
13 1 U 12
14 1 U 13
15 0 U 14
16 0 U -1
17 1 U 16
18 1 U 17
19 0 U 18
20 1 U 19
21 0 U 20
22 1 U 21
23 0 U 22
24 1 U -1
25 0 U 24
26 1 U 25
27 1 U 26
28 1 U 27
29 0 U 28
30 1 U 29
31 0 U 30
32 1 U -1
33 1 U 32
34 1 U 33
35 1 U 34
36 0 U 35
37 1 U 36
38 0 U 37
39 1 U 38
40 1 U -1
41 0 U 40
42 1 U 41
43 0 U 42
44 0 U 43
45 0 U 44
46 1 U 45
47 1 U 46
48 1 U -1
49 1 U 48
50 1 U 49
51 1 U 50
52 1 U 51
53 1 U 52
54 0 U 53
55 1 U 54
56 0 U -1
57 1 U 56
58 1 U 57
59 0 U 58
60 0 U 59
61 0 U 60
62 0 U 61
63 1 U 62
64 0 U -1
65 1 U 64
66 0 U 65
67 1 U 66
68 0 U 67
# score :32 1400351
# W : 633829 , H : 722350
69
0 0 U -1
1 0 U 0
2 1 U 1
3 0 U 2
4 1 U 3
5 0 U 4
6 1 U 5
7 1 U 6
8 0 U -1
9 1 U 8
10 0 U 9
11 1 U 10
12 0 U 11
13 1 U 12
14 0 U 13
15 1 U 14
16 1 U -1
17 0 U 16
18 0 U 17
19 1 U 18
20 0 U 19
21 0 U 20
22 0 U 21
23 0 U 22
24 0 U -1
25 0 U 24
26 1 U 25
27 1 U 26
28 1 U 27
29 0 U 28
30 0 U 29
31 1 U 30
32 1 U -1
33 0 U 32
34 0 U 33
35 1 U 34
36 1 U 35
37 1 U 36
38 0 U 37
39 0 U 38
40 0 U -1
41 1 U 40
42 0 U 41
43 0 U 42
44 0 U 43
45 0 U 44
46 1 U 45
47 1 U 46
48 1 U -1
49 0 U 48
50 0 U 49
51 1 U 50
52 0 U 51
53 1 U 52
54 0 U 53
55 1 U 54
56 1 U -1
57 1 U 56
58 0 U 57
59 1 U 58
60 1 U 59
61 0 U 60
62 0 U 61
63 1 U 62
64 1 U -1
65 0 U 64
66 1 U 65
67 0 U 66
68 1 U 67
# score :33 1406352
# W : 623138 , H : 703824
69
0 1 U -1
1 0 U 0
2 0 U 1
3 0 U 2
4 0 U 3
5 1 U 4
6 1 U 5
7 1 U 6
8 1 U -1
9 0 U 8
10 1 U 9
11 0 U 10
12 1 U 11
13 0 U 12
14 0 U 13
15 1 U 14
16 0 U -1
17 0 U 16
18 1 U 17
19 0 U 18
20 1 U 19
21 1 U 20
22 0 U 21
23 1 U 22
24 1 U -1
25 0 U 24
26 0 U 25
27 1 U 26
28 1 U 27
29 0 U 28
30 1 U 29
31 0 U 30
32 0 U -1
33 1 U 32
34 1 U 33
35 0 U 34
36 0 U 35
37 0 U 36
38 1 U 37
39 0 U 38
40 0 U -1
41 0 U 40
42 0 U 41
43 1 U 42
44 1 U 43
45 0 U 44
46 0 U 45
47 0 U 46
48 1 U -1
49 0 U 48
50 0 U 49
51 1 U 50
52 1 U 51
53 0 U 52
54 0 U 53
55 1 U 54
56 1 U -1
57 0 U 56
58 1 U 57
59 0 U 58
60 0 U 59
61 0 U 60
62 0 U 61
63 1 U 62
64 0 L 56
65 1 L 57
66 0 L 58
67 0 L 59
68 0 L 60
# score :34 1500311
# W : 749066 , H : 725709
69
0 1 U -1
1 1 U 0
2 1 U 1
3 0 U 2
4 1 U 3
5 0 U 4
6 1 U 5
7 1 U 6
8 0 U -1
9 1 U 8
10 0 U 9
11 0 U 10
12 0 U 11
13 1 U 12
14 0 U 13
15 1 U 14
16 1 U -1
17 1 U 16
18 0 U 17
19 0 U 18
20 1 U 19
21 1 U 20
22 0 U 21
23 1 U 22
24 1 U -1
25 0 U 24
26 1 U 25
27 1 U 26
28 0 U 27
29 0 U 28
30 0 U 29
31 0 U 30
32 0 U -1
33 0 U 32
34 0 U 33
35 0 U 34
36 0 U 35
37 0 U 36
38 1 U 37
39 1 U 38
40 1 U -1
41 0 U 40
42 1 U 41
43 0 U 42
44 0 U 43
45 1 U 44
46 1 U 45
47 1 U 46
48 1 U -1
49 1 U 48
50 0 U 49
51 1 U 50
52 1 U 51
53 0 U 52
54 1 U 53
55 0 U 54
56 1 U -1
57 1 U 56
58 1 U 57
59 1 U 58
60 1 U 59
61 1 U 60
62 0 U 61
63 0 U 62
64 1 L 56
65 0 L 57
66 1 L 58
67 1 L 59
68 1 L 60
# score :35 1515866
# W : 854540 , H : 741148
69
0 1 U -1
1 1 U 0
2 1 U 1
3 1 U 2
4 0 U 3
5 1 U 4
6 0 U 5
7 0 U 6
8 1 U -1
9 1 U 8
10 1 U 9
11 1 U 10
12 1 U 11
13 1 U 12
14 1 U 13
15 1 U 14
16 1 U -1
17 1 U 16
18 1 U 17
19 0 U 18
20 1 U 19
21 1 U 20
22 0 U 21
23 0 U 22
24 1 U -1
25 0 U 24
26 0 U 25
27 0 U 26
28 1 U 27
29 0 U 28
30 0 U 29
31 0 U 30
32 0 U -1
33 0 U 32
34 0 U 33
35 0 U 34
36 1 U 35
37 1 U 36
38 0 U 37
39 1 U 38
40 0 U -1
41 1 U 40
42 1 U 41
43 1 U 42
44 1 U 43
45 1 U 44
46 1 U 45
47 0 U 46
48 0 U -1
49 1 U 48
50 1 U 49
51 0 U 50
52 1 U 51
53 1 U 52
54 1 U 53
55 0 U 54
56 0 U -1
57 0 U 56
58 1 U 57
59 1 U 58
60 0 U 59
61 1 U 60
62 0 U 61
63 0 U 62
64 0 L 48
65 1 L 49
66 1 L 50
67 0 L 51
68 0 L 52
# score :36 1568254
# W : 835708 , H : 690703
69
0 1 U -1
1 1 U 0
2 1 U 1
3 1 U 2
4 0 U 3
5 0 U 4
6 1 U 5
7 1 U 6
8 1 U -1
9 1 U 8
10 1 U 9
11 1 U 10
12 1 U 11
13 0 U 12
14 1 U 13
15 1 U 14
16 0 U -1
17 0 U 16
18 1 U 17
19 1 U 18
20 0 U 19
21 0 U 20
22 1 U 21
23 1 U 22
24 0 U -1
25 1 U 24
26 0 U 25
27 0 U 26
28 0 U 27
29 1 U 28
30 0 U 29
31 1 U 30
32 1 U -1
33 0 U 32
34 0 U 33
35 0 U 34
36 1 U 35
37 0 U 36
38 0 U 37
39 1 U 38
40 0 U -1
41 0 U 40
42 0 U 41
43 1 U 42
44 0 U 43
45 1 U 44
46 1 U 45
47 0 U 46
48 0 U -1
49 0 U 48
50 1 U 49
51 1 U 50
52 1 U 51
53 0 U 52
54 0 U 53
55 1 U 54
56 1 U -1
57 1 U 56
58 0 U 57
59 1 U 58
60 0 U 59
61 0 U 60
62 1 U 61
63 1 U 62
64 1 L 48
65 1 L 49
66 1 L 50
67 0 L 51
68 0 L 52
# score :37 1537123
# W : 828374 , H : 695539
69
0 0 U -1
1 1 U 0
2 1 U 1
3 1 U 2
4 1 U 3
5 0 U 4
6 0 U 5
7 0 U 6
8 0 U -1
9 1 U 8
10 1 U 9
11 0 U 10
12 1 U 11
13 1 U 12
14 1 U 13
15 1 U 14
16 1 U -1
17 1 U 16
18 1 U 17
19 0 U 18
20 0 U 19
21 1 U 20
22 1 U 21
23 1 U 22
24 0 U -1
25 0 U 24
26 0 U 25
27 1 U 26
28 0 U 27
29 1 U 28
30 0 U 29
31 1 U 30
32 1 U -1
33 0 U 32
34 0 U 33
35 0 U 34
36 0 U 35
37 1 U 36
38 0 U 37
39 1 U 38
40 0 U -1
41 0 U 40
42 1 U 41
43 0 U 42
44 1 U 43
45 0 U 44
46 0 U 45
47 0 U 46
48 0 U -1
49 1 U 48
50 1 U 49
51 0 U 50
52 0 U 51
53 0 U 52
54 0 U 53
55 1 U 54
56 1 U -1
57 1 U 56
58 1 U 57
59 1 U 58
60 0 U 59
61 1 U 60
62 1 U 61
63 1 U 62
64 0 L 48
65 1 L 49
66 0 L 50
67 1 L 51
68 1 L 52
# score :38 1597772
# W : 809935 , H : 675967
69
0 1 U -1
1 0 U 0
2 0 U 1
3 0 U 2
4 0 U 3
5 0 U 4
6 0 U 5
7 1 U 6
8 0 U -1
9 0 U 8
10 1 U 9
11 1 U 10
12 1 U 11
13 1 U 12
14 0 U 13
15 1 U 14
16 0 U -1
17 1 U 16
18 0 U 17
19 0 U 18
20 1 U 19
21 1 U 20
22 1 U 21
23 1 U 22
24 1 U -1
25 1 U 24
26 0 U 25
27 1 U 26
28 0 U 27
29 0 U 28
30 0 U 29
31 0 U 30
32 1 U -1
33 0 U 32
34 1 U 33
35 0 U 34
36 1 U 35
37 1 U 36
38 0 U 37
39 1 U 38
40 0 U -1
41 0 U 40
42 1 U 41
43 0 U 42
44 1 U 43
45 0 U 44
46 1 U 45
47 0 U 46
48 1 U -1
49 0 U 48
50 0 U 49
51 1 U 50
52 1 U 51
53 1 U 52
54 0 U 53
55 0 U 54
56 0 U -1
57 0 U 56
58 1 U 57
59 1 U 58
60 0 U 59
61 0 U 60
62 1 U 61
63 0 U 62
64 1 L 48
65 1 L 49
66 0 L 50
67 1 L 51
68 0 L 52
# score :39 1498641
# W : 945063 , H : 682947
69
0 0 U -1
1 1 U 0
2 0 U 1
3 1 U 2
4 0 U 3
5 1 U 4
6 0 U 5
7 1 U 6
8 0 U -1
9 1 U 8
10 0 U 9
11 0 U 10
12 0 U 11
13 0 U 12
14 1 U 13
15 1 U 14
16 0 U -1
17 1 U 16
18 1 U 17
19 1 U 18
20 0 U 19
21 0 U 20
22 1 U 21
23 1 U 22
24 0 U -1
25 1 U 24
26 0 U 25
27 0 U 26
28 0 U 27
29 0 U 28
30 1 U 29
31 0 U 30
32 1 U -1
33 1 U 32
34 1 U 33
35 0 U 34
36 1 U 35
37 1 U 36
38 1 U 37
39 0 U 38
40 0 U -1
41 1 U 40
42 1 U 41
43 1 U 42
44 0 U 43
45 1 U 44
46 0 U 45
47 1 U 46
48 1 U -1
49 0 U 48
50 1 U 49
51 1 U 50
52 1 U 51
53 0 U 52
54 1 U 53
55 1 U 54
56 1 U -1
57 0 U 56
58 0 U 57
59 1 U 58
60 0 U 59
61 1 U 60
62 0 U 61
63 1 U 62
64 0 U -1
65 0 U 64
66 0 U 65
67 0 U 66
68 0 U 67
# score :40 1368614
# W : 574362 , H : 732754
69
0 1 U -1
1 0 U 0
2 1 U 1
3 1 U 2
4 0 U 3
5 0 U 4
6 1 U 5
7 0 U 6
8 0 U -1
9 1 U 8
10 1 U 9
11 1 U 10
12 1 U 11
13 0 U 12
14 0 U 13
15 0 U 14
16 0 U -1
17 0 U 16
18 1 U 17
19 0 U 18
20 0 U 19
21 0 U 20
22 1 U 21
23 1 U 22
24 1 U -1
25 0 U 24
26 0 U 25
27 0 U 26
28 1 U 27
29 1 U 28
30 0 U 29
31 1 U 30
32 0 U -1
33 1 U 32
34 0 U 33
35 1 U 34
36 0 U 35
37 1 U 36
38 1 U 37
39 0 U 38
40 1 U -1
41 0 U 40
42 1 U 41
43 1 U 42
44 0 U 43
45 0 U 44
46 1 U 45
47 0 U 46
48 0 U -1
49 0 U 48
50 0 U 49
51 1 U 50
52 1 U 51
53 1 U 52
54 0 U 53
55 0 U 54
56 0 U -1
57 1 U 56
58 0 U 57
59 0 U 58
60 1 U 59
61 0 U 60
62 0 U 61
63 1 U 62
64 1 U -1
65 0 U 64
66 0 U 65
67 0 U 66
68 0 U 67
# score :41 1382474
# W : 625365 , H : 702687
69
0 1 U -1
1 1 U 0
2 0 U 1
3 0 U 2
4 0 U 3
5 1 U 4
6 0 U 5
7 0 U 6
8 0 U -1
9 1 U 8
10 0 U 9
11 1 U 10
12 0 U 11
13 0 U 12
14 0 U 13
15 0 U 14
16 0 U -1
17 1 U 16
18 1 U 17
19 1 U 18
20 1 U 19
21 1 U 20
22 0 U 21
23 1 U 22
24 1 U -1
25 0 U 24
26 0 U 25
27 1 U 26
28 0 U 27
29 1 U 28
30 1 U 29
31 1 U 30
32 1 U -1
33 1 U 32
34 1 U 33
35 1 U 34
36 0 U 35
37 0 U 36
38 0 U 37
39 1 U 38
40 0 U -1
41 0 U 40
42 0 U 41
43 1 U 42
44 1 U 43
45 0 U 44
46 0 U 45
47 0 U 46
48 0 U -1
49 1 U 48
50 1 U 49
51 1 U 50
52 1 U 51
53 0 U 52
54 0 U 53
55 0 U 54
56 1 U -1
57 1 U 56
58 1 U 57
59 0 U 58
60 1 U 59
61 1 U 60
62 0 U 61
63 1 U 62
64 1 L 56
65 0 L 57
66 1 L 58
67 1 L 59
68 0 L 60
# score :42 1450756
# W : 695683 , H : 712839
69
0 0 U -1
1 1 U 0
2 0 U 1
3 1 U 2
4 1 U 3
5 1 U 4
6 1 U 5
7 1 U 6
8 0 U -1
9 1 U 8
10 1 U 9
11 1 U 10
12 0 U 11
13 0 U 12
14 1 U 13
15 1 U 14
16 0 U -1
17 1 U 16
18 0 U 17
19 0 U 18
20 0 U 19
21 0 U 20
22 1 U 21
23 1 U 22
24 1 U -1
25 1 U 24
26 0 U 25
27 0 U 26
28 1 U 27
29 0 U 28
30 0 U 29
31 0 U 30
32 1 U -1
33 0 U 32
34 1 U 33
35 1 U 34
36 0 U 35
37 0 U 36
38 0 U 37
39 1 U 38
40 0 U -1
41 1 U 40
42 0 U 41
43 0 U 42
44 0 U 43
45 0 U 44
46 1 U 45
47 1 U 46
48 1 U -1
49 1 U 48
50 0 U 49
51 0 U 50
52 0 U 51
53 1 U 52
54 0 U 53
55 1 U 54
56 0 U -1
57 0 U 56
58 0 U 57
59 0 U 58
60 0 U 59
61 1 U 60
62 0 U 61
63 1 U 62
64 0 L 56
65 0 L 57
66 1 L 58
67 0 L 59
68 0 L 60
# score :43 1371452
# W : 729884 , H : 712948
69
0 1 U -1
1 1 U 0
2 1 U 1
3 0 U 2
4 0 U 3
5 0 U 4
6 1 U 5
7 1 U 6
8 1 U -1
9 0 U 8
10 0 U 9
11 0 U 10
12 1 U 11
13 0 U 12
14 0 U 13
15 1 U 14
16 1 U -1
17 1 U 16
18 1 U 17
19 0 U 18
20 1 U 19
21 0 U 20
22 1 U 21
23 0 U 22
24 0 U -1
25 0 U 24
26 1 U 25
27 0 U 26
28 1 U 27
29 0 U 28
30 1 U 29
31 1 U 30
32 0 U -1
33 0 U 32
34 0 U 33
35 0 U 34
36 1 U 35
37 0 U 36
38 1 U 37
39 1 U 38
40 1 U -1
41 0 U 40
42 0 U 41
43 1 U 42
44 0 U 43
45 1 U 44
46 0 U 45
47 1 U 46
48 1 U -1
49 0 U 48
50 0 U 49
51 1 U 50
52 1 U 51
53 0 U 52
54 0 U 53
55 1 U 54
56 0 U -1
57 0 U 56
58 0 U 57
59 0 U 58
60 1 U 59
61 1 U 60
62 1 U 61
63 1 U 62
64 1 L 48
65 1 L 49
66 0 L 50
67 0 L 51
68 0 L 52
# score :44 1559787
# W : 877991 , H : 692492
69
0 0 U -1
1 1 U 0
2 1 U 1
3 1 U 2
4 1 U 3
5 1 U 4
6 0 U 5
7 1 U 6
8 0 U -1
9 1 U 8
10 1 U 9
11 1 U 10
12 0 U 11
13 1 U 12
14 1 U 13
15 1 U 14
16 0 U -1
17 0 U 16
18 0 U 17
19 0 U 18
20 0 U 19
21 0 U 20
22 0 U 21
23 1 U 22
24 1 U -1
25 0 U 24
26 0 U 25
27 0 U 26
28 0 U 27
29 0 U 28
30 1 U 29
31 0 U 30
32 1 U -1
33 1 U 32
34 1 U 33
35 0 U 34
36 1 U 35
37 1 U 36
38 0 U 37
39 1 U 38
40 0 U -1
41 1 U 40
42 0 U 41
43 1 U 42
44 0 U 43
45 0 U 44
46 0 U 45
47 0 U 46
48 0 U -1
49 1 U 48
50 1 U 49
51 0 U 50
52 0 U 51
53 1 U 52
54 0 U 53
55 1 U 54
56 1 U -1
57 0 U 56
58 1 U 57
59 0 U 58
60 0 U 59
61 0 U 60
62 0 U 61
63 1 U 62
64 0 L 48
65 0 L 49
66 0 L 50
67 0 L 51
68 0 L 52
# score :45 1482221
# W : 833440 , H : 676937
69
0 0 U -1
1 1 U 0
2 0 U 1
3 0 U 2
4 0 U 3
5 1 U 4
6 1 U 5
7 0 U 6
8 1 U -1
9 0 U 8
10 1 U 9
11 1 U 10
12 1 U 11
13 1 U 12
14 0 U 13
15 0 U 14
16 1 U -1
17 0 U 16
18 1 U 17
19 1 U 18
20 1 U 19
21 1 U 20
22 0 U 21
23 1 U 22
24 0 U -1
25 1 U 24
26 1 U 25
27 1 U 26
28 0 U 27
29 0 U 28
30 0 U 29
31 1 U 30
32 1 U -1
33 1 U 32
34 0 U 33
35 1 U 34
36 0 U 35
37 0 U 36
38 0 U 37
39 1 U 38
40 1 U -1
41 1 U 40
42 0 U 41
43 0 U 42
44 0 U 43
45 0 U 44
46 1 U 45
47 1 U 46
48 1 U -1
49 1 U 48
50 1 U 49
51 0 U 50
52 0 U 51
53 1 U 52
54 0 U 53
55 1 U 54
56 1 U -1
57 0 U 56
58 0 U 57
59 0 U 58
60 0 U 59
61 0 U 60
62 1 U 61
63 0 U 62
64 1 L 48
65 0 L 49
66 1 L 50
67 0 L 51
68 1 L 52
# score :46 1490581
# W : 876640 , H : 657475
69
0 1 U -1
1 1 U 0
2 0 U 1
3 1 U 2
4 1 U 3
5 0 U 4
6 0 U 5
7 1 U 6
8 0 U -1
9 0 U 8
10 1 U 9
11 0 U 10
12 1 U 11
13 0 U 12
14 0 U 13
15 1 U 14
16 0 U -1
17 0 U 16
18 1 U 17
19 0 U 18
20 0 U 19
21 1 U 20
22 1 U 21
23 0 U 22
24 0 U -1
25 1 U 24
26 0 U 25
27 1 U 26
28 1 U 27
29 0 U 28
30 1 U 29
31 0 U 30
32 0 U -1
33 1 U 32
34 1 U 33
35 0 U 34
36 1 U 35
37 1 U 36
38 1 U 37
39 0 U 38
40 1 U -1
41 0 U 40
42 1 U 41
43 1 U 42
44 1 U 43
45 1 U 44
46 1 U 45
47 1 U 46
48 1 U -1
49 0 U 48
50 0 U 49
51 0 U 50
52 0 U 51
53 1 U 52
54 0 U 53
55 0 U 54
56 1 U -1
57 1 U 56
58 0 U 57
59 0 U 58
60 1 U 59
61 0 U 60
62 1 U 61
63 1 U 62
64 0 L 48
65 0 L 49
66 0 L 50
67 0 L 51
68 0 L 52
# score :47 1528747
# W : 892891 , H : 668641
69
0 1 U -1
1 0 U 0
2 0 U 1
3 1 U 2
4 0 U 3
5 0 U 4
6 1 U 5
7 1 U 6
8 1 U -1
9 1 U 8
10 0 U 9
11 1 U 10
12 1 U 11
13 1 U 12
14 0 U 13
15 1 U 14
16 1 U -1
17 0 U 16
18 0 U 17
19 0 U 18
20 1 U 19
21 0 U 20
22 0 U 21
23 1 U 22
24 1 U -1
25 1 U 24
26 1 U 25
27 1 U 26
28 0 U 27
29 1 U 28
30 1 U 29
31 0 U 30
32 1 U -1
33 0 U 32
34 1 U 33
35 0 U 34
36 1 U 35
37 0 U 36
38 0 U 37
39 1 U 38
40 0 U -1
41 0 U 40
42 1 U 41
43 0 U 42
44 1 U 43
45 0 U 44
46 1 U 45
47 0 U 46
48 0 U -1
49 0 U 48
50 0 U 49
51 0 U 50
52 1 U 51
53 0 U 52
54 1 U 53
55 0 U 54
56 1 U -1
57 0 U 56
58 1 U 57
59 0 U 58
60 1 U 59
61 1 U 60
62 0 U 61
63 1 U 62
64 1 U -1
65 0 U 64
66 1 U 65
67 0 U 66
68 1 U 67
# score :48 1441686
# W : 653049 , H : 749606
69
0 1 U -1
1 0 U 0
2 1 U 1
3 1 U 2
4 0 U 3
5 0 U 4
6 0 U 5
7 1 U 6
8 0 U -1
9 1 U 8
10 1 U 9
11 0 U 10
12 0 U 11
13 1 U 12
14 1 U 13
15 1 U 14
16 0 U -1
17 0 U 16
18 0 U 17
19 0 U 18
20 1 U 19
21 1 U 20
22 1 U 21
23 1 U 22
24 1 U -1
25 0 U 24
26 0 U 25
27 0 U 26
28 1 U 27
29 0 U 28
30 1 U 29
31 0 U 30
32 1 U -1
33 0 U 32
34 1 U 33
35 1 U 34
36 1 U 35
37 1 U 36
38 0 U 37
39 1 U 38
40 0 U -1
41 1 U 40
42 0 U 41
43 0 U 42
44 1 U 43
45 0 U 44
46 1 U 45
47 1 U 46
48 1 U -1
49 0 U 48
50 0 U 49
51 0 U 50
52 1 U 51
53 1 U 52
54 1 U 53
55 1 U 54
56 0 U -1
57 0 U 56
58 0 U 57
59 0 U 58
60 0 U 59
61 1 U 60
62 0 U 61
63 0 U 62
64 0 U -1
65 1 U 64
66 0 U 65
67 1 U 66
68 0 U 67
# score :49 1454868
# W : 641664 , H : 729947
69
0 0 U -1
1 0 U 0
2 1 U 1
3 0 U 2
4 0 U 3
5 0 U 4
6 1 U 5
7 0 U 6
8 0 U -1
9 0 U 8
10 0 U 9
11 0 U 10
12 1 U 11
13 0 U 12
14 1 U 13
15 1 U 14
16 1 U -1
17 1 U 16
18 1 U 17
19 1 U 18
20 1 U 19
21 1 U 20
22 0 U 21
23 1 U 22
24 0 U -1
25 0 U 24
26 1 U 25
27 0 U 26
28 0 U 27
29 0 U 28
30 1 U 29
31 0 U 30
32 0 U -1
33 1 U 32
34 0 U 33
35 1 U 34
36 0 U 35
37 1 U 36
38 1 U 37
39 1 U 38
40 0 U -1
41 1 U 40
42 0 U 41
43 0 U 42
44 1 U 43
45 1 U 44
46 0 U 45
47 1 U 46
48 0 U -1
49 0 U 48
50 1 U 49
51 1 U 50
52 1 U 51
53 1 U 52
54 1 U 53
55 1 U 54
56 1 U -1
57 1 U 56
58 1 U 57
59 0 U 58
60 0 U 59
61 0 U 60
62 0 U 61
63 1 U 62
64 1 L 56
65 0 L 57
66 0 L 58
67 0 L 59
68 1 L 60
# score :50 1479342
# W : 795413 , H : 713486
69
0 0 U -1
1 1 U 0
2 1 U 1
3 1 U 2
4 1 U 3
5 0 U 4
6 0 U 5
7 0 U 6
8 0 U -1
9 1 U 8
10 1 U 9
11 0 U 10
12 0 U 11
13 0 U 12
14 1 U 13
15 0 U 14
16 0 U -1
17 1 U 16
18 0 U 17
19 1 U 18
20 1 U 19
21 1 U 20
22 0 U 21
23 1 U 22
24 0 U -1
25 0 U 24
26 0 U 25
27 0 U 26
28 1 U 27
29 1 U 28
30 0 U 29
31 1 U 30
32 0 U -1
33 1 U 32
34 1 U 33
35 1 U 34
36 1 U 35
37 1 U 36
38 1 U 37
39 0 U 38
40 1 U -1
41 0 U 40
42 0 U 41
43 0 U 42
44 0 U 43
45 0 U 44
46 0 U 45
47 1 U 46
48 1 U -1
49 0 U 48
50 1 U 49
51 1 U 50
52 0 U 51
53 1 U 52
54 0 U 53
55 1 U 54
56 0 U -1
57 0 U 56
58 1 U 57
59 0 U 58
60 0 U 59
61 0 U 60
62 1 U 61
63 0 U 62
64 1 L 56
65 1 L 57
66 0 L 58
67 1 L 59
68 0 L 60
# score :51 1428671
# W : 657315 , H : 731512
69
0 1 U -1
1 1 U 0
2 0 U 1
3 0 U 2
4 0 U 3
5 0 U 4
6 0 U 5
7 0 U 6
8 0 U -1
9 0 U 8
10 0 U 9
11 1 U 10
12 1 U 11
13 1 U 12
14 0 U 13
15 0 U 14
16 1 U -1
17 0 U 16
18 1 U 17
19 0 U 18
20 1 U 19
21 0 U 20
22 0 U 21
23 0 U 22
24 1 U -1
25 1 U 24
26 0 U 25
27 0 U 26
28 1 U 27
29 1 U 28
30 1 U 29
31 0 U 30
32 0 U -1
33 1 U 32
34 0 U 33
35 0 U 34
36 1 U 35
37 0 U 36
38 1 U 37
39 0 U 38
40 1 U -1
41 0 U 40
42 1 U 41
43 0 U 42
44 1 U 43
45 0 U 44
46 1 U 45
47 0 U 46
48 0 U -1
49 0 U 48
50 1 U 49
51 1 U 50
52 0 U 51
53 0 U 52
54 1 U 53
55 1 U 54
56 1 U -1
57 0 U 56
58 1 U 57
59 1 U 58
60 0 U 59
61 0 U 60
62 1 U 61
63 1 U 62
64 1 L 48
65 0 L 49
66 1 L 50
67 0 L 51
68 0 L 52
# score :52 1544860
# W : 843483 , H : 637320
69
0 0 U -1
1 0 U 0
2 1 U 1
3 0 U 2
4 0 U 3
5 0 U 4
6 1 U 5
7 0 U 6
8 1 U -1
9 1 U 8
10 1 U 9
11 0 U 10
12 0 U 11
13 1 U 12
14 1 U 13
15 0 U 14
16 1 U -1
17 0 U 16
18 0 U 17
19 1 U 18
20 0 U 19
21 0 U 20
22 0 U 21
23 0 U 22
24 0 U -1
25 1 U 24
26 1 U 25
27 1 U 26
28 0 U 27
29 0 U 28
30 1 U 29
31 0 U 30
32 0 U -1
33 1 U 32
34 0 U 33
35 0 U 34
36 0 U 35
37 1 U 36
38 0 U 37
39 0 U 38
40 0 U -1
41 0 U 40
42 1 U 41
43 0 U 42
44 1 U 43
45 0 U 44
46 1 U 45
47 0 U 46
48 1 U -1
49 1 U 48
50 1 U 49
51 0 U 50
52 1 U 51
53 0 U 52
54 1 U 53
55 1 U 54
56 0 U -1
57 1 U 56
58 1 U 57
59 1 U 58
60 0 U 59
61 0 U 60
62 0 U 61
63 0 U 62
64 0 L 48
65 1 L 49
66 1 L 50
67 0 L 51
68 0 L 52
# score :53 1537709
# W : 838701 , H : 663942
69
0 0 U -1
1 0 U 0
2 1 U 1
3 1 U 2
4 1 U 3
5 1 U 4
6 1 U 5
7 1 U 6
8 1 U -1
9 1 U 8
10 1 U 9
11 0 U 10
12 0 U 11
13 0 U 12
14 0 U 13
15 1 U 14
16 0 U -1
17 1 U 16
18 1 U 17
19 1 U 18
20 1 U 19
21 1 U 20
22 0 U 21
23 0 U 22
24 0 U -1
25 1 U 24
26 1 U 25
27 0 U 26
28 1 U 27
29 1 U 28
30 0 U 29
31 1 U 30
32 1 U -1
33 0 U 32
34 0 U 33
35 1 U 34
36 1 U 35
37 1 U 36
38 0 U 37
39 0 U 38
40 1 U -1
41 0 U 40
42 0 U 41
43 1 U 42
44 0 U 43
45 1 U 44
46 1 U 45
47 1 U 46
48 1 U -1
49 0 U 48
50 1 U 49
51 1 U 50
52 1 U 51
53 0 U 52
54 1 U 53
55 0 U 54
56 0 U -1
57 0 U 56
58 1 U 57
59 0 U 58
60 1 U 59
61 1 U 60
62 1 U 61
63 0 U 62
64 0 L 48
65 0 L 49
66 1 L 50
67 1 L 51
68 1 L 52
# score :54 1494041
# W : 835620 , H : 657932
69
0 1 U -1
1 1 U 0
2 0 U 1
3 0 U 2
4 0 U 3
5 0 U 4
6 0 U 5
7 0 U 6
8 1 U -1
9 1 U 8
10 1 U 9
11 0 U 10
12 0 U 11
13 0 U 12
14 1 U 13
15 1 U 14
16 0 U -1
17 1 U 16
18 0 U 17
19 1 U 18
20 0 U 19
21 0 U 20
22 1 U 21
23 0 U 22
24 1 U -1
25 0 U 24
26 1 U 25
27 0 U 26
28 1 U 27
29 1 U 28
30 0 U 29
31 0 U 30
32 0 U -1
33 1 U 32
34 0 U 33
35 1 U 34
36 0 U 35
37 0 U 36
38 1 U 37
39 1 U 38
40 0 U -1
41 1 U 40
42 1 U 41
43 1 U 42
44 1 U 43
45 1 U 44
46 1 U 45
47 1 U 46
48 0 U -1
49 1 U 48
50 1 U 49
51 0 U 50
52 1 U 51
53 1 U 52
54 0 U 53
55 0 U 54
56 0 U -1
57 0 U 56
58 0 U 57
59 0 U 58
60 0 U 59
61 0 U 60
62 0 U 61
63 0 U 62
64 1 L 48
65 1 L 49
66 1 L 50
67 1 L 51
68 1 L 52
# score :55 1411582
# W : 755241 , H : 692175
69
0 0 U -1
1 0 U 0
2 0 U 1
3 0 U 2
4 0 U 3
5 0 U 4
6 1 U 5
7 1 U 6
8 0 U -1
9 0 U 8
10 1 U 9
11 1 U 10
12 1 U 11
13 0 U 12
14 0 U 13
15 1 U 14
16 1 U -1
17 0 U 16
18 0 U 17
19 0 U 18
20 1 U 19
21 0 U 20
22 0 U 21
23 1 U 22
24 0 U -1
25 1 U 24
26 1 U 25
27 1 U 26
28 1 U 27
29 0 U 28
30 1 U 29
31 0 U 30
32 1 U -1
33 1 U 32
34 1 U 33
35 1 U 34
36 1 U 35
37 1 U 36
38 0 U 37
39 1 U 38
40 0 U -1
41 0 U 40
42 1 U 41
43 1 U 42
44 0 U 43
45 1 U 44
46 0 U 45
47 1 U 46
48 0 U -1
49 0 U 48
50 1 U 49
51 1 U 50
52 1 U 51
53 1 U 52
54 1 U 53
55 1 U 54
56 0 U -1
57 0 U 56
58 1 U 57
59 1 U 58
60 0 U 59
61 1 U 60
62 0 U 61
63 1 U 62
64 0 U -1
65 0 U 64
66 0 U 65
67 0 U 66
68 0 U 67
# score :56 1450783
# W : 659433 , H : 716903
69
0 0 U -1
1 0 U 0
2 1 U 1
3 0 U 2
4 0 U 3
5 1 U 4
6 1 U 5
7 1 U 6
8 0 U -1
9 0 U 8
10 0 U 9
11 0 U 10
12 1 U 11
13 1 U 12
14 0 U 13
15 1 U 14
16 0 U -1
17 1 U 16
18 1 U 17
19 0 U 18
20 0 U 19
21 0 U 20
22 0 U 21
23 0 U 22
24 0 U -1
25 0 U 24
26 0 U 25
27 0 U 26
28 0 U 27
29 1 U 28
30 1 U 29
31 1 U 30
32 1 U -1
33 1 U 32
34 1 U 33
35 1 U 34
36 1 U 35
37 0 U 36
38 0 U 37
39 0 U 38
40 1 U -1
41 0 U 40
42 0 U 41
43 0 U 42
44 0 U 43
45 1 U 44
46 1 U 45
47 1 U 46
48 1 U -1
49 0 U 48
50 1 U 49
51 1 U 50
52 0 U 51
53 0 U 52
54 1 U 53
55 0 U 54
56 1 U -1
57 0 U 56
58 1 U 57
59 1 U 58
60 0 U 59
61 0 U 60
62 0 U 61
63 0 U 62
64 0 U -1
65 1 U 64
66 0 U 65
67 0 U 66
68 0 U 67
# score :57 1414722
# W : 614854 , H : 728377
69
0 0 U -1
1 1 U 0
2 0 U 1
3 0 U 2
4 1 U 3
5 0 U 4
6 1 U 5
7 0 U 6
8 0 U -1
9 1 U 8
10 1 U 9
11 1 U 10
12 1 U 11
13 0 U 12
14 1 U 13
15 1 U 14
16 0 U -1
17 0 U 16
18 0 U 17
19 1 U 18
20 1 U 19
21 0 U 20
22 1 U 21
23 1 U 22
24 1 U -1
25 0 U 24
26 1 U 25
27 0 U 26
28 1 U 27
29 1 U 28
30 0 U 29
31 1 U 30
32 0 U -1
33 1 U 32
34 0 U 33
35 1 U 34
36 1 U 35
37 0 U 36
38 0 U 37
39 0 U 38
40 1 U -1
41 1 U 40
42 1 U 41
43 1 U 42
44 1 U 43
45 0 U 44
46 1 U 45
47 0 U 46
48 1 U -1
49 1 U 48
50 1 U 49
51 0 U 50
52 1 U 51
53 1 U 52
54 0 U 53
55 0 U 54
56 0 U -1
57 1 U 56
58 0 U 57
59 0 U 58
60 1 U 59
61 0 U 60
62 1 U 61
63 0 U 62
64 1 L 56
65 0 L 57
66 0 L 58
67 0 L 59
68 0 L 60
# score :58 1391891
# W : 803633 , H : 691092
69
0 0 U -1
1 1 U 0
2 0 U 1
3 0 U 2
4 1 U 3
5 0 U 4
6 0 U 5
7 0 U 6
8 0 U -1
9 1 U 8
10 1 U 9
11 1 U 10
12 0 U 11
13 0 U 12
14 1 U 13
15 0 U 14
16 0 U -1
17 1 U 16
18 0 U 17
19 1 U 18
20 1 U 19
21 0 U 20
22 0 U 21
23 0 U 22
24 1 U -1
25 1 U 24
26 1 U 25
27 0 U 26
28 1 U 27
29 0 U 28
30 0 U 29
31 1 U 30
32 0 U -1
33 1 U 32
34 1 U 33
35 0 U 34
36 0 U 35
37 0 U 36
38 0 U 37
39 0 U 38
40 0 U -1
41 0 U 40
42 1 U 41
43 1 U 42
44 0 U 43
45 0 U 44
46 0 U 45
47 0 U 46
48 0 U -1
49 0 U 48
50 0 U 49
51 1 U 50
52 1 U 51
53 1 U 52
54 0 U 53
55 0 U 54
56 1 U -1
57 1 U 56
58 1 U 57
59 0 U 58
60 1 U 59
61 1 U 60
62 0 U 61
63 1 U 62
64 0 L 56
65 1 L 57
66 0 L 58
67 0 L 59
68 0 L 60
# score :59 1479353
# W : 795651 , H : 728459
69
0 0 U -1
1 0 U 0
2 1 U 1
3 1 U 2
4 1 U 3
5 1 U 4
6 1 U 5
7 1 U 6
8 1 U -1
9 0 U 8
10 0 U 9
11 1 U 10
12 0 U 11
13 1 U 12
14 0 U 13
15 0 U 14
16 0 U -1
17 1 U 16
18 1 U 17
19 1 U 18
20 1 U 19
21 1 U 20
22 1 U 21
23 0 U 22
24 0 U -1
25 0 U 24
26 1 U 25
27 0 U 26
28 1 U 27
29 1 U 28
30 1 U 29
31 0 U 30
32 0 U -1
33 0 U 32
34 0 U 33
35 0 U 34
36 0 U 35
37 1 U 36
38 0 U 37
39 0 U 38
40 1 U -1
41 0 U 40
42 0 U 41
43 1 U 42
44 1 U 43
45 1 U 44
46 1 U 45
47 0 U 46
48 0 U -1
49 0 U 48
50 1 U 49
51 0 U 50
52 0 U 51
53 0 U 52
54 0 U 53
55 1 U 54
56 0 U -1
57 1 U 56
58 1 U 57
59 1 U 58
60 0 U 59
61 0 U 60
62 0 U 61
63 0 U 62
64 0 L 48
65 1 L 49
66 0 L 50
67 1 L 51
68 0 L 52
# score :60 1609882
# W : 905184 , H : 614265
69
0 0 U -1
1 1 U 0
2 0 U 1
3 1 U 2
4 0 U 3
5 0 U 4
6 0 U 5
7 1 U 6
8 0 U -1
9 1 U 8
10 1 U 9
11 1 U 10
12 0 U 11
13 1 U 12
14 1 U 13
15 1 U 14
16 0 U -1
17 1 U 16
18 1 U 17
19 1 U 18
20 1 U 19
21 1 U 20
22 1 U 21
23 0 U 22
24 1 U -1
25 1 U 24
26 1 U 25
27 0 U 26
28 0 U 27
29 0 U 28
30 0 U 29
31 1 U 30
32 0 U -1
33 1 U 32
34 0 U 33
35 1 U 34
36 0 U 35
37 1 U 36
38 1 U 37
39 1 U 38
40 0 U -1
41 1 U 40
42 1 U 41
43 0 U 42
44 0 U 43
45 0 U 44
46 0 U 45
47 1 U 46
48 1 U -1
49 0 U 48
50 0 U 49
51 0 U 50
52 1 U 51
53 0 U 52
54 0 U 53
55 1 U 54
56 1 U -1
57 1 U 56
58 0 U 57
59 0 U 58
60 1 U 59
61 1 U 60
62 1 U 61
63 1 U 62
64 1 L 48
65 1 L 49
66 1 L 50
67 0 L 51
68 0 L 52
# score :61 1505897
# W : 820587 , H : 653085
69
0 1 U -1
1 1 U 0
2 1 U 1
3 1 U 2
4 0 U 3
5 1 U 4
6 0 U 5
7 1 U 6
8 0 U -1
9 1 U 8
10 1 U 9
11 0 U 10
12 1 U 11
13 0 U 12
14 1 U 13
15 0 U 14
16 1 U -1
17 0 U 16
18 1 U 17
19 0 U 18
20 0 U 19
21 1 U 20
22 0 U 21
23 1 U 22
24 1 U -1
25 1 U 24
26 1 U 25
27 1 U 26
28 1 U 27
29 0 U 28
30 1 U 29
31 1 U 30
32 0 U -1
33 0 U 32
34 0 U 33
35 1 U 34
36 1 U 35
37 0 U 36
38 1 U 37
39 1 U 38
40 0 U -1
41 0 U 40
42 1 U 41
43 1 U 42
44 0 U 43
45 0 U 44
46 1 U 45
47 1 U 46
48 1 U -1
49 1 U 48
50 0 U 49
51 1 U 50
52 0 U 51
53 0 U 52
54 0 U 53
55 0 U 54
56 1 U -1
57 0 U 56
58 0 U 57
59 1 U 58
60 0 U 59
61 1 U 60
62 1 U 61
63 0 U 62
64 1 L 48
65 1 L 49
66 1 L 50
67 1 L 51
68 1 L 52
# score :62 1621256
# W : 799044 , H : 673461
69
0 0 U -1
1 1 U 0
2 0 U 1
3 0 U 2
4 1 U 3
5 1 U 4
6 0 U 5
7 0 U 6
8 0 U -1
9 1 U 8
10 0 U 9
11 1 U 10
12 1 U 11
13 1 U 12
14 0 U 13
15 1 U 14
16 0 U -1
17 0 U 16
18 0 U 17
19 1 U 18
20 1 U 19
21 1 U 20
22 0 U 21
23 1 U 22
24 0 U -1
25 0 U 24
26 0 U 25
27 0 U 26
28 1 U 27
29 1 U 28
30 0 U 29
31 1 U 30
32 0 U -1
33 0 U 32
34 0 U 33
35 0 U 34
36 1 U 35
37 0 U 36
38 0 U 37
39 0 U 38
40 0 U -1
41 0 U 40
42 1 U 41
43 1 U 42
44 0 U 43
45 0 U 44
46 0 U 45
47 0 U 46
48 0 U -1
49 0 U 48
50 1 U 49
51 1 U 50
52 0 U 51
53 1 U 52
54 0 U 53
55 0 U 54
56 1 U -1
57 0 U 56
58 1 U 57
59 1 U 58
60 1 U 59
61 1 U 60
62 0 U 61
63 0 U 62
64 0 L 48
65 1 L 49
66 0 L 50
67 0 L 51
68 0 L 52
# score :63 1454095
# W : 887617 , H : 631279
69
0 0 U -1
1 0 U 0
2 0 U 1
3 1 U 2
4 1 U 3
5 1 U 4
6 1 U 5
7 0 U 6
8 1 U -1
9 1 U 8
10 1 U 9
11 1 U 10
12 0 U 11
13 0 U 12
14 1 U 13
15 0 U 14
16 0 U -1
17 1 U 16
18 1 U 17
19 0 U 18
20 0 U 19
21 0 U 20
22 0 U 21
23 1 U 22
24 0 U -1
25 0 U 24
26 1 U 25
27 1 U 26
28 1 U 27
29 0 U 28
30 1 U 29
31 0 U 30
32 1 U -1
33 1 U 32
34 1 U 33
35 1 U 34
36 0 U 35
37 0 U 36
38 1 U 37
39 0 U 38
40 1 U -1
41 1 U 40
42 1 U 41
43 1 U 42
44 0 U 43
45 1 U 44
46 1 U 45
47 0 U 46
48 0 U -1
49 0 U 48
50 0 U 49
51 1 U 50
52 0 U 51
53 1 U 52
54 1 U 53
55 0 U 54
56 1 U -1
57 1 U 56
58 1 U 57
59 1 U 58
60 1 U 59
61 0 U 60
62 0 U 61
63 0 U 62
64 0 U -1
65 1 U 64
66 0 U 65
67 1 U 66
68 1 U 67
# score :64 1400712
# W : 636524 , H : 741136
69
0 0 U -1
1 0 U 0
2 0 U 1
3 1 U 2
4 1 U 3
5 1 U 4
6 1 U 5
7 1 U 6
8 1 U -1
9 0 U 8
10 0 U 9
11 0 U 10
12 1 U 11
13 1 U 12
14 0 U 13
15 1 U 14
16 1 U -1
17 0 U 16
18 0 U 17
19 0 U 18
20 0 U 19
21 0 U 20
22 1 U 21
23 1 U 22
24 0 U -1
25 1 U 24
26 0 U 25
27 1 U 26
28 0 U 27
29 1 U 28
30 0 U 29
31 1 U 30
32 1 U -1
33 0 U 32
34 1 U 33
35 0 U 34
36 0 U 35
37 0 U 36
38 1 U 37
39 1 U 38
40 1 U -1
41 0 U 40
42 0 U 41
43 1 U 42
44 1 U 43
45 0 U 44
46 1 U 45
47 0 U 46
48 0 U -1
49 0 U 48
50 1 U 49
51 0 U 50
52 0 U 51
53 1 U 52
54 0 U 53
55 0 U 54
56 0 U -1
57 0 U 56
58 1 U 57
59 0 U 58
60 1 U 59
61 0 U 60
62 0 U 61
63 0 U 62
64 0 U -1
65 1 U 64
66 1 U 65
67 0 U 66
68 1 U 67
# score :65 1416394
# W : 630311 , H : 733119
69
0 1 U -1
1 0 U 0
2 0 U 1
3 1 U 2
4 1 U 3
5 0 U 4
6 1 U 5
7 1 U 6
8 1 U -1
9 1 U 8
10 1 U 9
11 0 U 10
12 0 U 11
13 0 U 12
14 1 U 13
15 0 U 14
16 1 U -1
17 1 U 16
18 0 U 17
19 1 U 18
20 0 U 19
21 0 U 20
22 1 U 21
23 1 U 22
24 1 U -1
25 0 U 24
26 1 U 25
27 1 U 26
28 0 U 27
29 0 U 28
30 0 U 29
31 0 U 30
32 1 U -1
33 1 U 32
34 1 U 33
35 0 U 34
36 0 U 35
37 1 U 36
38 1 U 37
39 0 U 38
40 1 U -1
41 0 U 40
42 1 U 41
43 1 U 42
44 1 U 43
45 0 U 44
46 0 U 45
47 1 U 46
48 1 U -1
49 0 U 48
50 1 U 49
51 0 U 50
52 0 U 51
53 0 U 52
54 1 U 53
55 0 U 54
56 0 U -1
57 0 U 56
58 1 U 57
59 1 U 58
60 0 U 59
61 1 U 60
62 1 U 61
63 1 U 62
64 1 L 56
65 0 L 57
66 0 L 58
67 0 L 59
68 0 L 60
# score :66 1441933
# W : 827993 , H : 719714
69
0 0 U -1
1 1 U 0
2 0 U 1
3 0 U 2
4 1 U 3
5 1 U 4
6 1 U 5
7 0 U 6
8 0 U -1
9 0 U 8
10 0 U 9
11 1 U 10
12 0 U 11
13 0 U 12
14 0 U 13
15 0 U 14
16 1 U -1
17 1 U 16
18 1 U 17
19 1 U 18
20 1 U 19
21 1 U 20
22 1 U 21
23 0 U 22
24 0 U -1
25 0 U 24
26 0 U 25
27 1 U 26
28 1 U 27
29 0 U 28
30 0 U 29
31 1 U 30
32 0 U -1
33 0 U 32
34 1 U 33
35 1 U 34
36 0 U 35
37 1 U 36
38 0 U 37
39 1 U 38
40 0 U -1
41 0 U 40
42 1 U 41
43 1 U 42
44 1 U 43
45 0 U 44
46 0 U 45
47 1 U 46
48 0 U -1
49 0 U 48
50 0 U 49
51 1 U 50
52 1 U 51
53 1 U 52
54 1 U 53
55 0 U 54
56 0 U -1
57 1 U 56
58 1 U 57
59 1 U 58
60 1 U 59
61 0 U 60
62 1 U 61
63 0 U 62
64 0 L 56
65 0 L 57
66 1 L 58
67 0 L 59
68 1 L 60
# score :67 1416425
# W : 679857 , H : 751835
69
0 1 U -1
1 1 U 0
2 0 U 1
3 0 U 2
4 0 U 3
5 0 U 4
6 0 U 5
7 1 U 6
8 0 U -1
9 1 U 8
10 0 U 9
11 0 U 10
12 0 U 11
13 0 U 12
14 0 U 13
15 1 U 14
16 1 U -1
17 1 U 16
18 0 U 17
19 1 U 18
20 0 U 19
21 1 U 20
22 0 U 21
23 0 U 22
24 0 U -1
25 0 U 24
26 1 U 25
27 0 U 26
28 0 U 27
29 1 U 28
30 1 U 29
31 1 U 30
32 1 U -1
33 0 U 32
34 1 U 33
35 0 U 34
36 1 U 35
37 0 U 36
38 0 U 37
39 1 U 38
40 1 U -1
41 1 U 40
42 1 U 41
43 1 U 42
44 1 U 43
45 0 U 44
46 1 U 45
47 1 U 46
48 1 U -1
49 0 U 48
50 1 U 49
51 0 U 50
52 0 U 51
53 1 U 52
54 0 U 53
55 0 U 54
56 1 U -1
57 1 U 56
58 0 U 57
59 1 U 58
60 0 U 59
61 0 U 60
62 1 U 61
63 0 U 62
64 1 L 48
65 1 L 49
66 0 L 50
67 0 L 51
68 0 L 52
# score :68 1546351
# W : 918503 , H : 638906
69
0 1 U -1
1 0 U 0
2 0 U 1
3 1 U 2
4 0 U 3
5 0 U 4
6 0 U 5
7 0 U 6
8 0 U -1
9 0 U 8
10 1 U 9
11 0 U 10
12 0 U 11
13 1 U 12
14 1 U 13
15 1 U 14
16 1 U -1
17 0 U 16
18 1 U 17
19 1 U 18
20 1 U 19
21 0 U 20
22 0 U 21
23 0 U 22
24 0 U -1
25 0 U 24
26 1 U 25
27 0 U 26
28 0 U 27
29 1 U 28
30 1 U 29
31 0 U 30
32 0 U -1
33 0 U 32
34 1 U 33
35 1 U 34
36 1 U 35
37 1 U 36
38 1 U 37
39 0 U 38
40 0 U -1
41 0 U 40
42 0 U 41
43 1 U 42
44 0 U 43
45 0 U 44
46 0 U 45
47 1 U 46
48 1 U -1
49 0 U 48
50 0 U 49
51 0 U 50
52 1 U 51
53 0 U 52
54 0 U 53
55 0 U 54
56 1 U -1
57 1 U 56
58 0 U 57
59 1 U 58
60 1 U 59
61 0 U 60
62 0 U 61
63 1 U 62
64 0 L 48
65 1 L 49
66 1 L 50
67 1 L 51
68 0 L 52
# score :69 1493032
# W : 853912 , H : 644237
69
0 0 U -1
1 1 U 0
2 1 U 1
3 0 U 2
4 1 U 3
5 1 U 4
6 1 U 5
7 1 U 6
8 1 U -1
9 1 U 8
10 0 U 9
11 1 U 10
12 0 U 11
13 0 U 12
14 1 U 13
15 1 U 14
16 0 U -1
17 1 U 16
18 1 U 17
19 0 U 18
20 0 U 19
21 0 U 20
22 0 U 21
23 1 U 22
24 1 U -1
25 1 U 24
26 1 U 25
27 1 U 26
28 1 U 27
29 1 U 28
30 0 U 29
31 0 U 30
32 0 U -1
33 0 U 32
34 1 U 33
35 1 U 34
36 1 U 35
37 1 U 36
38 0 U 37
39 0 U 38
40 0 U -1
41 0 U 40
42 0 U 41
43 1 U 42
44 1 U 43
45 0 U 44
46 1 U 45
47 0 U 46
48 1 U -1
49 0 U 48
50 1 U 49
51 1 U 50
52 0 U 51
53 1 U 52
54 0 U 53
55 0 U 54
56 1 U -1
57 0 U 56
58 1 U 57
59 1 U 58
60 0 U 59
61 0 U 60
62 1 U 61
63 1 U 62
64 0 L 48
65 1 L 49
66 1 L 50
67 1 L 51
68 1 L 52
# score :70 1379888
# W : 833141 , H : 638455
69
0 1 U -1
1 1 U 0
2 1 U 1
3 0 U 2
4 0 U 3
5 0 U 4
6 0 U 5
7 1 U 6
8 1 U -1
9 1 U 8
10 0 U 9
11 1 U 10
12 1 U 11
13 1 U 12
14 0 U 13
15 1 U 14
16 1 U -1
17 1 U 16
18 1 U 17
19 1 U 18
20 1 U 19
21 1 U 20
22 0 U 21
23 0 U 22
24 0 U -1
25 0 U 24
26 1 U 25
27 0 U 26
28 1 U 27
29 1 U 28
30 0 U 29
31 1 U 30
32 0 U -1
33 1 U 32
34 1 U 33
35 1 U 34
36 0 U 35
37 0 U 36
38 0 U 37
39 0 U 38
40 1 U -1
41 0 U 40
42 1 U 41
43 1 U 42
44 0 U 43
45 1 U 44
46 1 U 45
47 1 U 46
48 1 U -1
49 0 U 48
50 0 U 49
51 0 U 50
52 0 U 51
53 1 U 52
54 1 U 53
55 0 U 54
56 0 U -1
57 0 U 56
58 0 U 57
59 1 U 58
60 1 U 59
61 0 U 60
62 1 U 61
63 1 U 62
64 1 L 48
65 0 L 49
66 0 L 50
67 1 L 51
68 0 L 52
# score :71 1539042
# W : 856272 , H : 656971
69
0 1 U -1
1 0 U 0
2 1 U 1
3 1 U 2
4 0 U 3
5 0 U 4
6 0 U 5
7 0 U 6
8 1 U -1
9 0 U 8
10 1 U 9
11 0 U 10
12 1 U 11
13 0 U 12
14 0 U 13
15 0 U 14
16 0 U -1
17 1 U 16
18 0 U 17
19 1 U 18
20 0 U 19
21 0 U 20
22 1 U 21
23 0 U 22
24 0 U -1
25 0 U 24
26 1 U 25
27 1 U 26
28 0 U 27
29 0 U 28
30 1 U 29
31 0 U 30
32 0 U -1
33 1 U 32
34 1 U 33
35 1 U 34
36 1 U 35
37 1 U 36
38 1 U 37
39 0 U 38
40 1 U -1
41 0 U 40
42 0 U 41
43 1 U 42
44 0 U 43
45 0 U 44
46 1 U 45
47 1 U 46
48 0 U -1
49 1 U 48
50 1 U 49
51 1 U 50
52 1 U 51
53 0 U 52
54 0 U 53
55 0 U 54
56 1 U -1
57 1 U 56
58 0 U 57
59 1 U 58
60 0 U 59
61 0 U 60
62 0 U 61
63 1 U 62
64 1 U -1
65 1 U 64
66 0 U 65
67 1 U 66
68 0 U 67
# score :72 1453147
# W : 635196 , H : 750513
69
0 1 U -1
1 1 U 0
2 1 U 1
3 1 U 2
4 0 U 3
5 0 U 4
6 0 U 5
7 1 U 6
8 0 U -1
9 1 U 8
10 0 U 9
11 1 U 10
12 1 U 11
13 0 U 12
14 1 U 13
15 0 U 14
16 1 U -1
17 1 U 16
18 0 U 17
19 0 U 18
20 1 U 19
21 0 U 20
22 0 U 21
23 1 U 22
24 1 U -1
25 1 U 24
26 1 U 25
27 0 U 26
28 1 U 27
29 0 U 28
30 0 U 29
31 1 U 30
32 1 U -1
33 1 U 32
34 0 U 33
35 1 U 34
36 0 U 35
37 0 U 36
38 1 U 37
39 1 U 38
40 1 U -1
41 1 U 40
42 1 U 41
43 1 U 42
44 0 U 43
45 0 U 44
46 0 U 45
47 1 U 46
48 1 U -1
49 0 U 48
50 0 U 49
51 0 U 50
52 1 U 51
53 0 U 52
54 1 U 53
55 0 U 54
56 1 U -1
57 0 U 56
58 1 U 57
59 1 U 58
60 0 U 59
61 0 U 60
62 0 U 61
63 1 U 62
64 0 U -1
65 1 U 64
66 0 U 65
67 1 U 66
68 1 U 67
# score :73 1463884
# W : 646766 , H : 741674
69
0 0 U -1
1 1 U 0
2 1 U 1
3 0 U 2
4 1 U 3
5 1 U 4
6 1 U 5
7 1 U 6
8 1 U -1
9 1 U 8
10 0 U 9
11 0 U 10
12 0 U 11
13 0 U 12
14 0 U 13
15 0 U 14
16 1 U -1
17 1 U 16
18 1 U 17
19 1 U 18
20 1 U 19
21 0 U 20
22 1 U 21
23 1 U 22
24 1 U -1
25 0 U 24
26 1 U 25
27 0 U 26
28 0 U 27
29 1 U 28
30 1 U 29
31 1 U 30
32 0 U -1
33 1 U 32
34 1 U 33
35 1 U 34
36 0 U 35
37 0 U 36
38 0 U 37
39 0 U 38
40 0 U -1
41 0 U 40
42 0 U 41
43 1 U 42
44 0 U 43
45 1 U 44
46 0 U 45
47 1 U 46
48 0 U -1
49 1 U 48
50 0 U 49
51 0 U 50
52 0 U 51
53 1 U 52
54 0 U 53
55 1 U 54
56 1 U -1
57 0 U 56
58 0 U 57
59 0 U 58
60 1 U 59
61 0 U 60
62 1 U 61
63 0 U 62
64 1 L 56
65 0 L 57
66 0 L 58
67 0 L 59
68 0 L 60
# score :74 1415663
# W : 624712 , H : 705474
69
0 0 U -1
1 0 U 0
2 0 U 1
3 1 U 2
4 1 U 3
5 1 U 4
6 1 U 5
7 0 U 6
8 1 U -1
9 0 U 8
10 0 U 9
11 1 U 10
12 0 U 11
13 0 U 12
14 1 U 13
15 1 U 14
16 0 U -1
17 0 U 16
18 1 U 17
19 0 U 18
20 1 U 19
21 0 U 20
22 0 U 21
23 1 U 22
24 1 U -1
25 0 U 24
26 0 U 25
27 0 U 26
28 1 U 27
29 1 U 28
30 0 U 29
31 1 U 30
32 0 U -1
33 1 U 32
34 0 U 33
35 0 U 34
36 0 U 35
37 1 U 36
38 1 U 37
39 0 U 38
40 0 U -1
41 1 U 40
42 0 U 41
43 0 U 42
44 1 U 43
45 0 U 44
46 0 U 45
47 1 U 46
48 1 U -1
49 0 U 48
50 1 U 49
51 1 U 50
52 1 U 51
53 1 U 52
54 0 U 53
55 0 U 54
56 1 U -1
57 1 U 56
58 1 U 57
59 0 U 58
60 1 U 59
61 0 U 60
62 1 U 61
63 1 U 62
64 0 L 56
65 0 L 57
66 0 L 58
67 0 L 59
68 1 L 60
# score :75 1389923
# W : 685773 , H : 699864
69
0 1 U -1
1 1 U 0
2 1 U 1
3 0 U 2
4 0 U 3
5 0 U 4
6 0 U 5
7 0 U 6
8 0 U -1
9 0 U 8
10 0 U 9
11 0 U 10
12 0 U 11
13 1 U 12
14 1 U 13
15 1 U 14
16 1 U -1
17 0 U 16
18 1 U 17
19 0 U 18
20 0 U 19
21 0 U 20
22 0 U 21
23 0 U 22
24 1 U -1
25 0 U 24
26 1 U 25
27 1 U 26
28 1 U 27
29 0 U 28
30 0 U 29
31 1 U 30
32 0 U -1
33 1 U 32
34 1 U 33
35 0 U 34
36 0 U 35
37 0 U 36
38 0 U 37
39 0 U 38
40 0 U -1
41 1 U 40
42 0 U 41
43 1 U 42
44 0 U 43
45 1 U 44
46 0 U 45
47 1 U 46
48 1 U -1
49 1 U 48
50 1 U 49
51 0 U 50
52 1 U 51
53 1 U 52
54 0 U 53
55 0 U 54
56 1 U -1
57 1 U 56
58 0 U 57
59 0 U 58
60 1 U 59
61 0 U 60
62 0 U 61
63 1 U 62
64 1 L 48
65 1 L 49
66 0 L 50
67 1 L 51
68 0 L 52
# score :76 1488655
# W : 920938 , H : 646710
69
0 1 U -1
1 1 U 0
2 1 U 1
3 0 U 2
4 0 U 3
5 1 U 4
6 0 U 5
7 1 U 6
8 0 U -1
9 0 U 8
10 1 U 9
11 1 U 10
12 1 U 11
13 1 U 12
14 1 U 13
15 1 U 14
16 1 U -1
17 0 U 16
18 0 U 17
19 0 U 18
20 0 U 19
21 1 U 20
22 1 U 21
23 0 U 22
24 0 U -1
25 0 U 24
26 1 U 25
27 1 U 26
28 1 U 27
29 0 U 28
30 0 U 29
31 0 U 30
32 1 U -1
33 0 U 32
34 1 U 33
35 1 U 34
36 1 U 35
37 0 U 36
38 1 U 37
39 0 U 38
40 0 U -1
41 1 U 40
42 0 U 41
43 0 U 42
44 1 U 43
45 0 U 44
46 1 U 45
47 1 U 46
48 1 U -1
49 0 U 48
50 0 U 49
51 1 U 50
52 1 U 51
53 1 U 52
54 0 U 53
55 0 U 54
56 1 U -1
57 1 U 56
58 1 U 57
59 1 U 58
60 1 U 59
61 1 U 60
62 0 U 61
63 0 U 62
64 1 L 48
65 0 L 49
66 0 L 50
67 0 L 51
68 1 L 52
# score :77 1556489
# W : 892360 , H : 641934
69
0 0 U -1
1 1 U 0
2 0 U 1
3 1 U 2
4 0 U 3
5 1 U 4
6 1 U 5
7 1 U 6
8 0 U -1
9 1 U 8
10 0 U 9
11 0 U 10
12 0 U 11
13 1 U 12
14 1 U 13
15 1 U 14
16 1 U -1
17 1 U 16
18 0 U 17
19 0 U 18
20 0 U 19
21 0 U 20
22 0 U 21
23 1 U 22
24 1 U -1
25 1 U 24
26 1 U 25
27 1 U 26
28 1 U 27
29 0 U 28
30 1 U 29
31 0 U 30
32 0 U -1
33 0 U 32
34 0 U 33
35 1 U 34
36 1 U 35
37 0 U 36
38 1 U 37
39 0 U 38
40 1 U -1
41 0 U 40
42 1 U 41
43 0 U 42
44 0 U 43
45 0 U 44
46 1 U 45
47 1 U 46
48 0 U -1
49 0 U 48
50 0 U 49
51 0 U 50
52 1 U 51
53 1 U 52
54 0 U 53
55 1 U 54
56 0 U -1
57 0 U 56
58 0 U 57
59 0 U 58
60 1 U 59
61 0 U 60
62 0 U 61
63 0 U 62
64 1 L 48
65 0 L 49
66 0 L 50
67 0 L 51
68 0 L 52
# score :78 1590667
# W : 825620 , H : 649485
69
0 1 U -1
1 1 U 0
2 1 U 1
3 1 U 2
4 0 U 3
5 0 U 4
6 0 U 5
7 0 U 6
8 1 U -1
9 1 U 8
10 1 U 9
11 0 U 10
12 1 U 11
13 0 U 12
14 1 U 13
15 1 U 14
16 1 U -1
17 1 U 16
18 0 U 17
19 0 U 18
20 1 U 19
21 0 U 20
22 1 U 21
23 0 U 22
24 0 U -1
25 1 U 24
26 0 U 25
27 1 U 26
28 1 U 27
29 0 U 28
30 0 U 29
31 1 U 30
32 0 U -1
33 0 U 32
34 0 U 33
35 0 U 34
36 1 U 35
37 0 U 36
38 0 U 37
39 1 U 38
40 0 U -1
41 0 U 40
42 0 U 41
43 1 U 42
44 1 U 43
45 1 U 44
46 1 U 45
47 0 U 46
48 0 U -1
49 0 U 48
50 0 U 49
51 0 U 50
52 0 U 51
53 1 U 52
54 0 U 53
55 0 U 54
56 0 U -1
57 0 U 56
58 1 U 57
59 0 U 58
60 1 U 59
61 0 U 60
62 0 U 61
63 1 U 62
64 0 L 48
65 1 L 49
66 0 L 50
67 0 L 51
68 1 L 52
# score :79 1516463
# W : 938749 , H : 690530
69
0 1 U -1
1 1 U 0
2 1 U 1
3 0 U 2
4 1 U 3
5 0 U 4
6 1 U 5
7 0 U 6
8 0 U -1
9 0 U 8
10 1 U 9
11 1 U 10
12 0 U 11
13 1 U 12
14 0 U 13
15 0 U 14
16 1 U -1
17 0 U 16
18 0 U 17
19 1 U 18
20 1 U 19
21 0 U 20
22 1 U 21
23 0 U 22
24 0 U -1
25 1 U 24
26 0 U 25
27 0 U 26
28 1 U 27
29 0 U 28
30 1 U 29
31 1 U 30
32 0 U -1
33 0 U 32
34 0 U 33
35 1 U 34
36 1 U 35
37 0 U 36
38 1 U 37
39 1 U 38
40 0 U -1
41 0 U 40
42 1 U 41
43 1 U 42
44 1 U 43
45 1 U 44
46 0 U 45
47 0 U 46
48 1 U -1
49 0 U 48
50 1 U 49
51 1 U 50
52 0 U 51
53 0 U 52
54 1 U 53
55 0 U 54
56 1 U -1
57 0 U 56
58 1 U 57
59 0 U 58
60 1 U 59
61 1 U 60
62 0 U 61
63 1 U 62
64 0 U -1
65 0 U 64
66 0 U 65
67 1 U 66
68 1 U 67
# score :80 1365947
# W : 575536 , H : 733460
69
0 0 U -1
1 0 U 0
2 1 U 1
3 1 U 2
4 0 U 3
5 0 U 4
6 1 U 5
7 1 U 6
8 1 U -1
9 1 U 8
10 1 U 9
11 0 U 10
12 1 U 11
13 1 U 12
14 1 U 13
15 1 U 14
16 1 U -1
17 0 U 16
18 1 U 17
19 0 U 18
20 0 U 19
21 1 U 20
22 1 U 21
23 1 U 22
24 0 U -1
25 1 U 24
26 1 U 25
27 1 U 26
28 1 U 27
29 1 U 28
30 1 U 29
31 0 U 30
32 1 U -1
33 1 U 32
34 0 U 33
35 1 U 34
36 0 U 35
37 0 U 36
38 0 U 37
39 0 U 38
40 0 U -1
41 1 U 40
42 0 U 41
43 0 U 42
44 0 U 43
45 1 U 44
46 1 U 45
47 0 U 46
48 1 U -1
49 0 U 48
50 0 U 49
51 0 U 50
52 1 U 51
53 1 U 52
54 0 U 53
55 0 U 54
56 0 U -1
57 1 U 56
58 0 U 57
59 0 U 58
60 0 U 59
61 1 U 60
62 0 U 61
63 1 U 62
64 1 U -1
65 1 U 64
66 0 U 65
67 0 U 66
68 0 U 67
# score :81 1456455
# W : 686351 , H : 720888
69
0 1 U -1
1 0 U 0
2 1 U 1
3 0 U 2
4 1 U 3
5 1 U 4
6 1 U 5
7 0 U 6
8 1 U -1
9 0 U 8
10 1 U 9
11 0 U 10
12 0 U 11
13 0 U 12
14 0 U 13
15 1 U 14
16 1 U -1
17 1 U 16
18 0 U 17
19 0 U 18
20 0 U 19
21 0 U 20
22 0 U 21
23 0 U 22
24 1 U -1
25 0 U 24
26 1 U 25
27 1 U 26
28 1 U 27
29 1 U 28
30 0 U 29
31 1 U 30
32 0 U -1
33 1 U 32
34 0 U 33
35 1 U 34
36 1 U 35
37 1 U 36
38 1 U 37
39 1 U 38
40 0 U -1
41 0 U 40
42 1 U 41
43 1 U 42
44 0 U 43
45 1 U 44
46 0 U 45
47 1 U 46
48 1 U -1
49 0 U 48
50 0 U 49
51 1 U 50
52 1 U 51
53 0 U 52
54 0 U 53
55 0 U 54
56 0 U -1
57 0 U 56
58 1 U 57
59 1 U 58
60 0 U 59
61 0 U 60
62 1 U 61
63 1 U 62
64 0 L 56
65 1 L 57
66 0 L 58
67 1 L 59
68 0 L 60
# score :82 1366658
# W : 624750 , H : 696492
69
0 1 U -1
1 0 U 0
2 0 U 1
3 0 U 2
4 0 U 3
5 1 U 4
6 0 U 5
7 0 U 6
8 0 U -1
9 0 U 8
10 0 U 9
11 1 U 10
12 0 U 11
13 0 U 12
14 1 U 13
15 0 U 14
16 0 U -1
17 1 U 16
18 0 U 17
19 0 U 18
20 1 U 19
21 0 U 20
22 0 U 21
23 1 U 22
24 0 U -1
25 1 U 24
26 0 U 25
27 1 U 26
28 1 U 27
29 0 U 28
30 1 U 29
31 0 U 30
32 0 U -1
33 0 U 32
34 0 U 33
35 1 U 34
36 0 U 35
37 0 U 36
38 0 U 37
39 0 U 38
40 0 U -1
41 1 U 40
42 1 U 41
43 1 U 42
44 1 U 43
45 1 U 44
46 0 U 45
47 1 U 46
48 0 U -1
49 1 U 48
50 1 U 49
51 1 U 50
52 0 U 51
53 0 U 52
54 1 U 53
55 0 U 54
56 0 U -1
57 0 U 56
58 0 U 57
59 1 U 58
60 1 U 59
61 1 U 60
62 0 U 61
63 1 U 62
64 0 L 56
65 1 L 57
66 1 L 58
67 1 L 59
68 0 L 60
# score :83 1411608
# W : 777468 , H : 717363
69
0 0 U -1
1 0 U 0
2 0 U 1
3 1 U 2
4 1 U 3
5 0 U 4
6 0 U 5
7 1 U 6
8 0 U -1
9 0 U 8
10 0 U 9
11 0 U 10
12 1 U 11
13 0 U 12
14 0 U 13
15 0 U 14
16 1 U -1
17 1 U 16
18 1 U 17
19 0 U 18
20 1 U 19
21 0 U 20
22 1 U 21
23 0 U 22
24 0 U -1
25 1 U 24
26 0 U 25
27 0 U 26
28 0 U 27
29 0 U 28
30 0 U 29
31 1 U 30
32 0 U -1
33 1 U 32
34 1 U 33
35 1 U 34
36 1 U 35
37 0 U 36
38 1 U 37
39 0 U 38
40 1 U -1
41 1 U 40
42 1 U 41
43 0 U 42
44 0 U 43
45 0 U 44
46 1 U 45
47 1 U 46
48 0 U -1
49 1 U 48
50 0 U 49
51 1 U 50
52 0 U 51
53 0 U 52
54 1 U 53
55 1 U 54
56 0 U -1
57 1 U 56
58 1 U 57
59 0 U 58
60 1 U 59
61 0 U 60
62 0 U 61
63 0 U 62
64 1 L 48
65 0 L 49
66 0 L 50
67 1 L 51
68 0 L 52
# score :84 1531582
# W : 770699 , H : 675058
69
0 0 U -1
1 0 U 0
2 0 U 1
3 0 U 2
4 0 U 3
5 0 U 4
6 0 U 5
7 0 U 6
8 0 U -1
9 0 U 8
10 0 U 9
11 0 U 10
12 0 U 11
13 1 U 12
14 1 U 13
15 1 U 14
16 1 U -1
17 1 U 16
18 0 U 17
19 1 U 18
20 0 U 19
21 0 U 20
22 1 U 21
23 0 U 22
24 0 U -1
25 1 U 24
26 0 U 25
27 1 U 26
28 1 U 27
29 0 U 28
30 0 U 29
31 1 U 30
32 1 U -1
33 1 U 32
34 0 U 33
35 1 U 34
36 1 U 35
37 1 U 36
38 1 U 37
39 1 U 38
40 1 U -1
41 0 U 40
42 1 U 41
43 1 U 42
44 0 U 43
45 1 U 44
46 0 U 45
47 0 U 46
48 1 U -1
49 1 U 48
50 0 U 49
51 1 U 50
52 0 U 51
53 0 U 52
54 1 U 53
55 1 U 54
56 0 U -1
57 1 U 56
58 0 U 57
59 1 U 58
60 0 U 59
61 1 U 60
62 0 U 61
63 0 U 62
64 1 L 48
65 1 L 49
66 1 L 50
67 1 L 51
68 1 L 52
# score :85 1583471
# W : 811305 , H : 654320
69
0 0 U -1
1 1 U 0
2 0 U 1
3 1 U 2
4 1 U 3
5 0 U 4
6 0 U 5
7 0 U 6
8 0 U -1
9 0 U 8
10 0 U 9
11 0 U 10
12 1 U 11
13 0 U 12
14 1 U 13
15 1 U 14
16 1 U -1
17 0 U 16
18 1 U 17
19 1 U 18
20 1 U 19
21 1 U 20
22 0 U 21
23 1 U 22
24 0 U -1
25 0 U 24
26 1 U 25
27 0 U 26
28 0 U 27
29 1 U 28
30 0 U 29
31 1 U 30
32 0 U -1
33 1 U 32
34 1 U 33
35 1 U 34
36 0 U 35
37 0 U 36
38 0 U 37
39 0 U 38
40 1 U -1
41 0 U 40
42 1 U 41
43 0 U 42
44 0 U 43
45 0 U 44
46 1 U 45
47 1 U 46
48 1 U -1
49 1 U 48
50 1 U 49
51 0 U 50
52 0 U 51
53 0 U 52
54 1 U 53
55 0 U 54
56 1 U -1
57 1 U 56
58 0 U 57
59 0 U 58
60 0 U 59
61 0 U 60
62 0 U 61
63 0 U 62
64 0 L 48
65 1 L 49
66 1 L 50
67 0 L 51
68 1 L 52
# score :86 1558545
# W : 857676 , H : 656032
69
0 1 U -1
1 1 U 0
2 1 U 1
3 0 U 2
4 0 U 3
5 1 U 4
6 1 U 5
7 1 U 6
8 0 U -1
9 0 U 8
10 0 U 9
11 0 U 10
12 1 U 11
13 0 U 12
14 0 U 13
15 1 U 14
16 0 U -1
17 1 U 16
18 1 U 17
19 0 U 18
20 0 U 19
21 1 U 20
22 0 U 21
23 1 U 22
24 0 U -1
25 1 U 24
26 0 U 25
27 0 U 26
28 1 U 27
29 0 U 28
30 0 U 29
31 1 U 30
32 0 U -1
33 0 U 32
34 1 U 33
35 0 U 34
36 0 U 35
37 1 U 36
38 0 U 37
39 1 U 38
40 1 U -1
41 1 U 40
42 0 U 41
43 0 U 42
44 1 U 43
45 0 U 44
46 1 U 45
47 0 U 46
48 1 U -1
49 0 U 48
50 0 U 49
51 0 U 50
52 1 U 51
53 1 U 52
54 0 U 53
55 1 U 54
56 0 U -1
57 1 U 56
58 0 U 57
59 0 U 58
60 0 U 59
61 0 U 60
62 1 U 61
63 1 U 62
64 0 L 48
65 0 L 49
66 0 L 50
67 1 L 51
68 0 L 52
# score :87 1533878
# W : 882784 , H : 685000
69
0 0 U -1
1 1 U 0
2 0 U 1
3 1 U 2
4 0 U 3
5 0 U 4
6 1 U 5
7 1 U 6
8 0 U -1
9 0 U 8
10 1 U 9
11 0 U 10
12 0 U 11
13 1 U 12
14 1 U 13
15 1 U 14
16 0 U -1
17 1 U 16
18 1 U 17
19 0 U 18
20 1 U 19
21 0 U 20
22 1 U 21
23 0 U 22
24 1 U -1
25 1 U 24
26 0 U 25
27 0 U 26
28 0 U 27
29 0 U 28
30 0 U 29
31 1 U 30
32 1 U -1
33 1 U 32
34 1 U 33
35 0 U 34
36 1 U 35
37 1 U 36
38 1 U 37
39 0 U 38
40 0 U -1
41 1 U 40
42 0 U 41
43 0 U 42
44 0 U 43
45 0 U 44
46 1 U 45
47 1 U 46
48 1 U -1
49 1 U 48
50 0 U 49
51 0 U 50
52 0 U 51
53 1 U 52
54 1 U 53
55 1 U 54
56 1 U -1
57 1 U 56
58 0 U 57
59 0 U 58
60 0 U 59
61 0 U 60
62 0 U 61
63 0 U 62
64 1 U -1
65 1 U 64
66 0 U 65
67 1 U 66
68 0 U 67
# score :88 1401642
# W : 601590 , H : 729751
69
0 0 U -1
1 0 U 0
2 1 U 1
3 0 U 2
4 1 U 3
5 0 U 4
6 1 U 5
7 0 U 6
8 0 U -1
9 1 U 8
10 1 U 9
11 0 U 10
12 0 U 11
13 1 U 12
14 0 U 13
15 1 U 14
16 1 U -1
17 1 U 16
18 1 U 17
19 0 U 18
20 0 U 19
21 1 U 20
22 0 U 21
23 1 U 22
24 0 U -1
25 1 U 24
26 0 U 25
27 0 U 26
28 0 U 27
29 0 U 28
30 0 U 29
31 0 U 30
32 0 U -1
33 1 U 32
34 0 U 33
35 1 U 34
36 1 U 35
37 1 U 36
38 1 U 37
39 0 U 38
40 1 U -1
41 1 U 40
42 1 U 41
43 1 U 42
44 1 U 43
45 1 U 44
46 0 U 45
47 1 U 46
48 1 U -1
49 1 U 48
50 0 U 49
51 0 U 50
52 0 U 51
53 0 U 52
54 1 U 53
55 0 U 54
56 0 U -1
57 0 U 56
58 0 U 57
59 1 U 58
60 0 U 59
61 0 U 60
62 1 U 61
63 0 U 62
64 1 U -1
65 0 U 64
66 0 U 65
67 0 U 66
68 0 U 67
# score :89 1503918
# W : 704982 , H : 765690
69
0 1 U -1
1 1 U 0
2 1 U 1
3 0 U 2
4 1 U 3
5 1 U 4
6 0 U 5
7 1 U 6
8 0 U -1
9 0 U 8
10 1 U 9
11 1 U 10
12 1 U 11
13 0 U 12
14 1 U 13
15 0 U 14
16 0 U -1
17 0 U 16
18 1 U 17
19 0 U 18
20 1 U 19
21 0 U 20
22 1 U 21
23 1 U 22
24 0 U -1
25 0 U 24
26 0 U 25
27 0 U 26
28 0 U 27
29 1 U 28
30 1 U 29
31 0 U 30
32 0 U -1
33 1 U 32
34 1 U 33
35 1 U 34
36 0 U 35
37 1 U 36
38 0 U 37
39 1 U 38
40 1 U -1
41 1 U 40
42 1 U 41
43 0 U 42
44 0 U 43
45 1 U 44
46 0 U 45
47 1 U 46
48 0 U -1
49 1 U 48
50 0 U 49
51 1 U 50
52 0 U 51
53 0 U 52
54 0 U 53
55 1 U 54
56 0 U -1
57 1 U 56
58 1 U 57
59 1 U 58
60 1 U 59
61 0 U 60
62 0 U 61
63 1 U 62
64 0 L 56
65 1 L 57
66 0 L 58
67 1 L 59
68 1 L 60
# score :90 1378745
# W : 713813 , H : 730179
69
0 0 U -1
1 0 U 0
2 0 U 1
3 0 U 2
4 0 U 3
5 1 U 4
6 1 U 5
7 1 U 6
8 0 U -1
9 0 U 8
10 0 U 9
11 0 U 10
12 0 U 11
13 0 U 12
14 1 U 13
15 1 U 14
16 0 U -1
17 0 U 16
18 1 U 17
19 1 U 18
20 0 U 19
21 1 U 20
22 0 U 21
23 1 U 22
24 0 U -1
25 0 U 24
26 0 U 25
27 0 U 26
28 1 U 27
29 0 U 28
30 0 U 29
31 0 U 30
32 1 U -1
33 1 U 32
34 0 U 33
35 1 U 34
36 1 U 35
37 1 U 36
38 1 U 37
39 1 U 38
40 0 U -1
41 1 U 40
42 0 U 41
43 0 U 42
44 0 U 43
45 0 U 44
46 1 U 45
47 0 U 46
48 1 U -1
49 1 U 48
50 0 U 49
51 1 U 50
52 0 U 51
53 0 U 52
54 0 U 53
55 0 U 54
56 1 U -1
57 1 U 56
58 1 U 57
59 1 U 58
60 0 U 59
61 0 U 60
62 0 U 61
63 0 U 62
64 1 L 56
65 0 L 57
66 1 L 58
67 0 L 59
68 1 L 60
# score :91 1492710
# W : 684863 , H : 743400
69
0 0 U -1
1 0 U 0
2 0 U 1
3 0 U 2
4 1 U 3
5 0 U 4
6 0 U 5
7 0 U 6
8 0 U -1
9 1 U 8
10 1 U 9
11 0 U 10
12 1 U 11
13 1 U 12
14 0 U 13
15 1 U 14
16 1 U -1
17 0 U 16
18 0 U 17
19 1 U 18
20 0 U 19
21 0 U 20
22 0 U 21
23 0 U 22
24 0 U -1
25 0 U 24
26 1 U 25
27 1 U 26
28 1 U 27
29 1 U 28
30 1 U 29
31 0 U 30
32 0 U -1
33 1 U 32
34 0 U 33
35 1 U 34
36 0 U 35
37 0 U 36
38 1 U 37
39 1 U 38
40 0 U -1
41 0 U 40
42 1 U 41
43 1 U 42
44 0 U 43
45 1 U 44
46 0 U 45
47 0 U 46
48 1 U -1
49 0 U 48
50 0 U 49
51 0 U 50
52 0 U 51
53 1 U 52
54 1 U 53
55 1 U 54
56 0 U -1
57 0 U 56
58 1 U 57
59 0 U 58
60 1 U 59
61 0 U 60
62 0 U 61
63 0 U 62
64 1 L 48
65 0 L 49
66 0 L 50
67 1 L 51
68 1 L 52
# score :92 1448542
# W : 854471 , H : 626596
69
0 0 U -1
1 1 U 0
2 1 U 1
3 1 U 2
4 1 U 3
5 1 U 4
6 1 U 5
7 0 U 6
8 0 U -1
9 1 U 8
10 0 U 9
11 1 U 10
12 1 U 11
13 1 U 12
14 0 U 13
15 1 U 14
16 1 U -1
17 1 U 16
18 1 U 17
19 0 U 18
20 0 U 19
21 0 U 20
22 1 U 21
23 1 U 22
24 0 U -1
25 1 U 24
26 1 U 25
27 1 U 26
28 1 U 27
29 1 U 28
30 1 U 29
31 0 U 30
32 0 U -1
33 1 U 32
34 0 U 33
35 0 U 34
36 0 U 35
37 1 U 36
38 0 U 37
39 0 U 38
40 0 U -1
41 1 U 40
42 0 U 41
43 0 U 42
44 1 U 43
45 0 U 44
46 0 U 45
47 1 U 46
48 1 U -1
49 0 U 48
50 1 U 49
51 0 U 50
52 1 U 51
53 0 U 52
54 0 U 53
55 1 U 54
56 1 U -1
57 0 U 56
58 1 U 57
59 0 U 58
60 1 U 59
61 1 U 60
62 1 U 61
63 1 U 62
64 1 L 48
65 1 L 49
66 1 L 50
67 1 L 51
68 0 L 52
# score :93 1426899
# W : 771640 , H : 647738
69
0 1 U -1
1 0 U 0
2 1 U 1
3 0 U 2
4 1 U 3
5 0 U 4
6 0 U 5
7 0 U 6
8 0 U -1
9 1 U 8
10 0 U 9
11 0 U 10
12 0 U 11
13 1 U 12
14 1 U 13
15 1 U 14
16 0 U -1
17 0 U 16
18 0 U 17
19 0 U 18
20 1 U 19
21 0 U 20
22 1 U 21
23 0 U 22
24 0 U -1
25 1 U 24
26 1 U 25
27 0 U 26
28 1 U 27
29 1 U 28
30 1 U 29
31 0 U 30
32 0 U -1
33 0 U 32
34 0 U 33
35 1 U 34
36 1 U 35
37 1 U 36
38 1 U 37
39 1 U 38
40 1 U -1
41 1 U 40
42 0 U 41
43 1 U 42
44 1 U 43
45 0 U 44
46 1 U 45
47 0 U 46
48 0 U -1
49 0 U 48
50 0 U 49
51 0 U 50
52 1 U 51
53 0 U 52
54 1 U 53
55 1 U 54
56 1 U -1
57 1 U 56
58 0 U 57
59 1 U 58
60 1 U 59
61 1 U 60
62 1 U 61
63 1 U 62
64 0 L 48
65 0 L 49
66 0 L 50
67 0 L 51
68 1 L 52
# score :94 1571113
# W : 910180 , H : 626495
69
0 0 U -1
1 0 U 0
2 0 U 1
3 0 U 2
4 1 U 3
5 0 U 4
6 1 U 5
7 0 U 6
8 1 U -1
9 0 U 8
10 1 U 9
11 1 U 10
12 0 U 11
13 0 U 12
14 1 U 13
15 1 U 14
16 0 U -1
17 0 U 16
18 0 U 17
19 0 U 18
20 0 U 19
21 0 U 20
22 0 U 21
23 1 U 22
24 1 U -1
25 1 U 24
26 1 U 25
27 0 U 26
28 0 U 27
29 0 U 28
30 1 U 29
31 0 U 30
32 0 U -1
33 0 U 32
34 1 U 33
35 1 U 34
36 1 U 35
37 1 U 36
38 1 U 37
39 0 U 38
40 1 U -1
41 0 U 40
42 0 U 41
43 1 U 42
44 1 U 43
45 1 U 44
46 0 U 45
47 1 U 46
48 0 U -1
49 0 U 48
50 0 U 49
51 1 U 50
52 1 U 51
53 1 U 52
54 0 U 53
55 0 U 54
56 1 U -1
57 0 U 56
58 1 U 57
59 1 U 58
60 1 U 59
61 1 U 60
62 0 U 61
63 0 U 62
64 0 L 48
65 1 L 49
66 1 L 50
67 1 L 51
68 1 L 52
# score :95 1524516
# W : 939341 , H : 637663
69
0 0 U -1
1 1 U 0
2 1 U 1
3 0 U 2
4 1 U 3
5 1 U 4
6 1 U 5
7 0 U 6
8 1 U -1
9 0 U 8
10 0 U 9
11 1 U 10
12 1 U 11
13 1 U 12
14 1 U 13
15 1 U 14
16 1 U -1
17 0 U 16
18 0 U 17
19 1 U 18
20 1 U 19
21 0 U 20
22 1 U 21
23 0 U 22
24 1 U -1
25 0 U 24
26 1 U 25
27 1 U 26
28 0 U 27
29 0 U 28
30 0 U 29
31 1 U 30
32 0 U -1
33 1 U 32
34 0 U 33
35 0 U 34
36 0 U 35
37 1 U 36
38 0 U 37
39 0 U 38
40 0 U -1
41 1 U 40
42 1 U 41
43 0 U 42
44 0 U 43
45 1 U 44
46 0 U 45
47 0 U 46
48 0 U -1
49 1 U 48
50 1 U 49
51 0 U 50
52 1 U 51
53 1 U 52
54 0 U 53
55 1 U 54
56 0 U -1
57 0 U 56
58 0 U 57
59 1 U 58
60 1 U 59
61 0 U 60
62 1 U 61
63 0 U 62
64 0 U -1
65 1 U 64
66 0 U 65
67 1 U 66
68 0 U 67
# score :96 1381848
# W : 603749 , H : 722416
69
0 0 U -1
1 0 U 0
2 1 U 1
3 1 U 2
4 1 U 3
5 1 U 4
6 0 U 5
7 0 U 6
8 1 U -1
9 0 U 8
10 1 U 9
11 1 U 10
12 0 U 11
13 0 U 12
14 1 U 13
15 1 U 14
16 0 U -1
17 0 U 16
18 0 U 17
19 0 U 18
20 0 U 19
21 1 U 20
22 0 U 21
23 0 U 22
24 1 U -1
25 0 U 24
26 1 U 25
27 1 U 26
28 0 U 27
29 0 U 28
30 1 U 29
31 0 U 30
32 0 U -1
33 1 U 32
34 0 U 33
35 1 U 34
36 1 U 35
37 0 U 36
38 0 U 37
39 1 U 38
40 1 U -1
41 1 U 40
42 1 U 41
43 1 U 42
44 1 U 43
45 1 U 44
46 1 U 45
47 0 U 46
48 1 U -1
49 1 U 48
50 0 U 49
51 0 U 50
52 1 U 51
53 1 U 52
54 0 U 53
55 0 U 54
56 1 U -1
57 0 U 56
58 1 U 57
59 1 U 58
60 1 U 59
61 1 U 60
62 1 U 61
63 0 U 62
64 0 U -1
65 0 U 64
66 1 U 65
67 1 U 66
68 0 U 67
# score :97 1478314
# W : 660572 , H : 739109
69
0 0 U -1
1 0 U 0
2 0 U 1
3 0 U 2
4 1 U 3
5 0 U 4
6 1 U 5
7 1 U 6
8 1 U -1
9 0 U 8
10 0 U 9
11 0 U 10
12 1 U 11
13 0 U 12
14 0 U 13
15 1 U 14
16 0 U -1
17 1 U 16
18 1 U 17
19 0 U 18
20 1 U 19
21 1 U 20
22 0 U 21
23 1 U 22
24 1 U -1
25 0 U 24
26 0 U 25
27 1 U 26
28 0 U 27
29 0 U 28
30 0 U 29
31 0 U 30
32 1 U -1
33 1 U 32
34 1 U 33
35 0 U 34
36 0 U 35
37 0 U 36
38 0 U 37
39 1 U 38
40 0 U -1
41 1 U 40
42 1 U 41
43 1 U 42
44 1 U 43
45 1 U 44
46 0 U 45
47 0 U 46
48 1 U -1
49 1 U 48
50 1 U 49
51 1 U 50
52 0 U 51
53 0 U 52
54 1 U 53
55 0 U 54
56 1 U -1
57 0 U 56
58 0 U 57
59 0 U 58
60 1 U 59
61 1 U 60
62 0 U 61
63 1 U 62
64 0 L 56
65 0 L 57
66 1 L 58
67 0 L 59
68 1 L 60
# score :98 1485341
# W : 812713 , H : 747821
69
0 0 U -1
1 0 U 0
2 0 U 1
3 1 U 2
4 0 U 3
5 1 U 4
6 0 U 5
7 1 U 6
8 0 U -1
9 1 U 8
10 1 U 9
11 0 U 10
12 0 U 11
13 0 U 12
14 0 U 13
15 0 U 14
16 1 U -1
17 1 U 16
18 1 U 17
19 1 U 18
20 1 U 19
21 0 U 20
22 1 U 21
23 1 U 22
24 0 U -1
25 1 U 24
26 0 U 25
27 0 U 26
28 0 U 27
29 0 U 28
30 1 U 29
31 1 U 30
32 0 U -1
33 0 U 32
34 1 U 33
35 1 U 34
36 1 U 35
37 1 U 36
38 0 U 37
39 0 U 38
40 1 U -1
41 1 U 40
42 0 U 41
43 1 U 42
44 1 U 43
45 0 U 44
46 0 U 45
47 1 U 46
48 1 U -1
49 0 U 48
50 1 U 49
51 1 U 50
52 0 U 51
53 0 U 52
54 0 U 53
55 1 U 54
56 1 U -1
57 0 U 56
58 0 U 57
59 1 U 58
60 0 U 59
61 0 U 60
62 1 U 61
63 0 U 62
64 0 L 56
65 0 L 57
66 1 L 58
67 0 L 59
68 1 L 60
# score :99 1427698
# W : 765624 , H : 700205
69
0 1 U -1
1 0 U 0
2 0 U 1
3 1 U 2
4 1 U 3
5 0 U 4
6 1 U 5
7 1 U 6
8 0 U -1
9 0 U 8
10 1 U 9
11 1 U 10
12 0 U 11
13 0 U 12
14 0 U 13
15 0 U 14
16 0 U -1
17 0 U 16
18 0 U 17
19 1 U 18
20 1 U 19
21 1 U 20
22 1 U 21
23 0 U 22
24 1 U -1
25 0 U 24
26 1 U 25
27 1 U 26
28 1 U 27
29 0 U 28
30 0 U 29
31 1 U 30
32 0 U -1
33 1 U 32
34 1 U 33
35 0 U 34
36 0 U 35
37 0 U 36
38 0 U 37
39 0 U 38
40 1 U -1
41 1 U 40
42 1 U 41
43 0 U 42
44 0 U 43
45 1 U 44
46 1 U 45
47 1 U 46
48 1 U -1
49 1 U 48
50 0 U 49
51 1 U 50
52 0 U 51
53 0 U 52
54 1 U 53
55 0 U 54
56 1 U -1
57 0 U 56
58 1 U 57
59 1 U 58
60 0 U 59
61 1 U 60
62 0 U 61
63 0 U 62
64 0 L 48
65 0 L 49
66 1 L 50
67 0 L 51
68 0 L 52
# score :100 1561759
# W : 856716 , H : 647057
69
0 0 U -1
1 0 U 0
2 1 U 1
3 1 U 2
4 0 U 3
5 0 U 4
6 0 U 5
7 0 U 6
8 0 U -1
9 0 U 8
10 0 U 9
11 1 U 10
12 0 U 11
13 0 U 12
14 1 U 13
15 1 U 14
16 0 U -1
17 1 U 16
18 0 U 17
19 0 U 18
20 1 U 19
21 0 U 20
22 1 U 21
23 1 U 22
24 0 U -1
25 0 U 24
26 0 U 25
27 1 U 26
28 0 U 27
29 0 U 28
30 0 U 29
31 0 U 30
32 0 U -1
33 1 U 32
34 0 U 33
35 0 U 34
36 0 U 35
37 0 U 36
38 1 U 37
39 0 U 38
40 0 U -1
41 0 U 40
42 1 U 41
43 0 U 42
44 1 U 43
45 0 U 44
46 1 U 45
47 1 U 46
48 0 U -1
49 0 U 48
50 1 U 49
51 1 U 50
52 0 U 51
53 0 U 52
54 1 U 53
55 0 U 54
56 1 U -1
57 1 U 56
58 1 U 57
59 0 U 58
60 1 U 59
61 1 U 60
62 1 U 61
63 1 U 62
64 0 L 48
65 0 L 49
66 1 L 50
67 0 L 51
68 1 L 52
# score :101 1507738
# W : 820520 , H : 664659
69
0 0 U -1
1 0 U 0
2 1 U 1
3 1 U 2
4 0 U 3
5 1 U 4
6 1 U 5
7 0 U 6
8 1 U -1
9 1 U 8
10 1 U 9
11 1 U 10
12 1 U 11
13 1 U 12
14 0 U 13
15 0 U 14
16 0 U -1
17 1 U 16
18 1 U 17
19 1 U 18
20 1 U 19
21 1 U 20
22 1 U 21
23 1 U 22
24 0 U -1
25 0 U 24
26 1 U 25
27 1 U 26
28 1 U 27
29 1 U 28
30 1 U 29
31 1 U 30
32 1 U -1
33 1 U 32
34 1 U 33
35 1 U 34
36 1 U 35
37 1 U 36
38 1 U 37
39 1 U 38
40 1 U -1
41 0 U 40
42 1 U 41
43 1 U 42
44 1 U 43
45 1 U 44
46 0 U 45
47 0 U 46
48 0 U -1
49 1 U 48
50 0 U 49
51 0 U 50
52 0 U 51
53 0 U 52
54 0 U 53
55 1 U 54
56 1 U -1
57 0 U 56
58 1 U 57
59 1 U 58
60 0 U 59
61 1 U 60
62 0 U 61
63 1 U 62
64 1 L 48
65 0 L 49
66 0 L 50
67 1 L 51
68 0 L 52
# score :102 1509607
# W : 823629 , H : 684993
69
0 1 U -1
1 1 U 0
2 1 U 1
3 1 U 2
4 0 U 3
5 0 U 4
6 0 U 5
7 0 U 6
8 1 U -1
9 0 U 8
10 1 U 9
11 1 U 10
12 0 U 11
13 0 U 12
14 1 U 13
15 0 U 14
16 0 U -1
17 1 U 16
18 0 U 17
19 1 U 18
20 0 U 19
21 1 U 20
22 1 U 21
23 1 U 22
24 0 U -1
25 1 U 24
26 1 U 25
27 1 U 26
28 1 U 27
29 1 U 28
30 1 U 29
31 0 U 30
32 0 U -1
33 1 U 32
34 1 U 33
35 0 U 34
36 0 U 35
37 1 U 36
38 1 U 37
39 0 U 38
40 0 U -1
41 0 U 40
42 1 U 41
43 0 U 42
44 0 U 43
45 1 U 44
46 0 U 45
47 1 U 46
48 1 U -1
49 0 U 48
50 1 U 49
51 0 U 50
52 0 U 51
53 0 U 52
54 1 U 53
55 1 U 54
56 1 U -1
57 1 U 56
58 1 U 57
59 0 U 58
60 0 U 59
61 1 U 60
62 1 U 61
63 1 U 62
64 0 L 48
65 1 L 49
66 1 L 50
67 0 L 51
68 1 L 52
# score :103 1511773
# W : 826623 , H : 676051
69
0 0 U -1
1 0 U 0
2 0 U 1
3 1 U 2
4 0 U 3
5 1 U 4
6 0 U 5
7 1 U 6
8 0 U -1
9 1 U 8
10 0 U 9
11 1 U 10
12 1 U 11
13 0 U 12
14 0 U 13
15 1 U 14
16 0 U -1
17 1 U 16
18 1 U 17
19 0 U 18
20 0 U 19
21 1 U 20
22 1 U 21
23 1 U 22
24 1 U -1
25 1 U 24
26 0 U 25
27 1 U 26
28 1 U 27
29 1 U 28
30 0 U 29
31 1 U 30
32 1 U -1
33 1 U 32
34 1 U 33
35 0 U 34
36 0 U 35
37 0 U 36
38 0 U 37
39 1 U 38
40 0 U -1
41 1 U 40
42 0 U 41
43 1 U 42
44 0 U 43
45 1 U 44
46 1 U 45
47 0 U 46
48 0 U -1
49 0 U 48
50 1 U 49
51 1 U 50
52 1 U 51
53 0 U 52
54 1 U 53
55 0 U 54
56 0 U -1
57 1 U 56
58 1 U 57
59 1 U 58
60 1 U 59
61 1 U 60
62 0 U 61
63 1 U 62
64 1 U -1
65 0 U 64
66 1 U 65
67 1 U 66
68 0 U 67
# score :104 1459485
# W : 640479 , H : 743628
69
0 1 U -1
1 0 U 0
2 1 U 1
3 0 U 2
4 0 U 3
5 0 U 4
6 0 U 5
7 0 U 6
8 1 U -1
9 1 U 8
10 0 U 9
11 1 U 10
12 1 U 11
13 1 U 12
14 0 U 13
15 1 U 14
16 1 U -1
17 1 U 16
18 0 U 17
19 0 U 18
20 0 U 19
21 0 U 20
22 0 U 21
23 0 U 22
24 0 U -1
25 0 U 24
26 0 U 25
27 1 U 26
28 0 U 27
29 0 U 28
30 1 U 29
31 0 U 30
32 0 U -1
33 1 U 32
34 0 U 33
35 0 U 34
36 1 U 35
37 1 U 36
38 0 U 37
39 0 U 38
40 1 U -1
41 0 U 40
42 1 U 41
43 0 U 42
44 0 U 43
45 0 U 44
46 0 U 45
47 0 U 46
48 1 U -1
49 1 U 48
50 0 U 49
51 0 U 50
52 0 U 51
53 0 U 52
54 0 U 53
55 0 U 54
56 0 U -1
57 1 U 56
58 0 U 57
59 1 U 58
60 1 U 59
61 1 U 60
62 1 U 61
63 1 U 62
64 0 U -1
65 0 U 64
66 0 U 65
67 0 U 66
68 1 U 67
# score :105 1435934
# W : 622701 , H : 757244
69
0 0 U -1
1 0 U 0
2 1 U 1
3 1 U 2
4 0 U 3
5 1 U 4
6 0 U 5
7 1 U 6
8 1 U -1
9 0 U 8
10 0 U 9
11 0 U 10
12 1 U 11
13 1 U 12
14 1 U 13
15 0 U 14
16 1 U -1
17 1 U 16
18 1 U 17
19 1 U 18
20 1 U 19
21 1 U 20
22 0 U 21
23 0 U 22
24 1 U -1
25 0 U 24
26 0 U 25
27 0 U 26
28 0 U 27
29 1 U 28
30 0 U 29
31 0 U 30
32 0 U -1
33 1 U 32
34 1 U 33
35 1 U 34
36 0 U 35
37 1 U 36
38 0 U 37
39 0 U 38
40 1 U -1
41 1 U 40
42 1 U 41
43 0 U 42
44 0 U 43
45 0 U 44
46 1 U 45
47 0 U 46
48 0 U -1
49 0 U 48
50 0 U 49
51 1 U 50
52 0 U 51
53 1 U 52
54 0 U 53
55 0 U 54
56 0 U -1
57 1 U 56
58 1 U 57
59 0 U 58
60 0 U 59
61 1 U 60
62 1 U 61
63 0 U 62
64 0 L 56
65 0 L 57
66 1 L 58
67 1 L 59
68 0 L 60
# score :106 1451094
# W : 634149 , H : 756943
69
0 0 U -1
1 1 U 0
2 1 U 1
3 1 U 2
4 1 U 3
5 1 U 4
6 0 U 5
7 0 U 6
8 1 U -1
9 0 U 8
10 0 U 9
11 0 U 10
12 0 U 11
13 1 U 12
14 0 U 13
15 0 U 14
16 1 U -1
17 0 U 16
18 0 U 17
19 0 U 18
20 0 U 19
21 0 U 20
22 0 U 21
23 1 U 22
24 1 U -1
25 0 U 24
26 0 U 25
27 0 U 26
28 1 U 27
29 0 U 28
30 0 U 29
31 1 U 30
32 1 U -1
33 0 U 32
34 1 U 33
35 0 U 34
36 0 U 35
37 1 U 36
38 1 U 37
39 0 U 38
40 0 U -1
41 0 U 40
42 0 U 41
43 1 U 42
44 1 U 43
45 0 U 44
46 1 U 45
47 0 U 46
48 0 U -1
49 0 U 48
50 0 U 49
51 0 U 50
52 0 U 51
53 1 U 52
54 0 U 53
55 0 U 54
56 0 U -1
57 0 U 56
58 0 U 57
59 0 U 58
60 0 U 59
61 0 U 60
62 0 U 61
63 0 U 62
64 0 L 56
65 0 L 57
66 1 L 58
67 1 L 59
68 0 L 60
# score :107 1443507
# W : 669405 , H : 711367
69
0 0 U -1
1 1 U 0
2 0 U 1
3 0 U 2
4 1 U 3
5 0 U 4
6 0 U 5
7 0 U 6
8 1 U -1
9 1 U 8
10 0 U 9
11 0 U 10
12 1 U 11
13 0 U 12
14 0 U 13
15 1 U 14
16 1 U -1
17 0 U 16
18 1 U 17
19 0 U 18
20 1 U 19
21 0 U 20
22 0 U 21
23 0 U 22
24 0 U -1
25 0 U 24
26 0 U 25
27 0 U 26
28 1 U 27
29 0 U 28
30 1 U 29
31 1 U 30
32 0 U -1
33 1 U 32
34 1 U 33
35 1 U 34
36 0 U 35
37 0 U 36
38 0 U 37
39 0 U 38
40 1 U -1
41 0 U 40
42 0 U 41
43 0 U 42
44 1 U 43
45 0 U 44
46 1 U 45
47 0 U 46
48 0 U -1
49 0 U 48
50 1 U 49
51 0 U 50
52 0 U 51
53 0 U 52
54 1 U 53
55 0 U 54
56 0 U -1
57 0 U 56
58 0 U 57
59 0 U 58
60 1 U 59
61 0 U 60
62 1 U 61
63 0 U 62
64 1 L 48
65 0 L 49
66 0 L 50
67 1 L 51
68 1 L 52
# score :108 1551497
# W : 811970 , H : 654983
69
0 1 U -1
1 0 U 0
2 1 U 1
3 1 U 2
4 0 U 3
5 1 U 4
6 0 U 5
7 0 U 6
8 0 U -1
9 1 U 8
10 0 U 9
11 0 U 10
12 0 U 11
13 1 U 12
14 0 U 13
15 0 U 14
16 1 U -1
17 0 U 16
18 1 U 17
19 1 U 18
20 0 U 19
21 0 U 20
22 0 U 21
23 0 U 22
24 0 U -1
25 0 U 24
26 1 U 25
27 0 U 26
28 0 U 27
29 0 U 28
30 0 U 29
31 1 U 30
32 1 U -1
33 0 U 32
34 1 U 33
35 1 U 34
36 1 U 35
37 1 U 36
38 0 U 37
39 0 U 38
40 1 U -1
41 0 U 40
42 0 U 41
43 1 U 42
44 0 U 43
45 1 U 44
46 1 U 45
47 1 U 46
48 1 U -1
49 1 U 48
50 1 U 49
51 0 U 50
52 1 U 51
53 1 U 52
54 0 U 53
55 0 U 54
56 0 U -1
57 1 U 56
58 0 U 57
59 0 U 58
60 1 U 59
61 0 U 60
62 0 U 61
63 1 U 62
64 0 L 48
65 0 L 49
66 0 L 50
67 0 L 51
68 0 L 52
# score :109 1507469
# W : 888539 , H : 641724
69
0 0 U -1
1 1 U 0
2 1 U 1
3 0 U 2
4 1 U 3
5 1 U 4
6 0 U 5
7 1 U 6
8 0 U -1
9 1 U 8
10 1 U 9
11 1 U 10
12 1 U 11
13 0 U 12
14 1 U 13
15 1 U 14
16 0 U -1
17 0 U 16
18 1 U 17
19 1 U 18
20 0 U 19
21 1 U 20
22 0 U 21
23 0 U 22
24 1 U -1
25 1 U 24
26 0 U 25
27 0 U 26
28 1 U 27
29 0 U 28
30 1 U 29
31 0 U 30
32 1 U -1
33 0 U 32
34 1 U 33
35 0 U 34
36 0 U 35
37 0 U 36
38 0 U 37
39 1 U 38
40 0 U -1
41 1 U 40
42 1 U 41
43 0 U 42
44 0 U 43
45 1 U 44
46 1 U 45
47 0 U 46
48 1 U -1
49 1 U 48
50 0 U 49
51 0 U 50
52 0 U 51
53 1 U 52
54 1 U 53
55 1 U 54
56 0 U -1
57 1 U 56
58 0 U 57
59 0 U 58
60 0 U 59
61 0 U 60
62 1 U 61
63 0 U 62
64 1 L 48
65 0 L 49
66 0 L 50
67 0 L 51
68 0 L 52
# score :110 1572719
# W : 813986 , H : 693033
69
0 0 U -1
1 0 U 0
2 1 U 1
3 1 U 2
4 0 U 3
5 1 U 4
6 1 U 5
7 0 U 6
8 0 U -1
9 1 U 8
10 1 U 9
11 1 U 10
12 1 U 11
13 0 U 12
14 0 U 13
15 1 U 14
16 0 U -1
17 0 U 16
18 0 U 17
19 0 U 18
20 1 U 19
21 1 U 20
22 1 U 21
23 1 U 22
24 1 U -1
25 1 U 24
26 0 U 25
27 0 U 26
28 1 U 27
29 0 U 28
30 1 U 29
31 1 U 30
32 1 U -1
33 0 U 32
34 0 U 33
35 1 U 34
36 1 U 35
37 1 U 36
38 1 U 37
39 0 U 38
40 0 U -1
41 1 U 40
42 0 U 41
43 0 U 42
44 0 U 43
45 0 U 44
46 1 U 45
47 1 U 46
48 1 U -1
49 0 U 48
50 0 U 49
51 1 U 50
52 1 U 51
53 0 U 52
54 1 U 53
55 0 U 54
56 1 U -1
57 1 U 56
58 1 U 57
59 1 U 58
60 1 U 59
61 0 U 60
62 1 U 61
63 0 U 62
64 1 L 48
65 0 L 49
66 0 L 50
67 0 L 51
68 0 L 52
# score :111 1596794
# W : 820813 , H : 699151
69
0 1 U -1
1 1 U 0
2 1 U 1
3 1 U 2
4 0 U 3
5 0 U 4
6 0 U 5
7 1 U 6
8 0 U -1
9 0 U 8
10 1 U 9
11 1 U 10
12 0 U 11
13 1 U 12
14 0 U 13
15 0 U 14
16 0 U -1
17 1 U 16
18 0 U 17
19 0 U 18
20 1 U 19
21 0 U 20
22 1 U 21
23 1 U 22
24 0 U -1
25 1 U 24
26 1 U 25
27 1 U 26
28 0 U 27
29 0 U 28
30 0 U 29
31 1 U 30
32 0 U -1
33 1 U 32
34 0 U 33
35 0 U 34
36 1 U 35
37 1 U 36
38 0 U 37
39 1 U 38
40 0 U -1
41 0 U 40
42 0 U 41
43 1 U 42
44 1 U 43
45 1 U 44
46 1 U 45
47 1 U 46
48 0 U -1
49 1 U 48
50 1 U 49
51 1 U 50
52 1 U 51
53 1 U 52
54 0 U 53
55 0 U 54
56 0 U -1
57 0 U 56
58 1 U 57
59 0 U 58
60 1 U 59
61 0 U 60
62 1 U 61
63 1 U 62
64 0 U -1
65 1 U 64
66 1 U 65
67 0 U 66
68 1 U 67
# score :112 1437717
# W : 623492 , H : 753311
69
0 0 U -1
1 1 U 0
2 1 U 1
3 0 U 2
4 0 U 3
5 0 U 4
6 1 U 5
7 0 U 6
8 1 U -1
9 1 U 8
10 1 U 9
11 0 U 10
12 1 U 11
13 1 U 12
14 1 U 13
15 1 U 14
16 1 U -1
17 0 U 16
18 1 U 17
19 0 U 18
20 1 U 19
21 0 U 20
22 1 U 21
23 0 U 22
24 0 U -1
25 1 U 24
26 1 U 25
27 0 U 26
28 1 U 27
29 1 U 28
30 0 U 29
31 1 U 30
32 1 U -1
33 0 U 32
34 1 U 33
35 1 U 34
36 1 U 35
37 0 U 36
38 1 U 37
39 1 U 38
40 1 U -1
41 1 U 40
42 1 U 41
43 1 U 42
44 1 U 43
45 0 U 44
46 0 U 45
47 1 U 46
48 0 U -1
49 1 U 48
50 0 U 49
51 0 U 50
52 0 U 51
53 1 U 52
54 1 U 53
55 0 U 54
56 1 U -1
57 0 U 56
58 1 U 57
59 0 U 58
60 1 U 59
61 1 U 60
62 0 U 61
63 0 U 62
64 1 U -1
65 0 U 64
66 0 U 65
67 1 U 66
68 1 U 67
# score :113 1389831
# W : 636822 , H : 730579
69
0 1 U -1
1 0 U 0
2 0 U 1
3 1 U 2
4 1 U 3
5 1 U 4
6 0 U 5
7 1 U 6
8 0 U -1
9 0 U 8
10 0 U 9
11 0 U 10
12 1 U 11
13 1 U 12
14 0 U 13
15 0 U 14
16 0 U -1
17 0 U 16
18 0 U 17
19 1 U 18
20 1 U 19
21 1 U 20
22 1 U 21
23 1 U 22
24 1 U -1
25 0 U 24
26 1 U 25
27 1 U 26
28 1 U 27
29 1 U 28
30 0 U 29
31 1 U 30
32 0 U -1
33 0 U 32
34 0 U 33
35 0 U 34
36 1 U 35
37 0 U 36
38 0 U 37
39 0 U 38
40 0 U -1
41 0 U 40
42 0 U 41
43 1 U 42
44 0 U 43
45 1 U 44
46 1 U 45
47 0 U 46
48 1 U -1
49 1 U 48
50 0 U 49
51 0 U 50
52 0 U 51
53 1 U 52
54 0 U 53
55 0 U 54
56 0 U -1
57 1 U 56
58 1 U 57
59 1 U 58
60 1 U 59
61 1 U 60
62 0 U 61
63 0 U 62
64 1 L 56
65 1 L 57
66 0 L 58
67 0 L 59
68 0 L 60
# score :114 1442099
# W : 735990 , H : 720675
69
0 0 U -1
1 0 U 0
2 0 U 1
3 1 U 2
4 1 U 3
5 1 U 4
6 1 U 5
7 0 U 6
8 0 U -1
9 1 U 8
10 0 U 9
11 0 U 10
12 1 U 11
13 0 U 12
14 0 U 13
15 1 U 14
16 0 U -1
17 1 U 16
18 1 U 17
19 0 U 18
20 0 U 19
21 0 U 20
22 0 U 21
23 0 U 22
24 1 U -1
25 0 U 24
26 1 U 25
27 0 U 26
28 1 U 27
29 0 U 28
30 0 U 29
31 0 U 30
32 0 U -1
33 1 U 32
34 1 U 33
35 1 U 34
36 0 U 35
37 1 U 36
38 0 U 37
39 1 U 38
40 1 U -1
41 1 U 40
42 0 U 41
43 1 U 42
44 0 U 43
45 1 U 44
46 0 U 45
47 1 U 46
48 1 U -1
49 1 U 48
50 0 U 49
51 0 U 50
52 0 U 51
53 1 U 52
54 1 U 53
55 0 U 54
56 0 U -1
57 1 U 56
58 1 U 57
59 0 U 58
60 1 U 59
61 0 U 60
62 0 U 61
63 0 U 62
64 1 L 56
65 0 L 57
66 0 L 58
67 1 L 59
68 0 L 60
# score :115 1441673
# W : 803925 , H : 720612
69
0 1 U -1
1 0 U 0
2 0 U 1
3 1 U 2
4 0 U 3
5 0 U 4
6 0 U 5
7 0 U 6
8 0 U -1
9 1 U 8
10 1 U 9
11 1 U 10
12 0 U 11
13 1 U 12
14 1 U 13
15 0 U 14
16 1 U -1
17 1 U 16
18 1 U 17
19 1 U 18
20 0 U 19
21 1 U 20
22 0 U 21
23 1 U 22
24 1 U -1
25 1 U 24
26 1 U 25
27 0 U 26
28 0 U 27
29 0 U 28
30 1 U 29
31 1 U 30
32 1 U -1
33 0 U 32
34 1 U 33
35 1 U 34
36 1 U 35
37 0 U 36
38 0 U 37
39 0 U 38
40 0 U -1
41 0 U 40
42 0 U 41
43 0 U 42
44 0 U 43
45 0 U 44
46 1 U 45
47 1 U 46
48 1 U -1
49 0 U 48
50 1 U 49
51 1 U 50
52 1 U 51
53 1 U 52
54 0 U 53
55 0 U 54
56 0 U -1
57 1 U 56
58 1 U 57
59 0 U 58
60 1 U 59
61 0 U 60
62 1 U 61
63 0 U 62
64 1 L 48
65 0 L 49
66 0 L 50
67 0 L 51
68 0 L 52
# score :116 1494284
# W : 870649 , H : 655100
