99
0 0 U -1
1 0 U 0
2 0 U 1
3 0 U 2
4 0 U 3
5 0 U 4
6 0 U 5
7 0 U 6
8 0 U 7
9 0 U -1
10 0 U 9
11 0 U 10
12 0 U 11
13 0 U 12
14 0 U 13
15 0 U 14
16 0 U 15
17 0 U 16
18 0 U -1
19 0 U 18
20 0 U 19
21 0 U 20
22 0 U 21
23 0 U 22
24 0 U 23
25 0 U 24
26 0 U 25
27 0 U -1
28 0 U 27
29 0 U 28
30 0 U 29
31 0 U 30
32 0 U 31
33 0 U 32
34 0 U 33
35 0 U 34
36 0 U -1
37 0 U 36
38 0 U 37
39 0 U 38
40 0 U 39
41 0 U 40
42 0 U 41
43 0 U 42
44 0 U 43
45 0 U -1
46 0 U 45
47 0 U 46
48 0 U 47
49 0 U 48
50 0 U 49
51 0 U 50
52 0 U 51
53 0 U 52
54 0 U -1
55 0 U 54
56 0 U 55
57 0 U 56
58 0 U 57
59 0 U 58
60 0 U 59
61 0 U 60
62 0 U 61
63 0 U -1
64 0 U 63
65 0 U 64
66 0 U 65
67 0 U 66
68 0 U 67
69 0 U 68
70 0 U 69
71 0 U 70
72 0 U -1
73 0 U 72
74 0 U 73
75 0 U 74
76 0 U 75
77 0 U 76
78 0 U 77
79 0 U 78
80 0 U 79
81 0 U -1
82 0 U 81
83 0 U 82
84 0 U 83
85 0 U 84
86 0 U 85
87 0 U 86
88 0 U 87
89 0 U 88
90 0 U -1
91 0 U 90
92 0 U 91
93 0 U 92
94 0 U 93
95 0 U 94
96 0 U 95
97 0 U 96
98 0 U 97
# score :0 1766765
# W : 711122 , H : 957722
99
0 0 U -1
1 1 U 0
2 0 U 1
3 0 U 2
4 0 U 3
5 0 U 4
6 0 U 5
7 1 U 6
8 1 U 7
9 1 U -1
10 1 U 9
11 1 U 10
12 0 U 11
13 1 U 12
14 0 U 13
15 1 U 14
16 0 U 15
17 0 U 16
18 1 U -1
19 1 U 18
20 1 U 19
21 1 U 20
22 0 U 21
23 0 U 22
24 1 U 23
25 0 U 24
26 1 U 25
27 1 U -1
28 0 U 27
29 0 U 28
30 0 U 29
31 1 U 30
32 1 U 31
33 0 U 32
34 1 U 33
35 1 U 34
36 1 U -1
37 1 U 36
38 0 U 37
39 0 U 38
40 1 U 39
41 1 U 40
42 1 U 41
43 0 U 42
44 1 U 43
45 1 U -1
46 1 U 45
47 0 U 46
48 0 U 47
49 0 U 48
50 0 U 49
51 0 U 50
52 1 U 51
53 1 U 52
54 1 U -1
55 0 U 54
56 0 U 55
57 1 U 56
58 1 U 57
59 1 U 58
60 1 U 59
61 0 U 60
62 0 U 61
63 1 U -1
64 1 U 63
65 1 U 64
66 0 U 65
67 0 U 66
68 1 U 67
69 1 U 68
70 0 U 69
71 1 U 70
72 0 U -1
73 1 U 72
74 1 U 73
75 1 U 74
76 0 U 75
77 0 U 76
78 0 U 77
79 1 U 78
80 1 U 79
81 1 U -1
82 0 U 81
83 1 U 82
84 1 U 83
85 0 U 84
86 0 U 85
87 1 U 86
88 1 U 87
89 1 U 88
90 1 U -1
91 1 U 90
92 1 U 91
93 0 U 92
94 0 U 93
95 0 U 94
96 1 U 95
97 0 U 96
98 1 U 97
# score :1 1695522
# W : 796412 , H : 857310
99
0 0 U -1
1 0 U 0
2 0 U 1
3 0 U 2
4 0 U 3
5 0 U 4
6 0 U 5
7 0 U 6
8 0 U 7
9 0 U -1
10 0 U 9
11 0 U 10
12 0 U 11
13 0 U 12
14 0 U 13
15 0 U 14
16 0 U 15
17 0 U 16
18 0 U -1
19 0 U 18
20 0 U 19
21 0 U 20
22 0 U 21
23 0 U 22
24 0 U 23
25 0 U 24
26 0 U 25
27 0 U -1
28 0 U 27
29 0 U 28
30 0 U 29
31 0 U 30
32 0 U 31
33 0 U 32
34 0 U 33
35 0 U 34
36 0 U -1
37 0 U 36
38 0 U 37
39 0 U 38
40 0 U 39
41 0 U 40
42 0 U 41
43 0 U 42
44 0 U 43
45 0 U -1
46 0 U 45
47 0 U 46
48 0 U 47
49 0 U 48
50 0 U 49
51 0 U 50
52 0 U 51
53 0 U 52
54 0 U -1
55 0 U 54
56 0 U 55
57 0 U 56
58 0 U 57
59 0 U 58
60 0 U 59
61 0 U 60
62 0 U 61
63 0 U -1
64 0 U 63
65 0 U 64
66 0 U 65
67 0 U 66
68 0 U 67
69 0 U 68
70 0 U 69
71 0 U 70
72 0 U -1
73 0 U 72
74 0 U 73
75 0 U 74
76 0 U 75
77 0 U 76
78 0 U 77
79 0 U 78
80 0 U 79
81 0 L 72
82 0 L 73
83 0 L 74
84 0 L 75
85 0 L 76
86 0 L 77
87 0 L 78
88 0 L 79
89 0 L 80
90 0 U -1
91 0 U 90
92 0 U 91
93 0 U 92
94 0 U 93
95 0 U 94
96 0 U 95
97 0 U 96
98 0 U 97
# score :2 2043378
# W : 1170274 , H : 888833
99
0 0 U -1
1 1 U 0
2 0 U 1
3 0 U 2
4 0 U 3
5 0 U 4
6 0 U 5
7 1 U 6
8 1 U 7
9 1 U -1
10 1 U 9
11 1 U 10
12 0 U 11
13 1 U 12
14 0 U 13
15 1 U 14
16 0 U 15
17 0 U 16
18 1 U -1
19 1 U 18
20 1 U 19
21 1 U 20
22 0 U 21
23 0 U 22
24 1 U 23
25 0 U 24
26 1 U 25
27 1 U -1
28 0 U 27
29 0 U 28
30 0 U 29
31 1 U 30
32 1 U 31
33 0 U 32
34 1 U 33
35 1 U 34
36 1 U -1
37 1 U 36
38 0 U 37
39 0 U 38
40 1 U 39
41 1 U 40
42 1 U 41
43 0 U 42
44 1 U 43
45 1 U -1
46 1 U 45
47 0 U 46
48 0 U 47
49 0 U 48
50 0 U 49
51 0 U 50
52 1 U 51
53 1 U 52
54 1 U -1
55 0 U 54
56 0 U 55
57 1 U 56
58 1 U 57
59 1 U 58
60 1 U 59
61 0 U 60
62 0 U 61
63 1 U -1
64 1 U 63
65 1 U 64
66 0 U 65
67 0 U 66
68 1 U 67
69 1 U 68
70 0 U 69
71 1 U 70
72 0 U -1
73 1 U 72
74 1 U 73
75 1 U 74
76 0 U 75
77 0 U 76
78 0 U 77
79 1 U 78
80 1 U 79
81 1 L 72
82 0 L 73
83 1 L 74
84 1 L 75
85 0 L 76
86 0 L 77
87 1 L 78
88 1 L 79
89 1 L 80
90 1 U -1
91 1 U 90
92 1 U 91
93 0 U 92
94 0 U 93
95 0 U 94
96 1 U 95
97 0 U 96
98 1 U 97
# score :3 2157778
# W : 1208225 , H : 808790
99
0 0 U -1
1 0 U 0
2 0 U 1
3 0 U 2
4 0 U 3
5 0 U 4
6 0 U 5
7 0 U 6
8 0 U 7
9 0 U -1
10 0 U 9
11 0 U 10
12 0 U 11
13 0 U 12
14 0 U 13
15 0 U 14
16 0 U 15
17 0 U 16
18 0 U -1
19 0 U 18
20 0 U 19
21 0 U 20
22 0 U 21
23 0 U 22
24 0 U 23
25 0 U 24
26 0 U 25
27 0 U -1
28 0 U 27
29 0 U 28
30 0 U 29
31 0 U 30
32 0 U 31
33 0 U 32
34 0 U 33
35 0 U 34
36 0 U -1
37 0 U 36
38 0 U 37
39 0 U 38
40 0 U 39
41 0 U 40
42 0 U 41
43 0 U 42
44 0 U 43
45 0 U -1
46 0 U 45
47 0 U 46
48 0 U 47
49 0 U 48
50 0 U 49
51 0 U 50
52 0 U 51
53 0 U 52
54 0 U -1
55 0 U 54
56 0 U 55
57 0 U 56
58 0 U 57
59 0 U 58
60 0 U 59
61 0 U 60
62 0 U 61
63 0 U -1
64 0 U 63
65 0 U 64
66 0 U 65
67 0 U 66
68 0 U 67
69 0 U 68
70 0 U 69
71 0 U 70
72 0 U -1
73 0 U 72
74 0 U 73
75 0 U 74
76 0 U 75
77 0 U 76
78 0 U 77
79 0 U 78
80 0 U 79
81 0 L 63
82 0 L 64
83 0 L 65
84 0 L 66
85 0 L 67
86 0 L 68
87 0 L 69
88 0 L 70
89 0 L 71
90 0 U -1
91 0 U 90
92 0 U 91
93 0 U 92
94 0 U 93
95 0 U 94
96 0 U 95
97 0 U 96
98 0 U 97
# score :4 2172001
# W : 1167999 , H : 872561
99
0 0 U -1
1 1 U 0
2 0 U 1
3 0 U 2
4 0 U 3
5 0 U 4
6 0 U 5
7 1 U 6
8 1 U 7
9 1 U -1
10 1 U 9
11 1 U 10
12 0 U 11
13 1 U 12
14 0 U 13
15 1 U 14
16 0 U 15
17 0 U 16
18 1 U -1
19 1 U 18
20 1 U 19
21 1 U 20
22 0 U 21
23 0 U 22
24 1 U 23
25 0 U 24
26 1 U 25
27 1 U -1
28 0 U 27
29 0 U 28
30 0 U 29
31 1 U 30
32 1 U 31
33 0 U 32
34 1 U 33
35 1 U 34
36 1 U -1
37 1 U 36
38 0 U 37
39 0 U 38
40 1 U 39
41 1 U 40
42 1 U 41
43 0 U 42
44 1 U 43
45 1 U -1
46 1 U 45
47 0 U 46
48 0 U 47
49 0 U 48
50 0 U 49
51 0 U 50
52 1 U 51
53 1 U 52
54 1 U -1
55 0 U 54
56 0 U 55
57 1 U 56
58 1 U 57
59 1 U 58
60 1 U 59
61 0 U 60
62 0 U 61
63 1 U -1
64 1 U 63
65 1 U 64
66 0 U 65
67 0 U 66
68 1 U 67
69 1 U 68
70 0 U 69
71 1 U 70
72 0 U -1
73 1 U 72
74 1 U 73
75 1 U 74
76 0 U 75
77 0 U 76
78 0 U 77
79 1 U 78
80 1 U 79
81 1 L 63
82 0 L 64
83 1 L 65
84 1 L 66
85 0 L 67
86 0 L 68
87 1 L 69
88 1 L 70
89 1 L 71
90 1 U -1
91 1 U 90
92 1 U 91
93 0 U 92
94 0 U 93
95 0 U 94
96 1 U 95
97 0 U 96
98 1 U 97
# score :5 2177412
# W : 1375031 , H : 780989
99
0 0 U -1
1 0 U 0
2 0 U 1
3 0 U 2
4 0 U 3
5 0 U 4
6 0 U 5
7 0 U 6
8 0 U 7
9 0 U -1
10 0 U 9
11 0 U 10
12 0 U 11
13 0 U 12
14 0 U 13
15 0 U 14
16 0 U 15
17 0 U 16
18 0 U -1
19 0 U 18
20 0 U 19
21 0 U 20
22 0 U 21
23 0 U 22
24 0 U 23
25 0 U 24
26 0 U 25
27 0 U -1
28 0 U 27
29 0 U 28
30 0 U 29
31 0 U 30
32 0 U 31
33 0 U 32
34 0 U 33
35 0 U 34
36 0 U -1
37 0 U 36
38 0 U 37
39 0 U 38
40 0 U 39
41 0 U 40
42 0 U 41
43 0 U 42
44 0 U 43
45 0 U -1
46 0 U 45
47 0 U 46
48 0 U 47
49 0 U 48
50 0 U 49
51 0 U 50
52 0 U 51
53 0 U 52
54 0 U -1
55 0 U 54
56 0 U 55
57 0 U 56
58 0 U 57
59 0 U 58
60 0 U 59
61 0 U 60
62 0 U 61
63 0 U -1
64 0 U 63
65 0 U 64
66 0 U 65
67 0 U 66
68 0 U 67
69 0 U 68
70 0 U 69
71 0 U 70
72 0 U -1
73 0 U 72
74 0 U 73
75 0 U 74
76 0 U 75
77 0 U 76
78 0 U 77
79 0 U 78
80 0 U 79
81 0 L 63
82 0 L 64
83 0 L 65
84 0 L 66
85 0 L 67
86 0 L 68
87 0 L 69
88 0 L 70
89 0 L 71
90 0 U -1
91 0 U 90
92 0 U 91
93 0 U 92
94 0 U 93
95 0 U 94
96 0 U 95
97 0 U 96
98 0 U 97
# score :6 2172001
# W : 1174354 , H : 869089
99
0 0 U -1
1 1 U 0
2 0 U 1
3 0 U 2
4 0 U 3
5 0 U 4
6 0 U 5
7 1 U 6
8 1 U 7
9 1 U -1
10 1 U 9
11 1 U 10
12 0 U 11
13 1 U 12
14 0 U 13
15 1 U 14
16 0 U 15
17 0 U 16
18 1 U -1
19 1 U 18
20 1 U 19
21 1 U 20
22 0 U 21
23 0 U 22
24 1 U 23
25 0 U 24
26 1 U 25
27 1 U -1
28 0 U 27
29 0 U 28
30 0 U 29
31 1 U 30
32 1 U 31
33 0 U 32
34 1 U 33
35 1 U 34
36 1 U -1
37 1 U 36
38 0 U 37
39 0 U 38
40 1 U 39
41 1 U 40
42 1 U 41
43 0 U 42
44 1 U 43
45 1 U -1
46 1 U 45
47 0 U 46
48 0 U 47
49 0 U 48
50 0 U 49
51 0 U 50
52 1 U 51
53 1 U 52
54 1 U -1
55 0 U 54
56 0 U 55
57 1 U 56
58 1 U 57
59 1 U 58
60 1 U 59
61 0 U 60
62 0 U 61
63 1 U -1
64 1 U 63
65 1 U 64
66 0 U 65
67 0 U 66
68 1 U 67
69 1 U 68
70 0 U 69
71 1 U 70
72 0 U -1
73 1 U 72
74 1 U 73
75 1 U 74
76 0 U 75
77 0 U 76
78 0 U 77
79 1 U 78
80 1 U 79
81 1 L 63
82 0 L 64
83 1 L 65
84 1 L 66
85 0 L 67
86 0 L 68
87 1 L 69
88 1 L 70
89 1 L 71
90 1 U -1
91 1 U 90
92 1 U 91
93 0 U 92
94 0 U 93
95 0 U 94
96 1 U 95
97 0 U 96
98 1 U 97
# score :7 2177412
# W : 1375031 , H : 783202
99
0 1 U -1
1 1 U 0
2 1 U 1
3 1 U 2
4 1 U 3
5 1 U 4
6 1 U 5
7 1 U 6
8 1 U 7
9 0 U -1
10 1 U 9
11 0 U 10
12 0 U 11
13 0 U 12
14 0 U 13
15 1 U 14
16 1 U 15
17 1 U 16
18 1 U -1
19 1 U 18
20 1 U 19
21 0 U 20
22 1 U 21
23 1 U 22
24 1 U 23
25 1 U 24
26 0 U 25
27 0 U -1
28 1 U 27
29 0 U 28
30 0 U 29
31 0 U 30
32 0 U 31
33 1 U 32
34 1 U 33
35 1 U 34
36 1 U -1
37 1 U 36
38 1 U 37
39 1 U 38
40 1 U 39
41 0 U 40
42 0 U 41
43 1 U 42
44 0 U 43
45 1 U -1
46 0 U 45
47 1 U 46
48 1 U 47
49 0 U 48
50 1 U 49
51 1 U 50
52 1 U 51
53 0 U 52
54 0 U -1
55 0 U 54
56 1 U 55
57 1 U 56
58 0 U 57
59 1 U 58
60 0 U 59
61 0 U 60
62 1 U 61
63 1 U -1
64 1 U 63
65 0 U 64
66 1 U 65
67 0 U 66
68 1 U 67
69 1 U 68
70 1 U 69
71 1 U 70
72 0 U -1
73 1 U 72
74 1 U 73
75 1 U 74
76 0 U 75
77 1 U 76
78 0 U 77
79 0 U 78
80 1 U 79
81 1 U -1
82 1 U 81
83 0 U 82
84 1 U 83
85 1 U 84
86 0 U 85
87 0 U 86
88 0 U 87
89 0 U 88
90 1 U -1
91 0 U 90
92 0 U 91
93 0 U 92
94 0 U 93
95 0 U 94
96 1 U 95
97 0 U 96
98 0 U 97
# score :8 1761209
# W : 705334 , H : 968349
99
0 0 U -1
1 0 U 0
2 1 U 1
3 0 U 2
4 0 U 3
5 1 U 4
6 1 U 5
7 1 U 6
8 1 U 7
9 0 U -1
10 1 U 9
11 0 U 10
12 0 U 11
13 1 U 12
14 0 U 13
15 0 U 14
16 1 U 15
17 0 U 16
18 0 U -1
19 0 U 18
20 1 U 19
21 0 U 20
22 0 U 21
23 0 U 22
24 1 U 23
25 1 U 24
26 0 U 25
27 1 U -1
28 1 U 27
29 1 U 28
30 1 U 29
31 1 U 30
32 0 U 31
33 1 U 32
34 1 U 33
35 1 U 34
36 0 U -1
37 1 U 36
38 0 U 37
39 0 U 38
40 0 U 39
41 1 U 40
42 1 U 41
43 1 U 42
44 0 U 43
45 0 U -1
46 0 U 45
47 1 U 46
48 0 U 47
49 0 U 48
50 0 U 49
51 1 U 50
52 1 U 51
53 1 U 52
54 0 U -1
55 1 U 54
56 1 U 55
57 0 U 56
58 0 U 57
59 1 U 58
60 0 U 59
61 0 U 60
62 1 U 61
63 0 U -1
64 0 U 63
65 1 U 64
66 0 U 65
67 1 U 66
68 0 U 67
69 0 U 68
70 0 U 69
71 1 U 70
72 1 U -1
73 0 U 72
74 1 U 73
75 1 U 74
76 0 U 75
77 1 U 76
78 0 U 77
79 1 U 78
80 0 U 79
81 0 U -1
82 1 U 81
83 0 U 82
84 0 U 83
85 0 U 84
86 1 U 85
87 0 U 86
88 0 U 87
89 1 U 88
90 1 U -1
91 1 U 90
92 0 U 91
93 1 U 92
94 1 U 93
95 1 U 94
96 0 U 95
97 0 U 96
98 0 U 97
# score :9 1748362
# W : 727956 , H : 956977
99
0 1 U -1
1 1 U 0
2 0 U 1
3 1 U 2
4 0 U 3
5 1 U 4
6 1 U 5
7 0 U 6
8 0 U 7
9 0 U -1
10 1 U 9
11 1 U 10
12 0 U 11
13 0 U 12
14 0 U 13
15 1 U 14
16 0 U 15
17 1 U 16
18 1 U -1
19 0 U 18
20 1 U 19
21 1 U 20
22 1 U 21
23 1 U 22
24 0 U 23
25 0 U 24
26 1 U 25
27 1 U -1
28 1 U 27
29 0 U 28
30 1 U 29
31 0 U 30
32 0 U 31
33 0 U 32
34 1 U 33
35 0 U 34
36 0 U -1
37 1 U 36
38 0 U 37
39 0 U 38
40 1 U 39
41 0 U 40
42 1 U 41
43 1 U 42
44 1 U 43
45 1 U -1
46 0 U 45
47 0 U 46
48 0 U 47
49 1 U 48
50 0 U 49
51 0 U 50
52 0 U 51
53 0 U 52
54 0 U -1
55 1 U 54
56 0 U 55
57 0 U 56
58 0 U 57
59 0 U 58
60 0 U 59
61 1 U 60
62 1 U 61
63 0 U -1
64 0 U 63
65 1 U 64
66 1 U 65
67 0 U 66
68 0 U 67
69 1 U 68
70 1 U 69
71 0 U 70
72 1 U -1
73 1 U 72
74 0 U 73
75 0 U 74
76 1 U 75
77 0 U 76
78 1 U 77
79 1 U 78
80 1 U 79
81 1 L 72
82 0 L 73
83 0 L 74
84 1 L 75
85 1 L 76
86 1 L 77
87 0 L 78
88 0 L 79
89 0 L 80
90 1 U -1
91 0 U 90
92 0 U 91
93 1 U 92
94 0 U 93
95 0 U 94
96 0 U 95
97 1 U 96
98 1 U 97
# score :10 2092908
# W : 1227887 , H : 883583
99
0 0 U -1
1 0 U 0
2 1 U 1
3 0 U 2
4 1 U 3
5 0 U 4
6 0 U 5
7 0 U 6
8 0 U 7
9 1 U -1
10 1 U 9
11 0 U 10
12 1 U 11
13 0 U 12
14 0 U 13
15 1 U 14
16 0 U 15
17 1 U 16
18 1 U -1
19 0 U 18
20 0 U 19
21 0 U 20
22 0 U 21
23 1 U 22
24 0 U 23
25 0 U 24
26 1 U 25
27 0 U -1
28 1 U 27
29 0 U 28
30 1 U 29
31 0 U 30
32 1 U 31
33 1 U 32
34 0 U 33
35 1 U 34
36 1 U -1
37 1 U 36
38 0 U 37
39 1 U 38
40 1 U 39
41 0 U 40
42 1 U 41
43 1 U 42
44 0 U 43
45 1 U -1
46 1 U 45
47 1 U 46
48 0 U 47
49 0 U 48
50 0 U 49
51 0 U 50
52 1 U 51
53 0 U 52
54 0 U -1
55 1 U 54
56 0 U 55
57 1 U 56
58 0 U 57
59 0 U 58
60 0 U 59
61 1 U 60
62 0 U 61
63 1 U -1
64 0 U 63
65 1 U 64
66 1 U 65
67 1 U 66
68 1 U 67
69 0 U 68
70 1 U 69
71 1 U 70
72 1 U -1
73 0 U 72
74 0 U 73
75 0 U 74
76 0 U 75
77 1 U 76
78 0 U 77
79 0 U 78
80 0 U 79
81 1 L 72
82 1 L 73
83 1 L 74
84 0 L 75
85 0 L 76
86 1 L 77
87 0 L 78
88 0 L 79
89 0 L 80
90 0 U -1
91 1 U 90
92 0 U 91
93 1 U 92
94 1 U 93
95 1 U 94
96 1 U 95
97 0 U 96
98 1 U 97
# score :11 2075684
# W : 1166883 , H : 900129
99
0 0 U -1
1 1 U 0
2 0 U 1
3 0 U 2
4 1 U 3
5 1 U 4
6 1 U 5
7 0 U 6
8 1 U 7
9 0 U -1
10 1 U 9
11 0 U 10
12 1 U 11
13 0 U 12
14 1 U 13
15 1 U 14
16 1 U 15
17 1 U 16
18 0 U -1
19 0 U 18
20 0 U 19
21 1 U 20
22 0 U 21
23 1 U 22
24 0 U 23
25 1 U 24
26 0 U 25
27 1 U -1
28 0 U 27
29 1 U 28
30 0 U 29
31 0 U 30
32 0 U 31
33 1 U 32
34 0 U 33
35 0 U 34
36 1 U -1
37 1 U 36
38 0 U 37
39 1 U 38
40 1 U 39
41 0 U 40
42 0 U 41
43 1 U 42
44 1 U 43
45 0 U -1
46 1 U 45
47 1 U 46
48 0 U 47
49 1 U 48
50 0 U 49
51 0 U 50
52 0 U 51
53 0 U 52
54 1 U -1
55 0 U 54
56 0 U 55
57 0 U 56
58 1 U 57
59 0 U 58
60 0 U 59
61 0 U 60
62 0 U 61
63 1 U -1
64 0 U 63
65 0 U 64
66 1 U 65
67 0 U 66
68 0 U 67
69 0 U 68
70 1 U 69
71 1 U 70
72 1 U -1
73 1 U 72
74 1 U 73
75 0 U 74
76 0 U 75
77 0 U 76
78 1 U 77
79 1 U 78
80 0 U 79
81 0 L 63
82 1 L 64
83 0 L 65
84 0 L 66
85 1 L 67
86 0 L 68
87 0 L 69
88 1 L 70
89 0 L 71
90 0 U -1
91 1 U 90
92 0 U 91
93 1 U 92
94 1 U 93
95 1 U 94
96 0 U 95
97 0 U 96
98 1 U 97
# score :12 2186260
# W : 1247134 , H : 899198
99
0 0 U -1
1 0 U 0
2 1 U 1
3 1 U 2
4 1 U 3
5 0 U 4
6 1 U 5
7 0 U 6
8 0 U 7
9 0 U -1
10 0 U 9
11 1 U 10
12 0 U 11
13 1 U 12
14 0 U 13
15 0 U 14
16 1 U 15
17 0 U 16
18 1 U -1
19 0 U 18
20 1 U 19
21 1 U 20
22 0 U 21
23 0 U 22
24 1 U 23
25 0 U 24
26 1 U 25
27 0 U -1
28 0 U 27
29 1 U 28
30 0 U 29
31 0 U 30
32 1 U 31
33 1 U 32
34 1 U 33
35 0 U 34
36 0 U -1
37 1 U 36
38 1 U 37
39 0 U 38
40 1 U 39
41 0 U 40
42 0 U 41
43 0 U 42
44 1 U 43
45 0 U -1
46 1 U 45
47 0 U 46
48 1 U 47
49 1 U 48
50 0 U 49
51 0 U 50
52 1 U 51
53 1 U 52
54 0 U -1
55 1 U 54
56 1 U 55
57 1 U 56
58 1 U 57
59 1 U 58
60 0 U 59
61 0 U 60
62 0 U 61
63 0 U -1
64 0 U 63
65 1 U 64
66 0 U 65
67 0 U 66
68 0 U 67
69 0 U 68
70 0 U 69
71 1 U 70
72 0 U -1
73 1 U 72
74 1 U 73
75 0 U 74
76 1 U 75
77 1 U 76
78 1 U 77
79 0 U 78
80 0 U 79
81 1 L 63
82 1 L 64
83 0 L 65
84 1 L 66
85 0 L 67
86 0 L 68
87 1 L 69
88 1 L 70
89 0 L 71
90 0 U -1
91 0 U 90
92 0 U 91
93 1 U 92
94 0 U 93
95 0 U 94
96 1 U 95
97 0 U 96
98 0 U 97
# score :13 2226901
# W : 1284969 , H : 857376
99
0 0 U -1
1 1 U 0
2 0 U 1
3 1 U 2
4 1 U 3
5 0 U 4
6 0 U 5
7 1 U 6
8 1 U 7
9 0 U -1
10 0 U 9
11 0 U 10
12 0 U 11
13 1 U 12
14 0 U 13
15 1 U 14
16 1 U 15
17 1 U 16
18 1 U -1
19 1 U 18
20 1 U 19
21 1 U 20
22 1 U 21
23 0 U 22
24 0 U 23
25 0 U 24
26 1 U 25
27 0 U -1
28 0 U 27
29 1 U 28
30 1 U 29
31 0 U 30
32 0 U 31
33 1 U 32
34 1 U 33
35 0 U 34
36 1 U -1
37 0 U 36
38 1 U 37
39 0 U 38
40 1 U 39
41 0 U 40
42 1 U 41
43 1 U 42
44 1 U 43
45 0 U -1
46 1 U 45
47 0 U 46
48 1 U 47
49 1 U 48
50 1 U 49
51 1 U 50
52 1 U 51
53 0 U 52
54 1 U -1
55 1 U 54
56 1 U 55
57 0 U 56
58 1 U 57
59 1 U 58
60 1 U 59
61 0 U 60
62 0 U 61
63 1 U -1
64 0 U 63
65 1 U 64
66 1 U 65
67 0 U 66
68 0 U 67
69 0 U 68
70 0 U 69
71 0 U 70
72 1 U -1
73 1 U 72
74 0 U 73
75 1 U 74
76 0 U 75
77 0 U 76
78 0 U 77
79 0 U 78
80 1 U 79
81 1 L 63
82 0 L 64
83 1 L 65
84 0 L 66
85 1 L 67
86 0 L 68
87 0 L 69
88 0 L 70
89 0 L 71
90 0 U -1
91 0 U 90
92 0 U 91
93 1 U 92
94 1 U 93
95 0 U 94
96 1 U 95
97 1 U 96
98 0 U 97
# score :14 2219955
# W : 1234900 , H : 852534
99
0 1 U -1
1 1 U 0
2 0 U 1
3 1 U 2
4 0 U 3
5 0 U 4
6 0 U 5
7 1 U 6
8 1 U 7
9 1 U -1
10 1 U 9
11 1 U 10
12 0 U 11
13 0 U 12
14 0 U 13
15 0 U 14
16 0 U 15
17 1 U 16
18 1 U -1
19 1 U 18
20 0 U 19
21 0 U 20
22 1 U 21
23 0 U 22
24 0 U 23
25 1 U 24
26 0 U 25
27 0 U -1
28 1 U 27
29 1 U 28
30 0 U 29
31 1 U 30
32 0 U 31
33 0 U 32
34 0 U 33
35 1 U 34
36 1 U -1
37 1 U 36
38 1 U 37
39 1 U 38
40 1 U 39
41 1 U 40
42 0 U 41
43 1 U 42
44 0 U 43
45 0 U -1
46 1 U 45
47 1 U 46
48 1 U 47
49 0 U 48
50 1 U 49
51 0 U 50
52 0 U 51
53 1 U 52
54 0 U -1
55 0 U 54
56 1 U 55
57 1 U 56
58 1 U 57
59 0 U 58
60 1 U 59
61 1 U 60
62 1 U 61
63 1 U -1
64 1 U 63
65 0 U 64
66 0 U 65
67 1 U 66
68 1 U 67
69 0 U 68
70 0 U 69
71 0 U 70
72 1 U -1
73 0 U 72
74 1 U 73
75 1 U 74
76 1 U 75
77 1 U 76
78 1 U 77
79 1 U 78
80 0 U 79
81 0 L 63
82 0 L 64
83 0 L 65
84 1 L 66
85 0 L 67
86 0 L 68
87 1 L 69
88 0 L 70
89 1 L 71
90 0 U -1
91 0 U 90
92 1 U 91
93 0 U 92
94 1 U 93
95 0 U 94
96 1 U 95
97 0 U 96
98 0 U 97
# score :15 2280567
# W : 1279580 , H : 855346
99
0 0 U -1
1 0 U 0
2 0 U 1
3 0 U 2
4 1 U 3
5 0 U 4
6 0 U 5
7 0 U 6
8 1 U 7
9 0 U -1
10 1 U 9
11 1 U 10
12 0 U 11
13 0 U 12
14 0 U 13
15 1 U 14
16 1 U 15
17 0 U 16
18 0 U -1
19 1 U 18
20 1 U 19
21 1 U 20
22 1 U 21
23 0 U 22
24 0 U 23
25 0 U 24
26 1 U 25
27 1 U -1
28 1 U 27
29 1 U 28
30 1 U 29
31 1 U 30
32 0 U 31
33 1 U 32
34 1 U 33
35 0 U 34
36 1 U -1
37 0 U 36
38 0 U 37
39 0 U 38
40 1 U 39
41 0 U 40
42 1 U 41
43 1 U 42
44 0 U 43
45 0 U -1
46 0 U 45
47 1 U 46
48 0 U 47
49 1 U 48
50 0 U 49
51 0 U 50
52 0 U 51
53 1 U 52
54 1 U -1
55 0 U 54
56 0 U 55
57 0 U 56
58 1 U 57
59 0 U 58
60 0 U 59
61 0 U 60
62 0 U 61
63 0 U -1
64 0 U 63
65 1 U 64
66 0 U 65
67 0 U 66
68 0 U 67
69 1 U 68
70 0 U 69
71 1 U 70
72 0 U -1
73 1 U 72
74 1 U 73
75 0 U 74
76 0 U 75
77 1 U 76
78 1 U 77
79 1 U 78
80 0 U 79
81 1 U -1
82 1 U 81
83 1 U 82
84 1 U 83
85 1 U 84
86 1 U 85
87 1 U 86
88 0 U 87
89 1 U 88
90 0 U -1
91 0 U 90
92 0 U 91
93 1 U 92
94 0 U 93
95 0 U 94
96 1 U 95
97 0 U 96
98 0 U 97
# score :16 1736530
# W : 735903 , H : 943195
99
0 1 U -1
1 1 U 0
2 1 U 1
3 1 U 2
4 0 U 3
5 0 U 4
6 1 U 5
7 0 U 6
8 1 U 7
9 1 U -1
10 1 U 9
11 0 U 10
12 1 U 11
13 0 U 12
14 0 U 13
15 1 U 14
16 1 U 15
17 1 U 16
18 1 U -1
19 1 U 18
20 1 U 19
21 0 U 20
22 1 U 21
23 1 U 22
24 1 U 23
25 0 U 24
26 1 U 25
27 1 U -1
28 0 U 27
29 1 U 28
30 0 U 29
31 1 U 30
32 1 U 31
33 1 U 32
34 1 U 33
35 1 U 34
36 0 U -1
37 1 U 36
38 1 U 37
39 1 U 38
40 0 U 39
41 1 U 40
42 1 U 41
43 0 U 42
44 1 U 43
45 1 U -1
46 0 U 45
47 0 U 46
48 0 U 47
49 0 U 48
50 0 U 49
51 1 U 50
52 0 U 51
53 0 U 52
54 0 U -1
55 0 U 54
56 1 U 55
57 1 U 56
58 0 U 57
59 0 U 58
60 0 U 59
61 1 U 60
62 1 U 61
63 1 U -1
64 0 U 63
65 1 U 64
66 0 U 65
67 1 U 66
68 1 U 67
69 0 U 68
70 1 U 69
71 0 U 70
72 0 U -1
73 0 U 72
74 1 U 73
75 0 U 74
76 0 U 75
77 1 U 76
78 1 U 77
79 1 U 78
80 0 U 79
81 1 U -1
82 1 U 81
83 1 U 82
84 1 U 83
85 0 U 84
86 0 U 85
87 1 U 86
88 0 U 87
89 1 U 88
90 0 U -1
91 1 U 90
92 1 U 91
93 0 U 92
94 1 U 93
95 0 U 94
96 0 U 95
97 1 U 96
98 0 U 97
# score :17 1733605
# W : 708808 , H : 992674
99
0 0 U -1
1 0 U 0
2 0 U 1
3 1 U 2
4 0 U 3
5 1 U 4
6 1 U 5
7 1 U 6
8 1 U 7
9 1 U -1
10 1 U 9
11 0 U 10
12 1 U 11
13 1 U 12
14 0 U 13
15 1 U 14
16 1 U 15
17 0 U 16
18 0 U -1
19 0 U 18
20 0 U 19
21 1 U 20
22 1 U 21
23 0 U 22
24 0 U 23
25 0 U 24
26 0 U 25
27 0 U -1
28 0 U 27
29 1 U 28
30 0 U 29
31 0 U 30
32 1 U 31
33 1 U 32
34 0 U 33
35 0 U 34
36 0 U -1
37 0 U 36
38 1 U 37
39 0 U 38
40 0 U 39
41 0 U 40
42 0 U 41
43 0 U 42
44 1 U 43
45 0 U -1
46 1 U 45
47 0 U 46
48 1 U 47
49 1 U 48
50 0 U 49
51 1 U 50
52 1 U 51
53 0 U 52
54 0 U -1
55 0 U 54
56 1 U 55
57 1 U 56
58 0 U 57
59 0 U 58
60 0 U 59
61 0 U 60
62 0 U 61
63 1 U -1
64 0 U 63
65 1 U 64
66 0 U 65
67 1 U 66
68 0 U 67
69 0 U 68
70 1 U 69
71 1 U 70
72 1 U -1
73 1 U 72
74 1 U 73
75 1 U 74
76 1 U 75
77 1 U 76
78 1 U 77
79 0 U 78
80 0 U 79
81 0 L 72
82 0 L 73
83 1 L 74
84 1 L 75
85 1 L 76
86 0 L 77
87 0 L 78
88 0 L 79
89 1 L 80
90 0 U -1
91 1 U 90
92 1 U 91
93 1 U 92
94 1 U 93
95 1 U 94
96 1 U 95
97 0 U 96
98 1 U 97
# score :18 2209340
# W : 1156641 , H : 881393
99
0 0 U -1
1 1 U 0
2 1 U 1
3 0 U 2
4 1 U 3
5 0 U 4
6 0 U 5
7 0 U 6
8 1 U 7
9 0 U -1
10 0 U 9
11 1 U 10
12 0 U 11
13 1 U 12
14 0 U 13
15 0 U 14
16 0 U 15
17 0 U 16
18 1 U -1
19 0 U 18
20 0 U 19
21 1 U 20
22 0 U 21
23 1 U 22
24 0 U 23
25 1 U 24
26 1 U 25
27 0 U -1
28 0 U 27
29 0 U 28
30 1 U 29
31 0 U 30
32 0 U 31
33 1 U 32
34 0 U 33
35 0 U 34
36 1 U -1
37 1 U 36
38 0 U 37
39 1 U 38
40 0 U 39
41 0 U 40
42 0 U 41
43 0 U 42
44 0 U 43
45 1 U -1
46 0 U 45
47 0 U 46
48 0 U 47
49 0 U 48
50 0 U 49
51 1 U 50
52 0 U 51
53 0 U 52
54 1 U -1
55 1 U 54
56 0 U 55
57 0 U 56
58 0 U 57
59 1 U 58
60 1 U 59
61 1 U 60
62 1 U 61
63 1 U -1
64 0 U 63
65 1 U 64
66 0 U 65
67 1 U 66
68 0 U 67
69 1 U 68
70 1 U 69
71 0 U 70
72 1 U -1
73 0 U 72
74 0 U 73
75 1 U 74
76 0 U 75
77 1 U 76
78 1 U 77
79 1 U 78
80 1 U 79
81 1 L 72
82 0 L 73
83 1 L 74
84 0 L 75
85 0 L 76
86 0 L 77
87 1 L 78
88 1 L 79
89 1 L 80
90 0 U -1
91 0 U 90
92 1 U 91
93 0 U 92
94 0 U 93
95 1 U 94
96 0 U 95
97 1 U 96
98 0 U 97
# score :19 2267262
# W : 1341570 , H : 904203
99
0 0 U -1
1 1 U 0
2 1 U 1
3 0 U 2
4 1 U 3
5 1 U 4
6 1 U 5
7 1 U 6
8 0 U 7
9 1 U -1
10 1 U 9
11 1 U 10
12 0 U 11
13 0 U 12
14 0 U 13
15 0 U 14
16 1 U 15
17 0 U 16
18 1 U -1
19 1 U 18
20 1 U 19
21 1 U 20
22 0 U 21
23 1 U 22
24 1 U 23
25 0 U 24
26 1 U 25
27 1 U -1
28 1 U 27
29 0 U 28
30 0 U 29
31 0 U 30
32 1 U 31
33 1 U 32
34 1 U 33
35 1 U 34
36 1 U -1
37 0 U 36
38 0 U 37
39 1 U 38
40 0 U 39
41 0 U 40
42 0 U 41
43 1 U 42
44 0 U 43
45 0 U -1
46 0 U 45
47 0 U 46
48 1 U 47
49 1 U 48
50 1 U 49
51 1 U 50
52 1 U 51
53 0 U 52
54 0 U -1
55 0 U 54
56 0 U 55
57 0 U 56
58 1 U 57
59 1 U 58
60 0 U 59
61 1 U 60
62 1 U 61
63 1 U -1
64 0 U 63
65 1 U 64
66 1 U 65
67 0 U 66
68 0 U 67
69 0 U 68
70 0 U 69
71 0 U 70
72 0 U -1
73 1 U 72
74 1 U 73
75 0 U 74
76 1 U 75
77 1 U 76
78 1 U 77
79 0 U 78
80 0 U 79
81 1 L 63
82 1 L 64
83 0 L 65
84 0 L 66
85 1 L 67
86 0 L 68
87 0 L 69
88 0 L 70
89 0 L 71
90 1 U -1
91 1 U 90
92 1 U 91
93 1 U 92
94 1 U 93
95 0 U 94
96 0 U 95
97 0 U 96
98 1 U 97
# score :20 2171625
# W : 1131613 , H : 912631
99
0 0 U -1
1 1 U 0
2 0 U 1
3 0 U 2
4 1 U 3
5 1 U 4
6 1 U 5
7 0 U 6
8 1 U 7
9 0 U -1
10 0 U 9
11 1 U 10
12 1 U 11
13 0 U 12
14 0 U 13
15 0 U 14
16 0 U 15
17 1 U 16
18 0 U -1
19 1 U 18
20 1 U 19
21 1 U 20
22 1 U 21
23 0 U 22
24 0 U 23
25 1 U 24
26 1 U 25
27 1 U -1
28 0 U 27
29 1 U 28
30 1 U 29
31 0 U 30
32 1 U 31
33 0 U 32
34 0 U 33
35 0 U 34
36 1 U -1
37 1 U 36
38 1 U 37
39 1 U 38
40 1 U 39
41 1 U 40
42 0 U 41
43 0 U 42
44 1 U 43
45 0 U -1
46 1 U 45
47 1 U 46
48 0 U 47
49 1 U 48
50 0 U 49
51 0 U 50
52 0 U 51
53 0 U 52
54 1 U -1
55 1 U 54
56 0 U 55
57 1 U 56
58 1 U 57
59 0 U 58
60 1 U 59
61 0 U 60
62 0 U 61
63 1 U -1
64 0 U 63
65 1 U 64
66 0 U 65
67 0 U 66
68 1 U 67
69 0 U 68
70 0 U 69
71 0 U 70
72 0 U -1
73 1 U 72
74 0 U 73
75 1 U 74
76 0 U 75
77 0 U 76
78 0 U 77
79 1 U 78
80 0 U 79
81 0 L 63
82 1 L 64
83 0 L 65
84 1 L 66
85 1 L 67
86 1 L 68
87 1 L 69
88 1 L 70
89 0 L 71
90 1 U -1
91 1 U 90
92 1 U 91
93 0 U 92
94 0 U 93
95 0 U 94
96 1 U 95
97 0 U 96
98 0 U 97
# score :21 2193591
# W : 1306320 , H : 841230
99
0 0 U -1
1 0 U 0
2 0 U 1
3 1 U 2
4 0 U 3
5 1 U 4
6 1 U 5
7 0 U 6
8 1 U 7
9 0 U -1
10 1 U 9
11 0 U 10
12 0 U 11
13 0 U 12
14 0 U 13
15 1 U 14
16 0 U 15
17 1 U 16
18 1 U -1
19 1 U 18
20 0 U 19
21 0 U 20
22 0 U 21
23 0 U 22
24 0 U 23
25 1 U 24
26 1 U 25
27 0 U -1
28 1 U 27
29 0 U 28
30 1 U 29
31 0 U 30
32 0 U 31
33 1 U 32
34 1 U 33
35 1 U 34
36 1 U -1
37 0 U 36
38 0 U 37
39 0 U 38
40 1 U 39
41 1 U 40
42 1 U 41
43 0 U 42
44 1 U 43
45 1 U -1
46 0 U 45
47 0 U 46
48 0 U 47
49 0 U 48
50 1 U 49
51 0 U 50
52 0 U 51
53 0 U 52
54 0 U -1
55 1 U 54
56 0 U 55
57 1 U 56
58 1 U 57
59 1 U 58
60 0 U 59
61 0 U 60
62 0 U 61
63 0 U -1
64 1 U 63
65 1 U 64
66 1 U 65
67 1 U 66
68 0 U 67
69 0 U 68
70 0 U 69
71 1 U 70
72 0 U -1
73 0 U 72
74 1 U 73
75 0 U 74
76 0 U 75
77 0 U 76
78 1 U 77
79 0 U 78
80 1 U 79
81 0 L 63
82 0 L 64
83 0 L 65
84 1 L 66
85 1 L 67
86 0 L 68
87 1 L 69
88 0 L 70
89 0 L 71
90 1 U -1
91 0 U 90
92 0 U 91
93 0 U 92
94 0 U 93
95 0 U 94
96 1 U 95
97 1 U 96
98 0 U 97
# score :22 2172164
# W : 1268162 , H : 871301
99
0 1 U -1
1 1 U 0
2 0 U 1
3 1 U 2
4 0 U 3
5 0 U 4
6 1 U 5
7 0 U 6
8 0 U 7
9 0 U -1
10 0 U 9
11 1 U 10
12 0 U 11
13 1 U 12
14 0 U 13
15 1 U 14
16 0 U 15
17 1 U 16
18 1 U -1
19 1 U 18
20 1 U 19
21 1 U 20
22 0 U 21
23 1 U 22
24 1 U 23
25 1 U 24
26 1 U 25
27 0 U -1
28 1 U 27
29 1 U 28
30 1 U 29
31 0 U 30
32 1 U 31
33 0 U 32
34 1 U 33
35 1 U 34
36 1 U -1
37 1 U 36
38 0 U 37
39 0 U 38
40 0 U 39
41 1 U 40
42 0 U 41
43 1 U 42
44 0 U 43
45 0 U -1
46 1 U 45
47 0 U 46
48 0 U 47
49 0 U 48
50 1 U 49
51 1 U 50
52 0 U 51
53 1 U 52
54 0 U -1
55 1 U 54
56 0 U 55
57 1 U 56
58 1 U 57
59 1 U 58
60 1 U 59
61 0 U 60
62 1 U 61
63 1 U -1
64 1 U 63
65 0 U 64
66 1 U 65
67 0 U 66
68 1 U 67
69 0 U 68
70 0 U 69
71 0 U 70
72 0 U -1
73 1 U 72
74 1 U 73
75 0 U 74
76 0 U 75
77 0 U 76
78 1 U 77
79 0 U 78
80 0 U 79
81 0 L 63
82 1 L 64
83 1 L 65
84 1 L 66
85 0 L 67
86 1 L 68
87 0 L 69
88 0 L 70
89 0 L 71
90 0 U -1
91 1 U 90
92 0 U 91
93 0 U 92
94 1 U 93
95 0 U 94
96 1 U 95
97 0 U 96
98 0 U 97
# score :23 2201551
# W : 1232445 , H : 844309
99
0 0 U -1
1 0 U 0
2 0 U 1
3 0 U 2
4 0 U 3
5 0 U 4
6 0 U 5
7 1 U 6
8 1 U 7
9 1 U -1
10 1 U 9
11 1 U 10
12 0 U 11
13 0 U 12
14 0 U 13
15 1 U 14
16 1 U 15
17 0 U 16
18 0 U -1
19 1 U 18
20 1 U 19
21 0 U 20
22 1 U 21
23 1 U 22
24 1 U 23
25 1 U 24
26 1 U 25
27 1 U -1
28 1 U 27
29 1 U 28
30 1 U 29
31 1 U 30
32 0 U 31
33 0 U 32
34 0 U 33
35 0 U 34
36 1 U -1
37 1 U 36
38 0 U 37
39 0 U 38
40 1 U 39
41 1 U 40
42 0 U 41
43 0 U 42
44 1 U 43
45 1 U -1
46 0 U 45
47 0 U 46
48 1 U 47
49 0 U 48
50 0 U 49
51 0 U 50
52 1 U 51
53 0 U 52
54 0 U -1
55 0 U 54
56 1 U 55
57 1 U 56
58 1 U 57
59 0 U 58
60 1 U 59
61 0 U 60
62 1 U 61
63 0 U -1
64 1 U 63
65 1 U 64
66 0 U 65
67 1 U 66
68 1 U 67
69 1 U 68
70 0 U 69
71 0 U 70
72 1 U -1
73 0 U 72
74 1 U 73
75 1 U 74
76 0 U 75
77 1 U 76
78 1 U 77
79 1 U 78
80 1 U 79
81 0 U -1
82 0 U 81
83 0 U 82
84 0 U 83
85 1 U 84
86 1 U 85
87 1 U 86
88 1 U 87
89 1 U 88
90 1 U -1
91 1 U 90
92 1 U 91
93 1 U 92
94 0 U 93
95 0 U 94
96 0 U 95
97 1 U 96
98 1 U 97
# score :24 1790365
# W : 788732 , H : 932379
99
0 1 U -1
1 0 U 0
2 0 U 1
3 1 U 2
4 1 U 3
5 1 U 4
6 1 U 5
7 1 U 6
8 1 U 7
9 1 U -1
10 0 U 9
11 0 U 10
12 1 U 11
13 0 U 12
14 0 U 13
15 1 U 14
16 1 U 15
17 0 U 16
18 0 U -1
19 0 U 18
20 0 U 19
21 0 U 20
22 0 U 21
23 0 U 22
24 1 U 23
25 0 U 24
26 1 U 25
27 0 U -1
28 0 U 27
29 1 U 28
30 0 U 29
31 0 U 30
32 0 U 31
33 0 U 32
34 0 U 33
35 0 U 34
36 0 U -1
37 1 U 36
38 0 U 37
39 1 U 38
40 1 U 39
41 0 U 40
42 1 U 41
43 1 U 42
44 0 U 43
45 0 U -1
46 0 U 45
47 0 U 46
48 0 U 47
49 1 U 48
50 0 U 49
51 0 U 50
52 0 U 51
53 0 U 52
54 1 U -1
55 1 U 54
56 0 U 55
57 0 U 56
58 0 U 57
59 1 U 58
60 1 U 59
61 0 U 60
62 1 U 61
63 1 U -1
64 1 U 63
65 0 U 64
66 0 U 65
67 0 U 66
68 0 U 67
69 1 U 68
70 0 U 69
71 0 U 70
72 0 U -1
73 1 U 72
74 0 U 73
75 0 U 74
76 0 U 75
77 0 U 76
78 0 U 77
79 1 U 78
80 1 U 79
81 1 U -1
82 0 U 81
83 1 U 82
84 0 U 83
85 0 U 84
86 0 U 85
87 1 U 86
88 0 U 87
89 0 U 88
90 1 U -1
91 1 U 90
92 0 U 91
93 1 U 92
94 0 U 93
95 0 U 94
96 1 U 95
97 0 U 96
98 1 U 97
# score :25 1715949
# W : 718563 , H : 965374
99
0 0 U -1
1 1 U 0
2 0 U 1
3 0 U 2
4 1 U 3
5 0 U 4
6 1 U 5
7 0 U 6
8 1 U 7
9 1 U -1
10 1 U 9
11 1 U 10
12 0 U 11
13 1 U 12
14 1 U 13
15 0 U 14
16 0 U 15
17 1 U 16
18 0 U -1
19 0 U 18
20 0 U 19
21 1 U 20
22 1 U 21
23 1 U 22
24 0 U 23
25 0 U 24
26 1 U 25
27 1 U -1
28 0 U 27
29 1 U 28
30 1 U 29
31 0 U 30
32 1 U 31
33 1 U 32
34 0 U 33
35 0 U 34
36 0 U -1
37 1 U 36
38 1 U 37
39 0 U 38
40 1 U 39
41 0 U 40
42 0 U 41
43 0 U 42
44 1 U 43
45 1 U -1
46 0 U 45
47 1 U 46
48 1 U 47
49 1 U 48
50 0 U 49
51 0 U 50
52 0 U 51
53 0 U 52
54 0 U -1
55 0 U 54
56 0 U 55
57 0 U 56
58 0 U 57
59 0 U 58
60 0 U 59
61 0 U 60
62 1 U 61
63 0 U -1
64 0 U 63
65 0 U 64
66 1 U 65
67 1 U 66
68 1 U 67
69 0 U 68
70 1 U 69
71 0 U 70
72 1 U -1
73 1 U 72
74 1 U 73
75 0 U 74
76 0 U 75
77 1 U 76
78 1 U 77
79 0 U 78
80 1 U 79
81 0 L 72
82 0 L 73
83 0 L 74
84 0 L 75
85 1 L 76
86 1 L 77
87 1 L 78
88 1 L 79
89 0 L 80
90 1 U -1
91 1 U 90
92 1 U 91
93 1 U 92
94 0 U 93
95 1 U 94
96 0 U 95
97 0 U 96
98 1 U 97
# score :26 2086396
# W : 1298916 , H : 875986
99
0 0 U -1
1 0 U 0
2 0 U 1
3 0 U 2
4 0 U 3
5 0 U 4
6 0 U 5
7 1 U 6
8 0 U 7
9 0 U -1
10 0 U 9
11 1 U 10
12 1 U 11
13 0 U 12
14 0 U 13
15 1 U 14
16 1 U 15
17 0 U 16
18 1 U -1
19 0 U 18
20 0 U 19
21 1 U 20
22 0 U 21
23 0 U 22
24 0 U 23
25 0 U 24
26 0 U 25
27 0 U -1
28 1 U 27
29 1 U 28
30 1 U 29
31 0 U 30
32 0 U 31
33 1 U 32
34 0 U 33
35 1 U 34
36 0 U -1
37 0 U 36
38 0 U 37
39 0 U 38
40 0 U 39
41 0 U 40
42 0 U 41
43 0 U 42
44 0 U 43
45 1 U -1
46 1 U 45
47 1 U 46
48 1 U 47
49 0 U 48
50 0 U 49
51 1 U 50
52 1 U 51
53 1 U 52
54 0 U -1
55 0 U 54
56 0 U 55
57 1 U 56
58 1 U 57
59 0 U 58
60 1 U 59
61 1 U 60
62 0 U 61
63 0 U -1
64 1 U 63
65 1 U 64
66 0 U 65
67 0 U 66
68 0 U 67
69 1 U 68
70 1 U 69
71 0 U 70
72 1 U -1
73 1 U 72
74 0 U 73
75 0 U 74
76 1 U 75
77 0 U 76
78 0 U 77
79 0 U 78
80 1 U 79
81 1 L 72
82 0 L 73
83 1 L 74
84 0 L 75
85 0 L 76
86 0 L 77
87 1 L 78
88 0 L 79
89 0 L 80
90 0 U -1
91 0 U 90
92 0 U 91
93 0 U 92
94 1 U 93
95 1 U 94
96 0 U 95
97 1 U 96
98 1 U 97
# score :27 2185640
# W : 1170746 , H : 895861
99
0 1 U -1
1 1 U 0
2 1 U 1
3 0 U 2
4 1 U 3
5 0 U 4
6 0 U 5
7 0 U 6
8 0 U 7
9 0 U -1
10 0 U 9
11 1 U 10
12 1 U 11
13 0 U 12
14 0 U 13
15 1 U 14
16 0 U 15
17 0 U 16
18 0 U -1
19 0 U 18
20 0 U 19
21 0 U 20
22 1 U 21
23 0 U 22
24 1 U 23
25 0 U 24
26 0 U 25
27 1 U -1
28 0 U 27
29 1 U 28
30 1 U 29
31 1 U 30
32 0 U 31
33 0 U 32
34 1 U 33
35 1 U 34
36 0 U -1
37 1 U 36
38 0 U 37
39 0 U 38
40 0 U 39
41 1 U 40
42 0 U 41
43 1 U 42
44 0 U 43
45 0 U -1
46 0 U 45
47 1 U 46
48 1 U 47
49 0 U 48
50 0 U 49
51 1 U 50
52 1 U 51
53 0 U 52
54 1 U -1
55 0 U 54
56 0 U 55
57 0 U 56
58 0 U 57
59 1 U 58
60 0 U 59
61 1 U 60
62 1 U 61
63 0 U -1
64 1 U 63
65 0 U 64
66 1 U 65
67 0 U 66
68 0 U 67
69 0 U 68
70 1 U 69
71 0 U 70
72 1 U -1
73 0 U 72
74 1 U 73
75 1 U 74
76 1 U 75
77 0 U 76
78 1 U 77
79 1 U 78
80 1 U 79
81 1 L 63
82 1 L 64
83 1 L 65
84 1 L 66
85 0 L 67
86 0 L 68
87 0 L 69
88 1 L 70
89 1 L 71
90 0 U -1
91 0 U 90
92 0 U 91
93 0 U 92
94 1 U 93
95 1 U 94
96 0 U 95
97 0 U 96
98 0 U 97
# score :28 2137207
# W : 1311816 , H : 861480
99
0 0 U -1
1 1 U 0
2 1 U 1
3 1 U 2
4 0 U 3
5 0 U 4
6 1 U 5
7 1 U 6
8 1 U 7
9 0 U -1
10 0 U 9
11 0 U 10
12 0 U 11
13 0 U 12
14 0 U 13
15 0 U 14
16 1 U 15
17 0 U 16
18 1 U -1
19 0 U 18
20 1 U 19
21 0 U 20
22 1 U 21
23 0 U 22
24 0 U 23
25 0 U 24
26 1 U 25
27 1 U -1
28 0 U 27
29 1 U 28
30 0 U 29
31 0 U 30
32 1 U 31
33 0 U 32
34 0 U 33
35 0 U 34
36 1 U -1
37 1 U 36
38 0 U 37
39 0 U 38
40 1 U 39
41 1 U 40
42 1 U 41
43 0 U 42
44 0 U 43
45 0 U -1
46 0 U 45
47 0 U 46
48 1 U 47
49 0 U 48
50 1 U 49
51 1 U 50
52 1 U 51
53 1 U 52
54 1 U -1
55 1 U 54
56 1 U 55
57 1 U 56
58 1 U 57
59 0 U 58
60 1 U 59
61 0 U 60
62 0 U 61
63 1 U -1
64 1 U 63
65 1 U 64
66 0 U 65
67 0 U 66
68 0 U 67
69 0 U 68
70 1 U 69
71 0 U 70
72 1 U -1
73 1 U 72
74 1 U 73
75 0 U 74
76 1 U 75
77 1 U 76
78 0 U 77
79 1 U 78
80 1 U 79
81 0 L 63
82 0 L 64
83 1 L 65
84 0 L 66
85 1 L 67
86 1 L 68
87 1 L 69
88 0 L 70
89 0 L 71
90 0 U -1
91 1 U 90
92 1 U 91
93 1 U 92
94 1 U 93
95 0 U 94
96 0 U 95
97 0 U 96
98 1 U 97
# score :29 2130889
# W : 1289347 , H : 828084
99
0 1 U -1
1 1 U 0
2 0 U 1
3 0 U 2
4 0 U 3
5 1 U 4
6 0 U 5
7 0 U 6
8 0 U 7
9 1 U -1
10 0 U 9
11 1 U 10
12 1 U 11
13 0 U 12
14 1 U 13
15 1 U 14
16 0 U 15
17 1 U 16
18 1 U -1
19 0 U 18
20 0 U 19
21 1 U 20
22 0 U 21
23 1 U 22
24 1 U 23
25 0 U 24
26 1 U 25
27 1 U -1
28 0 U 27
29 0 U 28
30 1 U 29
31 1 U 30
32 0 U 31
33 0 U 32
34 0 U 33
35 0 U 34
36 0 U -1
37 0 U 36
38 1 U 37
39 0 U 38
40 0 U 39
41 1 U 40
42 0 U 41
43 0 U 42
44 1 U 43
45 1 U -1
46 1 U 45
47 0 U 46
48 0 U 47
49 1 U 48
50 0 U 49
51 0 U 50
52 1 U 51
53 0 U 52
54 1 U -1
55 1 U 54
56 1 U 55
57 0 U 56
58 0 U 57
59 0 U 58
60 1 U 59
61 1 U 60
62 0 U 61
63 1 U -1
64 0 U 63
65 0 U 64
66 1 U 65
67 0 U 66
68 1 U 67
69 1 U 68
70 1 U 69
71 1 U 70
72 0 U -1
73 0 U 72
74 0 U 73
75 0 U 74
76 0 U 75
77 1 U 76
78 1 U 77
79 0 U 78
80 0 U 79
81 1 L 63
82 0 L 64
83 1 L 65
84 0 L 66
85 0 L 67
86 0 L 68
87 1 L 69
88 0 L 70
89 0 L 71
90 1 U -1
91 1 U 90
92 0 U 91
93 1 U 92
94 1 U 93
95 0 U 94
96 1 U 95
97 1 U 96
98 0 U 97
# score :30 2221406
# W : 1138657 , H : 890154
99
0 1 U -1
1 0 U 0
2 0 U 1
3 0 U 2
4 0 U 3
5 1 U 4
6 0 U 5
7 0 U 6
8 1 U 7
9 0 U -1
10 1 U 9
11 1 U 10
12 0 U 11
13 0 U 12
14 1 U 13
15 1 U 14
16 1 U 15
17 1 U 16
18 0 U -1
19 0 U 18
20 1 U 19
21 1 U 20
22 0 U 21
23 1 U 22
24 1 U 23
25 1 U 24
26 1 U 25
27 1 U -1
28 1 U 27
29 1 U 28
30 1 U 29
31 0 U 30
32 0 U 31
33 0 U 32
34 1 U 33
35 1 U 34
36 0 U -1
37 0 U 36
38 1 U 37
39 1 U 38
40 1 U 39
41 1 U 40
42 0 U 41
43 1 U 42
44 0 U 43
45 0 U -1
46 0 U 45
47 1 U 46
48 1 U 47
49 1 U 48
50 1 U 49
51 1 U 50
52 1 U 51
53 0 U 52
54 0 U -1
55 1 U 54
56 0 U 55
57 0 U 56
58 0 U 57
59 0 U 58
60 0 U 59
61 1 U 60
62 0 U 61
63 0 U -1
64 0 U 63
65 1 U 64
66 1 U 65
67 0 U 66
68 1 U 67
69 0 U 68
70 1 U 69
71 0 U 70
72 1 U -1
73 0 U 72
74 0 U 73
75 0 U 74
76 0 U 75
77 1 U 76
78 0 U 77
79 0 U 78
80 1 U 79
81 1 L 63
82 1 L 64
83 1 L 65
84 1 L 66
85 1 L 67
86 1 L 68
87 0 L 69
88 0 L 70
89 1 L 71
90 0 U -1
91 0 U 90
92 0 U 91
93 1 U 92
94 1 U 93
95 1 U 94
96 0 U 95
97 1 U 96
98 1 U 97
# score :31 2205106
# W : 1209739 , H : 889315
99
0 0 U -1
1 0 U 0
2 1 U 1
3 1 U 2
4 1 U 3
5 1 U 4
6 0 U 5
7 1 U 6
8 0 U 7
9 0 U -1
10 0 U 9
11 0 U 10
12 0 U 11
13 0 U 12
14 0 U 13
15 1 U 14
16 0 U 15
17 1 U 16
18 1 U -1
19 0 U 18
20 0 U 19
21 0 U 20
22 0 U 21
23 0 U 22
24 0 U 23
25 0 U 24
26 0 U 25
27 0 U -1
28 1 U 27
29 0 U 28
30 1 U 29
31 1 U 30
32 1 U 31
33 0 U 32
34 0 U 33
35 1 U 34
36 0 U -1
37 1 U 36
38 1 U 37
39 1 U 38
40 1 U 39
41 0 U 40
42 1 U 41
43 1 U 42
44 0 U 43
45 1 U -1
46 0 U 45
47 0 U 46
48 1 U 47
49 1 U 48
50 0 U 49
51 0 U 50
52 1 U 51
53 1 U 52
54 0 U -1
55 0 U 54
56 0 U 55
57 1 U 56
58 1 U 57
59 1 U 58
60 1 U 59
61 1 U 60
62 0 U 61
63 0 U -1
64 0 U 63
65 1 U 64
66 0 U 65
67 0 U 66
68 1 U 67
69 1 U 68
70 1 U 69
71 1 U 70
72 1 U -1
73 0 U 72
74 1 U 73
75 0 U 74
76 1 U 75
77 1 U 76
78 0 U 77
79 0 U 78
80 0 U 79
81 0 U -1
82 0 U 81
83 0 U 82
84 0 U 83
85 0 U 84
86 1 U 85
87 1 U 86
88 1 U 87
89 0 U 88
90 1 U -1
91 0 U 90
92 1 U 91
93 0 U 92
94 1 U 93
95 1 U 94
96 0 U 95
97 1 U 96
98 0 U 97
# score :32 1724448
# W : 729918 , H : 947771
99
0 1 U -1
1 0 U 0
2 1 U 1
3 1 U 2
4 0 U 3
5 0 U 4
6 0 U 5
7 0 U 6
8 1 U 7
9 1 U -1
10 1 U 9
11 0 U 10
12 0 U 11
13 1 U 12
14 1 U 13
15 1 U 14
16 0 U 15
17 1 U 16
18 0 U -1
19 1 U 18
20 1 U 19
21 0 U 20
22 1 U 21
23 1 U 22
24 0 U 23
25 1 U 24
26 0 U 25
27 1 U -1
28 1 U 27
29 1 U 28
30 0 U 29
31 1 U 30
32 1 U 31
33 0 U 32
34 1 U 33
35 0 U 34
36 0 U -1
37 0 U 36
38 0 U 37
39 0 U 38
40 1 U 39
41 0 U 40
42 0 U 41
43 1 U 42
44 1 U 43
45 1 U -1
46 1 U 45
47 1 U 46
48 0 U 47
49 0 U 48
50 1 U 49
51 1 U 50
52 0 U 51
53 1 U 52
54 1 U -1
55 1 U 54
56 1 U 55
57 1 U 56
58 1 U 57
59 1 U 58
60 0 U 59
61 1 U 60
62 0 U 61
63 0 U -1
64 1 U 63
65 0 U 64
66 1 U 65
67 1 U 66
68 1 U 67
69 1 U 68
70 0 U 69
71 0 U 70
72 1 U -1
73 1 U 72
74 0 U 73
75 0 U 74
76 0 U 75
77 0 U 76
78 0 U 77
79 1 U 78
80 1 U 79
81 1 U -1
82 1 U 81
83 0 U 82
84 0 U 83
85 0 U 84
86 0 U 85
87 0 U 86
88 1 U 87
89 1 U 88
90 0 U -1
91 0 U 90
92 0 U 91
93 0 U 92
94 0 U 93
95 1 U 94
96 1 U 95
97 1 U 96
98 1 U 97
# score :33 1704760
# W : 691925 , H : 945459
99
0 0 U -1
1 0 U 0
2 1 U 1
3 1 U 2
4 0 U 3
5 0 U 4
6 0 U 5
7 0 U 6
8 1 U 7
9 1 U -1
10 1 U 9
11 0 U 10
12 1 U 11
13 0 U 12
14 1 U 13
15 0 U 14
16 0 U 15
17 1 U 16
18 0 U -1
19 1 U 18
20 0 U 19
21 1 U 20
22 1 U 21
23 0 U 22
24 0 U 23
25 0 U 24
26 0 U 25
27 1 U -1
28 0 U 27
29 1 U 28
30 0 U 29
31 0 U 30
32 1 U 31
33 0 U 32
34 1 U 33
35 1 U 34
36 0 U -1
37 1 U 36
38 1 U 37
39 0 U 38
40 1 U 39
41 0 U 40
42 1 U 41
43 1 U 42
44 0 U 43
45 1 U -1
46 1 U 45
47 0 U 46
48 0 U 47
49 1 U 48
50 1 U 49
51 0 U 50
52 0 U 51
53 0 U 52
54 1 U -1
55 1 U 54
56 0 U 55
57 0 U 56
58 0 U 57
59 1 U 58
60 0 U 59
61 1 U 60
62 0 U 61
63 0 U -1
64 0 U 63
65 1 U 64
66 0 U 65
67 1 U 66
68 1 U 67
69 0 U 68
70 0 U 69
71 1 U 70
72 1 U -1
73 0 U 72
74 1 U 73
75 1 U 74
76 0 U 75
77 0 U 76
78 1 U 77
79 1 U 78
80 0 U 79
81 0 L 72
82 1 L 73
83 0 L 74
84 0 L 75
85 1 L 76
86 0 L 77
87 0 L 78
88 1 L 79
89 0 L 80
90 1 U -1
91 1 U 90
92 0 U 91
93 0 U 92
94 0 U 93
95 1 U 94
96 0 U 95
97 1 U 96
98 0 U 97
# score :34 2187305
# W : 1199245 , H : 897174
99
0 0 U -1
1 1 U 0
2 1 U 1
3 1 U 2
4 1 U 3
5 1 U 4
6 0 U 5
7 1 U 6
8 1 U 7
9 0 U -1
10 1 U 9
11 0 U 10
12 1 U 11
13 1 U 12
14 0 U 13
15 0 U 14
16 1 U 15
17 0 U 16
18 0 U -1
19 1 U 18
20 1 U 19
21 0 U 20
22 0 U 21
23 0 U 22
24 0 U 23
25 0 U 24
26 1 U 25
27 1 U -1
28 1 U 27
29 1 U 28
30 0 U 29
31 0 U 30
32 0 U 31
33 0 U 32
34 1 U 33
35 0 U 34
36 0 U -1
37 0 U 36
38 0 U 37
39 1 U 38
40 1 U 39
41 1 U 40
42 1 U 41
43 1 U 42
44 1 U 43
45 0 U -1
46 0 U 45
47 0 U 46
48 1 U 47
49 1 U 48
50 0 U 49
51 1 U 50
52 0 U 51
53 0 U 52
54 0 U -1
55 0 U 54
56 1 U 55
57 0 U 56
58 1 U 57
59 0 U 58
60 1 U 59
61 0 U 60
62 0 U 61
63 1 U -1
64 0 U 63
65 0 U 64
66 0 U 65
67 1 U 66
68 1 U 67
69 1 U 68
70 0 U 69
71 0 U 70
72 1 U -1
73 1 U 72
74 0 U 73
75 1 U 74
76 0 U 75
77 1 U 76
78 0 U 77
79 1 U 78
80 0 U 79
81 1 L 72
82 1 L 73
83 0 L 74
84 1 L 75
85 1 L 76
86 1 L 77
87 1 L 78
88 0 L 79
89 0 L 80
90 1 U -1
91 1 U 90
92 1 U 91
93 1 U 92
94 0 U 93
95 0 U 94
96 0 U 95
97 1 U 96
98 1 U 97
# score :35 1853518
# W : 1158468 , H : 881060
99
0 0 U -1
1 0 U 0
2 0 U 1
3 1 U 2
4 0 U 3
5 0 U 4
6 1 U 5
7 0 U 6
8 0 U 7
9 0 U -1
10 1 U 9
11 0 U 10
12 0 U 11
13 1 U 12
14 0 U 13
15 1 U 14
16 1 U 15
17 0 U 16
18 0 U -1
19 0 U 18
20 1 U 19
21 1 U 20
22 1 U 21
23 0 U 22
24 1 U 23
25 1 U 24
26 1 U 25
27 0 U -1
28 0 U 27
29 0 U 28
30 1 U 29
31 1 U 30
32 1 U 31
33 0 U 32
34 1 U 33
35 1 U 34
36 1 U -1
37 1 U 36
38 0 U 37
39 0 U 38
40 0 U 39
41 1 U 40
42 0 U 41
43 1 U 42
44 0 U 43
45 0 U -1
46 1 U 45
47 0 U 46
48 0 U 47
49 1 U 48
50 0 U 49
51 1 U 50
52 1 U 51
53 1 U 52
54 1 U -1
55 1 U 54
56 1 U 55
57 1 U 56
58 1 U 57
59 1 U 58
60 0 U 59
61 0 U 60
62 1 U 61
63 0 U -1
64 0 U 63
65 0 U 64
66 0 U 65
67 0 U 66
68 1 U 67
69 1 U 68
70 0 U 69
71 1 U 70
72 0 U -1
73 0 U 72
74 0 U 73
75 1 U 74
76 0 U 75
77 1 U 76
78 0 U 77
79 0 U 78
80 1 U 79
81 1 L 63
82 1 L 64
83 0 L 65
84 1 L 66
85 1 L 67
86 1 L 68
87 1 L 69
88 1 L 70
89 1 L 71
90 0 U -1
91 1 U 90
92 1 U 91
93 1 U 92
94 1 U 93
95 1 U 94
96 1 U 95
97 1 U 96
98 1 U 97
# score :36 2146571
# W : 1257772 , H : 859463
99
0 0 U -1
1 0 U 0
2 0 U 1
3 1 U 2
4 1 U 3
5 1 U 4
6 1 U 5
7 0 U 6
8 0 U 7
9 1 U -1
10 0 U 9
11 0 U 10
12 1 U 11
13 0 U 12
14 0 U 13
15 0 U 14
16 1 U 15
17 1 U 16
18 1 U -1
19 0 U 18
20 1 U 19
21 1 U 20
22 0 U 21
23 1 U 22
24 1 U 23
25 1 U 24
26 1 U 25
27 0 U -1
28 0 U 27
29 1 U 28
30 1 U 29
31 0 U 30
32 1 U 31
33 1 U 32
34 1 U 33
35 1 U 34
36 1 U -1
37 1 U 36
38 0 U 37
39 0 U 38
40 1 U 39
41 0 U 40
42 1 U 41
43 1 U 42
44 0 U 43
45 0 U -1
46 0 U 45
47 1 U 46
48 1 U 47
49 1 U 48
50 0 U 49
51 0 U 50
52 1 U 51
53 0 U 52
54 1 U -1
55 1 U 54
56 1 U 55
57 0 U 56
58 1 U 57
59 0 U 58
60 0 U 59
61 1 U 60
62 1 U 61
63 0 U -1
64 1 U 63
65 1 U 64
66 1 U 65
67 0 U 66
68 0 U 67
69 0 U 68
70 1 U 69
71 0 U 70
72 0 U -1
73 1 U 72
74 1 U 73
75 0 U 74
76 1 U 75
77 1 U 76
78 0 U 77
79 0 U 78
80 0 U 79
81 1 L 63
82 1 L 64
83 0 L 65
84 1 L 66
85 0 L 67
86 0 L 68
87 1 L 69
88 1 L 70
89 0 L 71
90 0 U -1
91 0 U 90
92 1 U 91
93 1 U 92
94 1 U 93
95 0 U 94
96 0 U 95
97 0 U 96
98 1 U 97
# score :37 2227195
# W : 1218450 , H : 891122
99
0 0 U -1
1 0 U 0
2 1 U 1
3 1 U 2
4 1 U 3
5 0 U 4
6 1 U 5
7 0 U 6
8 0 U 7
9 0 U -1
10 1 U 9
11 0 U 10
12 0 U 11
13 0 U 12
14 0 U 13
15 0 U 14
16 0 U 15
17 0 U 16
18 1 U -1
19 0 U 18
20 0 U 19
21 1 U 20
22 0 U 21
23 1 U 22
24 0 U 23
25 1 U 24
26 1 U 25
27 0 U -1
28 0 U 27
29 0 U 28
30 1 U 29
31 0 U 30
32 0 U 31
33 1 U 32
34 1 U 33
35 1 U 34
36 0 U -1
37 1 U 36
38 1 U 37
39 0 U 38
40 1 U 39
41 0 U 40
42 1 U 41
43 0 U 42
44 0 U 43
45 1 U -1
46 1 U 45
47 0 U 46
48 0 U 47
49 1 U 48
50 0 U 49
51 1 U 50
52 1 U 51
53 1 U 52
54 0 U -1
55 1 U 54
56 1 U 55
57 1 U 56
58 0 U 57
59 0 U 58
60 1 U 59
61 1 U 60
62 1 U 61
63 0 U -1
64 1 U 63
65 0 U 64
66 0 U 65
67 1 U 66
68 1 U 67
69 0 U 68
70 0 U 69
71 1 U 70
72 1 U -1
73 0 U 72
74 1 U 73
75 0 U 74
76 1 U 75
77 0 U 76
78 0 U 77
79 1 U 78
80 1 U 79
81 0 L 63
82 1 L 64
83 0 L 65
84 1 L 66
85 0 L 67
86 0 L 68
87 1 L 69
88 1 L 70
89 0 L 71
90 0 U -1
91 1 U 90
92 1 U 91
93 0 U 92
94 0 U 93
95 0 U 94
96 1 U 95
97 1 U 96
98 0 U 97
# score :38 2284417
# W : 1321207 , H : 861354
99
0 1 U -1
1 1 U 0
2 1 U 1
3 0 U 2
4 1 U 3
5 1 U 4
6 1 U 5
7 0 U 6
8 1 U 7
9 1 U -1
10 0 U 9
11 1 U 10
12 0 U 11
13 1 U 12
14 0 U 13
15 1 U 14
16 0 U 15
17 1 U 16
18 0 U -1
19 0 U 18
20 1 U 19
21 1 U 20
22 0 U 21
23 1 U 22
24 1 U 23
25 1 U 24
26 1 U 25
27 0 U -1
28 0 U 27
29 0 U 28
30 1 U 29
31 0 U 30
32 0 U 31
33 0 U 32
34 1 U 33
35 0 U 34
36 1 U -1
37 1 U 36
38 1 U 37
39 1 U 38
40 1 U 39
41 0 U 40
42 1 U 41
43 0 U 42
44 1 U 43
45 1 U -1
46 1 U 45
47 0 U 46
48 1 U 47
49 1 U 48
50 0 U 49
51 1 U 50
52 0 U 51
53 1 U 52
54 1 U -1
55 0 U 54
56 1 U 55
57 0 U 56
58 1 U 57
59 1 U 58
60 1 U 59
61 1 U 60
62 0 U 61
63 1 U -1
64 0 U 63
65 0 U 64
66 0 U 65
67 1 U 66
68 1 U 67
69 1 U 68
70 1 U 69
71 1 U 70
72 0 U -1
73 0 U 72
74 1 U 73
75 0 U 74
76 0 U 75
77 0 U 76
78 1 U 77
79 0 U 78
80 0 U 79
81 0 L 63
82 0 L 64
83 0 L 65
84 0 L 66
85 1 L 67
86 0 L 68
87 0 L 69
88 0 L 70
89 0 L 71
90 1 U -1
91 0 U 90
92 1 U 91
93 0 U 92
94 1 U 93
95 0 U 94
96 0 U 95
97 1 U 96
98 1 U 97
# score :39 2160077
# W : 1044214 , H : 852456
99
0 1 U -1
1 0 U 0
2 0 U 1
3 0 U 2
4 1 U 3
5 1 U 4
6 1 U 5
7 0 U 6
8 0 U 7
9 0 U -1
10 1 U 9
11 1 U 10
12 0 U 11
13 1 U 12
14 0 U 13
15 1 U 14
16 1 U 15
17 1 U 16
18 0 U -1
19 1 U 18
20 1 U 19
21 0 U 20
22 0 U 21
23 0 U 22
24 0 U 23
25 0 U 24
26 1 U 25
27 0 U -1
28 1 U 27
29 1 U 28
30 0 U 29
31 0 U 30
32 1 U 31
33 1 U 32
34 1 U 33
35 1 U 34
36 1 U -1
37 0 U 36
38 1 U 37
39 1 U 38
40 0 U 39
41 1 U 40
42 0 U 41
43 1 U 42
44 0 U 43
45 0 U -1
46 1 U 45
47 1 U 46
48 1 U 47
49 1 U 48
50 0 U 49
51 0 U 50
52 0 U 51
53 0 U 52
54 0 U -1
55 1 U 54
56 1 U 55
57 1 U 56
58 0 U 57
59 0 U 58
60 1 U 59
61 1 U 60
62 1 U 61
63 0 U -1
64 0 U 63
65 0 U 64
66 0 U 65
67 0 U 66
68 0 U 67
69 0 U 68
70 0 U 69
71 0 U 70
72 1 U -1
73 0 U 72
74 1 U 73
75 0 U 74
76 0 U 75
77 1 U 76
78 0 U 77
79 0 U 78
80 0 U 79
81 0 U -1
82 0 U 81
83 1 U 82
84 1 U 83
85 0 U 84
86 1 U 85
87 1 U 86
88 0 U 87
89 1 U 88
90 1 U -1
91 1 U 90
92 0 U 91
93 1 U 92
94 0 U 93
95 0 U 94
96 0 U 95
97 0 U 96
98 1 U 97
# score :40 1733193
# W : 693942 , H : 949665
99
0 1 U -1
1 0 U 0
2 0 U 1
3 0 U 2
4 0 U 3
5 1 U 4
6 0 U 5
7 1 U 6
8 0 U 7
9 1 U -1
10 0 U 9
11 1 U 10
12 1 U 11
13 1 U 12
14 1 U 13
15 0 U 14
16 0 U 15
17 0 U 16
18 1 U -1
19 1 U 18
20 0 U 19
21 0 U 20
22 1 U 21
23 0 U 22
24 0 U 23
25 0 U 24
26 1 U 25
27 1 U -1
28 0 U 27
29 0 U 28
30 1 U 29
31 1 U 30
32 0 U 31
33 1 U 32
34 1 U 33
35 0 U 34
36 0 U -1
37 1 U 36
38 1 U 37
39 1 U 38
40 1 U 39
41 0 U 40
42 0 U 41
43 1 U 42
44 1 U 43
45 0 U -1
46 0 U 45
47 1 U 46
48 1 U 47
49 0 U 48
50 1 U 49
51 1 U 50
52 0 U 51
53 1 U 52
54 0 U -1
55 1 U 54
56 1 U 55
57 1 U 56
58 0 U 57
59 1 U 58
60 1 U 59
61 0 U 60
62 1 U 61
63 1 U -1
64 1 U 63
65 1 U 64
66 1 U 65
67 1 U 66
68 0 U 67
69 0 U 68
70 1 U 69
71 0 U 70
72 1 U -1
73 0 U 72
74 0 U 73
75 1 U 74
76 0 U 75
77 1 U 76
78 1 U 77
79 1 U 78
80 1 U 79
81 1 U -1
82 0 U 81
83 1 U 82
84 1 U 83
85 0 U 84
86 0 U 85
87 0 U 86
88 0 U 87
89 1 U 88
90 0 U -1
91 0 U 90
92 0 U 91
93 0 U 92
94 1 U 93
95 1 U 94
96 1 U 95
97 1 U 96
98 1 U 97
# score :41 1752416
# W : 708515 , H : 988884
99
0 1 U -1
1 1 U 0
2 0 U 1
3 1 U 2
4 0 U 3
5 1 U 4
6 0 U 5
7 1 U 6
8 1 U 7
9 0 U -1
10 0 U 9
11 0 U 10
12 0 U 11
13 0 U 12
14 0 U 13
15 1 U 14
16 1 U 15
17 1 U 16
18 0 U -1
19 0 U 18
20 1 U 19
21 0 U 20
22 0 U 21
23 0 U 22
24 1 U 23
25 1 U 24
26 1 U 25
27 1 U -1
28 0 U 27
29 0 U 28
30 0 U 29
31 1 U 30
32 1 U 31
33 0 U 32
34 0 U 33
35 1 U 34
36 1 U -1
37 0 U 36
38 1 U 37
39 1 U 38
40 1 U 39
41 0 U 40
42 1 U 41
43 0 U 42
44 1 U 43
45 0 U -1
46 1 U 45
47 1 U 46
48 0 U 47
49 0 U 48
50 0 U 49
51 0 U 50
52 1 U 51
53 0 U 52
54 0 U -1
55 0 U 54
56 0 U 55
57 1 U 56
58 0 U 57
59 1 U 58
60 1 U 59
61 1 U 60
62 1 U 61
63 0 U -1
64 0 U 63
65 0 U 64
66 0 U 65
67 0 U 66
68 0 U 67
69 1 U 68
70 0 U 69
71 1 U 70
72 0 U -1
73 0 U 72
74 0 U 73
75 1 U 74
76 1 U 75
77 1 U 76
78 0 U 77
79 0 U 78
80 1 U 79
81 1 L 72
82 1 L 73
83 1 L 74
84 0 L 75
85 0 L 76
86 0 L 77
87 1 L 78
88 1 L 79
89 0 L 80
90 1 U -1
91 0 U 90
92 1 U 91
93 1 U 92
94 0 U 93
95 0 U 94
96 0 U 95
97 0 U 96
98 0 U 97
# score :42 2100192
# W : 1128518 , H : 890294
99
0 0 U -1
1 0 U 0
2 0 U 1
3 0 U 2
4 0 U 3
5 1 U 4
6 0 U 5
7 1 U 6
8 1 U 7
9 0 U -1
10 1 U 9
11 1 U 10
12 1 U 11
13 1 U 12
14 0 U 13
15 1 U 14
16 1 U 15
17 0 U 16
18 1 U -1
19 0 U 18
20 1 U 19
21 1 U 20
22 0 U 21
23 1 U 22
24 0 U 23
25 0 U 24
26 1 U 25
27 0 U -1
28 0 U 27
29 1 U 28
30 0 U 29
31 1 U 30
32 1 U 31
33 1 U 32
34 1 U 33
35 0 U 34
36 0 U -1
37 1 U 36
38 1 U 37
39 0 U 38
40 1 U 39
41 1 U 40
42 0 U 41
43 1 U 42
44 1 U 43
45 1 U -1
46 1 U 45
47 0 U 46
48 1 U 47
49 1 U 48
50 0 U 49
51 0 U 50
52 0 U 51
53 1 U 52
54 1 U -1
55 1 U 54
56 0 U 55
57 1 U 56
58 1 U 57
59 1 U 58
60 1 U 59
61 1 U 60
62 1 U 61
63 1 U -1
64 0 U 63
65 0 U 64
66 1 U 65
67 1 U 66
68 1 U 67
69 0 U 68
70 1 U 69
71 1 U 70
72 0 U -1
73 1 U 72
74 1 U 73
75 0 U 74
76 0 U 75
77 0 U 76
78 0 U 77
79 0 U 78
80 0 U 79
81 1 L 72
82 1 L 73
83 0 L 74
84 0 L 75
85 1 L 76
86 1 L 77
87 0 L 78
88 1 L 79
89 0 L 80
90 1 U -1
91 1 U 90
92 1 U 91
93 1 U 92
94 0 U 93
95 0 U 94
96 1 U 95
97 1 U 96
98 1 U 97
# score :43 2086552
# W : 1218960 , H : 846222
99
0 1 U -1
1 1 U 0
2 0 U 1
3 1 U 2
4 1 U 3
5 0 U 4
6 1 U 5
7 0 U 6
8 1 U 7
9 1 U -1
10 1 U 9
11 0 U 10
12 0 U 11
13 0 U 12
14 0 U 13
15 0 U 14
16 0 U 15
17 0 U 16
18 1 U -1
19 1 U 18
20 1 U 19
21 1 U 20
22 0 U 21
23 0 U 22
24 1 U 23
25 1 U 24
26 1 U 25
27 0 U -1
28 1 U 27
29 1 U 28
30 0 U 29
31 1 U 30
32 1 U 31
33 0 U 32
34 1 U 33
35 0 U 34
36 1 U -1
37 0 U 36
38 0 U 37
39 1 U 38
40 0 U 39
41 0 U 40
42 1 U 41
43 1 U 42
44 1 U 43
45 1 U -1
46 0 U 45
47 1 U 46
48 1 U 47
49 0 U 48
50 0 U 49
51 0 U 50
52 1 U 51
53 0 U 52
54 1 U -1
55 1 U 54
56 1 U 55
57 0 U 56
58 1 U 57
59 0 U 58
60 1 U 59
61 1 U 60
62 1 U 61
63 0 U -1
64 0 U 63
65 1 U 64
66 0 U 65
67 0 U 66
68 1 U 67
69 0 U 68
70 1 U 69
71 1 U 70
72 0 U -1
73 1 U 72
74 0 U 73
75 0 U 74
76 0 U 75
77 1 U 76
78 1 U 77
79 1 U 78
80 0 U 79
81 1 L 63
82 1 L 64
83 1 L 65
84 0 L 66
85 1 L 67
86 1 L 68
87 0 L 69
88 1 L 70
89 1 L 71
90 0 U -1
91 1 U 90
92 0 U 91
93 1 U 92
94 1 U 93
95 0 U 94
96 0 U 95
97 0 U 96
98 0 U 97
# score :44 2166388
# W : 1210293 , H : 841050
99
0 1 U -1
1 1 U 0
2 0 U 1
3 0 U 2
4 1 U 3
5 0 U 4
6 0 U 5
7 0 U 6
8 1 U 7
9 1 U -1
10 1 U 9
11 1 U 10
12 1 U 11
13 0 U 12
14 0 U 13
15 1 U 14
16 1 U 15
17 1 U 16
18 1 U -1
19 1 U 18
20 1 U 19
21 1 U 20
22 1 U 21
23 1 U 22
24 0 U 23
25 0 U 24
26 0 U 25
27 1 U -1
28 0 U 27
29 0 U 28
30 0 U 29
31 0 U 30
32 1 U 31
33 1 U 32
34 1 U 33
35 0 U 34
36 1 U -1
37 1 U 36
38 1 U 37
39 0 U 38
40 1 U 39
41 1 U 40
42 1 U 41
43 0 U 42
44 0 U 43
45 0 U -1
46 1 U 45
47 1 U 46
48 0 U 47
49 0 U 48
50 0 U 49
51 1 U 50
52 0 U 51
53 1 U 52
54 1 U -1
55 0 U 54
56 1 U 55
57 1 U 56
58 0 U 57
59 1 U 58
60 0 U 59
61 0 U 60
62 0 U 61
63 0 U -1
64 1 U 63
65 1 U 64
66 1 U 65
67 1 U 66
68 0 U 67
69 0 U 68
70 0 U 69
71 0 U 70
72 1 U -1
73 0 U 72
74 0 U 73
75 0 U 74
76 1 U 75
77 0 U 76
78 1 U 77
79 1 U 78
80 0 U 79
81 1 L 63
82 1 L 64
83 0 L 65
84 1 L 66
85 0 L 67
86 0 L 68
87 0 L 69
88 1 L 70
89 1 L 71
90 1 U -1
91 1 U 90
92 0 U 91
93 1 U 92
94 0 U 93
95 1 U 94
96 1 U 95
97 0 U 96
98 0 U 97
# score :45 2127413
# W : 1276239 , H : 858980
99
0 1 U -1
1 1 U 0
2 1 U 1
3 1 U 2
4 0 U 3
5 1 U 4
6 0 U 5
7 0 U 6
8 1 U 7
9 1 U -1
10 0 U 9
11 1 U 10
12 0 U 11
13 1 U 12
14 1 U 13
15 1 U 14
16 0 U 15
17 0 U 16
18 1 U -1
19 1 U 18
20 1 U 19
21 0 U 20
22 0 U 21
23 1 U 22
24 1 U 23
25 0 U 24
26 1 U 25
27 0 U -1
28 1 U 27
29 1 U 28
30 1 U 29
31 0 U 30
32 1 U 31
33 0 U 32
34 0 U 33
35 1 U 34
36 1 U -1
37 1 U 36
38 0 U 37
39 1 U 38
40 1 U 39
41 0 U 40
42 0 U 41
43 0 U 42
44 1 U 43
45 1 U -1
46 1 U 45
47 1 U 46
48 0 U 47
49 1 U 48
50 0 U 49
51 1 U 50
52 0 U 51
53 0 U 52
54 0 U -1
55 1 U 54
56 1 U 55
57 1 U 56
58 1 U 57
59 1 U 58
60 0 U 59
61 1 U 60
62 1 U 61
63 1 U -1
64 0 U 63
65 1 U 64
66 0 U 65
67 0 U 66
68 1 U 67
69 0 U 68
70 0 U 69
71 0 U 70
72 0 U -1
73 0 U 72
74 1 U 73
75 0 U 74
76 1 U 75
77 1 U 76
78 0 U 77
79 1 U 78
80 0 U 79
81 1 L 63
82 0 L 64
83 0 L 65
84 1 L 66
85 1 L 67
86 1 L 68
87 1 L 69
88 1 L 70
89 0 L 71
90 0 U -1
91 1 U 90
92 1 U 91
93 1 U 92
94 1 U 93
95 0 U 94
96 0 U 95
97 0 U 96
98 0 U 97
# score :46 2154606
# W : 1265461 , H : 869299
99
0 1 U -1
1 1 U 0
2 1 U 1
3 1 U 2
4 0 U 3
5 1 U 4
6 1 U 5
7 0 U 6
8 1 U 7
9 0 U -1
10 0 U 9
11 0 U 10
12 1 U 11
13 1 U 12
14 1 U 13
15 1 U 14
16 0 U 15
17 1 U 16
18 1 U -1
19 1 U 18
20 1 U 19
21 1 U 20
22 1 U 21
23 0 U 22
24 0 U 23
25 0 U 24
26 0 U 25
27 1 U -1
28 1 U 27
29 0 U 28
30 0 U 29
31 1 U 30
32 1 U 31
33 1 U 32
34 1 U 33
35 1 U 34
36 1 U -1
37 0 U 36
38 1 U 37
39 0 U 38
40 1 U 39
41 0 U 40
42 0 U 41
43 0 U 42
44 0 U 43
45 0 U -1
46 0 U 45
47 0 U 46
48 0 U 47
49 0 U 48
50 1 U 49
51 1 U 50
52 1 U 51
53 0 U 52
54 1 U -1
55 1 U 54
56 0 U 55
57 1 U 56
58 1 U 57
59 0 U 58
60 1 U 59
61 0 U 60
62 1 U 61
63 1 U -1
64 0 U 63
65 0 U 64
66 1 U 65
67 1 U 66
68 1 U 67
69 1 U 68
70 0 U 69
71 0 U 70
72 0 U -1
73 0 U 72
74 1 U 73
75 0 U 74
76 0 U 75
77 1 U 76
78 0 U 77
79 0 U 78
80 1 U 79
81 0 L 63
82 0 L 64
83 1 L 65
84 1 L 66
85 0 L 67
86 1 L 68
87 1 L 69
88 0 L 70
89 1 L 71
90 0 U -1
91 0 U 90
92 0 U 91
93 1 U 92
94 0 U 93
95 1 U 94
96 1 U 95
97 0 U 96
98 0 U 97
# score :47 2300645
# W : 1283098 , H : 861192
99
0 0 U -1
1 0 U 0
2 0 U 1
3 1 U 2
4 0 U 3
5 1 U 4
6 0 U 5
7 0 U 6
8 1 U 7
9 0 U -1
10 1 U 9
11 0 U 10
12 1 U 11
13 1 U 12
14 0 U 13
15 1 U 14
16 1 U 15
17 1 U 16
18 0 U -1
19 1 U 18
20 0 U 19
21 1 U 20
22 1 U 21
23 0 U 22
24 0 U 23
25 0 U 24
26 1 U 25
27 1 U -1
28 1 U 27
29 1 U 28
30 0 U 29
31 1 U 30
32 1 U 31
33 1 U 32
34 0 U 33
35 1 U 34
36 1 U -1
37 0 U 36
38 1 U 37
39 0 U 38
40 1 U 39
41 0 U 40
42 1 U 41
43 1 U 42
44 0 U 43
45 0 U -1
46 0 U 45
47 0 U 46
48 1 U 47
49 1 U 48
50 0 U 49
51 0 U 50
52 1 U 51
53 1 U 52
54 0 U -1
55 0 U 54
56 0 U 55
57 1 U 56
58 0 U 57
59 1 U 58
60 0 U 59
61 0 U 60
62 0 U 61
63 0 U -1
64 0 U 63
65 1 U 64
66 1 U 65
67 0 U 66
68 0 U 67
69 0 U 68
70 1 U 69
71 1 U 70
72 1 U -1
73 0 U 72
74 1 U 73
75 1 U 74
76 0 U 75
77 1 U 76
78 1 U 77
79 1 U 78
80 1 U 79
81 1 U -1
82 0 U 81
83 0 U 82
84 1 U 83
85 1 U 84
86 1 U 85
87 1 U 86
88 1 U 87
89 1 U 88
90 1 U -1
91 0 U 90
92 0 U 91
93 0 U 92
94 0 U 93
95 0 U 94
96 1 U 95
97 1 U 96
98 0 U 97
# score :48 1726167
# W : 736098 , H : 935505
99
0 0 U -1
1 0 U 0
2 1 U 1
3 0 U 2
4 0 U 3
5 0 U 4
6 1 U 5
7 0 U 6
8 0 U 7
9 1 U -1
10 0 U 9
11 1 U 10
12 0 U 11
13 0 U 12
14 1 U 13
15 1 U 14
16 1 U 15
17 0 U 16
18 0 U -1
19 0 U 18
20 1 U 19
21 1 U 20
22 1 U 21
23 0 U 22
24 0 U 23
25 1 U 24
26 1 U 25
27 1 U -1
28 0 U 27
29 1 U 28
30 0 U 29
31 0 U 30
32 1 U 31
33 1 U 32
34 0 U 33
35 1 U 34
36 0 U -1
37 0 U 36
38 0 U 37
39 1 U 38
40 0 U 39
41 0 U 40
42 0 U 41
43 0 U 42
44 0 U 43
45 0 U -1
46 0 U 45
47 0 U 46
48 1 U 47
49 0 U 48
50 0 U 49
51 0 U 50
52 1 U 51
53 0 U 52
54 0 U -1
55 0 U 54
56 1 U 55
57 0 U 56
58 1 U 57
59 1 U 58
60 1 U 59
61 0 U 60
62 1 U 61
63 0 U -1
64 1 U 63
65 0 U 64
66 0 U 65
67 1 U 66
68 0 U 67
69 1 U 68
70 0 U 69
71 0 U 70
72 0 U -1
73 0 U 72
74 1 U 73
75 1 U 74
76 1 U 75
77 1 U 76
78 1 U 77
79 0 U 78
80 1 U 79
81 0 U -1
82 1 U 81
83 0 U 82
84 1 U 83
85 0 U 84
86 1 U 85
87 1 U 86
88 1 U 87
89 0 U 88
90 0 U -1
91 1 U 90
92 1 U 91
93 0 U 92
94 0 U 93
95 0 U 94
96 1 U 95
97 0 U 96
98 1 U 97
# score :49 1759304
# W : 732232 , H : 942893
99
0 0 U -1
1 1 U 0
2 1 U 1
3 0 U 2
4 1 U 3
5 0 U 4
6 1 U 5
7 0 U 6
8 1 U 7
9 1 U -1
10 1 U 9
11 1 U 10
12 1 U 11
13 1 U 12
14 0 U 13
15 0 U 14
16 0 U 15
17 1 U 16
18 1 U -1
19 1 U 18
20 1 U 19
21 0 U 20
22 1 U 21
23 1 U 22
24 1 U 23
25 1 U 24
26 1 U 25
27 0 U -1
28 0 U 27
29 0 U 28
30 1 U 29
31 0 U 30
32 1 U 31
33 1 U 32
34 1 U 33
35 1 U 34
36 1 U -1
37 1 U 36
38 0 U 37
39 0 U 38
40 0 U 39
41 0 U 40
42 1 U 41
43 0 U 42
44 1 U 43
45 1 U -1
46 1 U 45
47 1 U 46
48 0 U 47
49 1 U 48
50 1 U 49
51 1 U 50
52 1 U 51
53 0 U 52
54 0 U -1
55 1 U 54
56 0 U 55
57 0 U 56
58 0 U 57
59 0 U 58
60 1 U 59
61 0 U 60
62 0 U 61
63 1 U -1
64 1 U 63
65 1 U 64
66 1 U 65
67 0 U 66
68 1 U 67
69 1 U 68
70 0 U 69
71 0 U 70
72 1 U -1
73 1 U 72
74 1 U 73
75 1 U 74
76 1 U 75
77 1 U 76
78 1 U 77
79 0 U 78
80 0 U 79
81 1 L 72
82 0 L 73
83 0 L 74
84 0 L 75
85 0 L 76
86 0 L 77
87 1 L 78
88 0 L 79
89 0 L 80
90 1 U -1
91 1 U 90
92 0 U 91
93 1 U 92
94 1 U 93
95 0 U 94
96 0 U 95
97 1 U 96
98 1 U 97
# score :50 2256040
# W : 1203369 , H : 845782
99
0 0 U -1
1 0 U 0
2 0 U 1
3 0 U 2
4 1 U 3
5 1 U 4
6 0 U 5
7 0 U 6
8 1 U 7
9 0 U -1
10 0 U 9
11 1 U 10
12 1 U 11
13 1 U 12
14 0 U 13
15 0 U 14
16 0 U 15
17 1 U 16
18 0 U -1
19 1 U 18
20 1 U 19
21 1 U 20
22 1 U 21
23 0 U 22
24 0 U 23
25 0 U 24
26 0 U 25
27 0 U -1
28 0 U 27
29 1 U 28
30 0 U 29
31 0 U 30
32 0 U 31
33 0 U 32
34 0 U 33
35 1 U 34
36 1 U -1
37 0 U 36
38 1 U 37
39 0 U 38
40 0 U 39
41 1 U 40
42 1 U 41
43 1 U 42
44 0 U 43
45 1 U -1
46 1 U 45
47 1 U 46
48 0 U 47
49 1 U 48
50 0 U 49
51 1 U 50
52 1 U 51
53 0 U 52
54 1 U -1
55 1 U 54
56 0 U 55
57 1 U 56
58 1 U 57
59 0 U 58
60 0 U 59
61 0 U 60
62 0 U 61
63 1 U -1
64 1 U 63
65 1 U 64
66 1 U 65
67 0 U 66
68 0 U 67
69 1 U 68
70 1 U 69
71 0 U 70
72 0 U -1
73 0 U 72
74 1 U 73
75 0 U 74
76 0 U 75
77 0 U 76
78 0 U 77
79 0 U 78
80 1 U 79
81 1 L 72
82 1 L 73
83 0 L 74
84 0 L 75
85 0 L 76
86 1 L 77
87 0 L 78
88 0 L 79
89 0 L 80
90 0 U -1
91 0 U 90
92 1 U 91
93 1 U 92
94 1 U 93
95 0 U 94
96 1 U 95
97 0 U 96
98 1 U 97
# score :51 2168192
# W : 1208991 , H : 891625
99
0 0 U -1
1 1 U 0
2 0 U 1
3 1 U 2
4 0 U 3
5 1 U 4
6 0 U 5
7 0 U 6
8 1 U 7
9 0 U -1
10 0 U 9
11 1 U 10
12 0 U 11
13 0 U 12
14 0 U 13
15 1 U 14
16 0 U 15
17 1 U 16
18 1 U -1
19 0 U 18
20 1 U 19
21 0 U 20
22 0 U 21
23 0 U 22
24 0 U 23
25 1 U 24
26 1 U 25
27 1 U -1
28 0 U 27
29 0 U 28
30 1 U 29
31 0 U 30
32 1 U 31
33 0 U 32
34 1 U 33
35 0 U 34
36 0 U -1
37 1 U 36
38 1 U 37
39 1 U 38
40 0 U 39
41 1 U 40
42 0 U 41
43 1 U 42
44 1 U 43
45 0 U -1
46 0 U 45
47 1 U 46
48 1 U 47
49 0 U 48
50 0 U 49
51 0 U 50
52 0 U 51
53 1 U 52
54 0 U -1
55 0 U 54
56 1 U 55
57 0 U 56
58 0 U 57
59 0 U 58
60 0 U 59
61 1 U 60
62 0 U 61
63 0 U -1
64 0 U 63
65 0 U 64
66 1 U 65
67 0 U 66
68 1 U 67
69 0 U 68
70 0 U 69
71 0 U 70
72 1 U -1
73 0 U 72
74 1 U 73
75 1 U 74
76 1 U 75
77 0 U 76
78 1 U 77
79 1 U 78
80 1 U 79
81 0 L 63
82 1 L 64
83 1 L 65
84 0 L 66
85 1 L 67
86 0 L 68
87 0 L 69
88 0 L 70
89 1 L 71
90 0 U -1
91 1 U 90
92 1 U 91
93 1 U 92
94 0 U 93
95 0 U 94
96 1 U 95
97 0 U 96
98 0 U 97
# score :52 2167532
# W : 1185240 , H : 882554
99
0 1 U -1
1 1 U 0
2 0 U 1
3 0 U 2
4 1 U 3
5 0 U 4
6 1 U 5
7 0 U 6
8 0 U 7
9 1 U -1
10 0 U 9
11 1 U 10
12 0 U 11
13 1 U 12
14 0 U 13
15 1 U 14
16 0 U 15
17 1 U 16
18 1 U -1
19 1 U 18
20 0 U 19
21 0 U 20
22 0 U 21
23 1 U 22
24 0 U 23
25 1 U 24
26 0 U 25
27 1 U -1
28 1 U 27
29 1 U 28
30 1 U 29
31 1 U 30
32 0 U 31
33 1 U 32
34 0 U 33
35 1 U 34
36 0 U -1
37 1 U 36
38 1 U 37
39 1 U 38
40 0 U 39
41 0 U 40
42 0 U 41
43 0 U 42
44 1 U 43
45 0 U -1
46 1 U 45
47 1 U 46
48 0 U 47
49 1 U 48
50 1 U 49
51 0 U 50
52 1 U 51
53 1 U 52
54 1 U -1
55 0 U 54
56 0 U 55
57 1 U 56
58 0 U 57
59 0 U 58
60 1 U 59
61 0 U 60
62 0 U 61
63 0 U -1
64 0 U 63
65 1 U 64
66 0 U 65
67 0 U 66
68 1 U 67
69 0 U 68
70 1 U 69
71 0 U 70
72 1 U -1
73 0 U 72
74 0 U 73
75 0 U 74
76 1 U 75
77 0 U 76
78 0 U 77
79 1 U 78
80 1 U 79
81 1 L 63
82 1 L 64
83 1 L 65
84 0 L 66
85 1 L 67
86 1 L 68
87 1 L 69
88 0 L 70
89 1 L 71
90 0 U -1
91 0 U 90
92 1 U 91
93 1 U 92
94 1 U 93
95 1 U 94
96 0 U 95
97 0 U 96
98 0 U 97
# score :53 2152427
# W : 1244090 , H : 869188
99
0 0 U -1
1 0 U 0
2 0 U 1
3 0 U 2
4 1 U 3
5 0 U 4
6 1 U 5
7 1 U 6
8 0 U 7
9 1 U -1
10 1 U 9
11 0 U 10
12 0 U 11
13 1 U 12
14 0 U 13
15 1 U 14
16 0 U 15
17 1 U 16
18 1 U -1
19 0 U 18
20 1 U 19
21 0 U 20
22 1 U 21
23 0 U 22
24 0 U 23
25 1 U 24
26 1 U 25
27 1 U -1
28 1 U 27
29 1 U 28
30 0 U 29
31 1 U 30
32 1 U 31
33 0 U 32
34 1 U 33
35 1 U 34
36 1 U -1
37 1 U 36
38 0 U 37
39 0 U 38
40 0 U 39
41 0 U 40
42 1 U 41
43 1 U 42
44 1 U 43
45 1 U -1
46 1 U 45
47 0 U 46
48 1 U 47
49 1 U 48
50 1 U 49
51 0 U 50
52 1 U 51
53 0 U 52
54 1 U -1
55 1 U 54
56 0 U 55
57 1 U 56
58 1 U 57
59 1 U 58
60 0 U 59
61 1 U 60
62 0 U 61
63 0 U -1
64 1 U 63
65 0 U 64
66 1 U 65
67 0 U 66
68 0 U 67
69 0 U 68
70 1 U 69
71 1 U 70
72 0 U -1
73 0 U 72
74 0 U 73
75 0 U 74
76 1 U 75
77 1 U 76
78 0 U 77
79 0 U 78
80 1 U 79
81 0 L 63
82 1 L 64
83 1 L 65
84 0 L 66
85 1 L 67
86 0 L 68
87 1 L 69
88 0 L 70
89 1 L 71
90 0 U -1
91 0 U 90
92 1 U 91
93 1 U 92
94 0 U 93
95 1 U 94
96 0 U 95
97 0 U 96
98 0 U 97
# score :54 2244411
# W : 1243713 , H : 850350
99
0 0 U -1
1 1 U 0
2 0 U 1
3 1 U 2
4 1 U 3
5 1 U 4
6 1 U 5
7 0 U 6
8 0 U 7
9 1 U -1
10 1 U 9
11 0 U 10
12 0 U 11
13 0 U 12
14 0 U 13
15 1 U 14
16 0 U 15
17 1 U 16
18 0 U -1
19 1 U 18
20 0 U 19
21 0 U 20
22 0 U 21
23 1 U 22
24 1 U 23
25 1 U 24
26 1 U 25
27 1 U -1
28 0 U 27
29 0 U 28
30 0 U 29
31 1 U 30
32 1 U 31
33 0 U 32
34 0 U 33
35 0 U 34
36 0 U -1
37 1 U 36
38 1 U 37
39 0 U 38
40 1 U 39
41 0 U 40
42 1 U 41
43 0 U 42
44 1 U 43
45 1 U -1
46 0 U 45
47 0 U 46
48 0 U 47
49 0 U 48
50 1 U 49
51 1 U 50
52 0 U 51
53 0 U 52
54 0 U -1
55 1 U 54
56 0 U 55
57 0 U 56
58 0 U 57
59 1 U 58
60 0 U 59
61 0 U 60
62 0 U 61
63 0 U -1
64 0 U 63
65 0 U 64
66 1 U 65
67 1 U 66
68 1 U 67
69 1 U 68
70 0 U 69
71 0 U 70
72 1 U -1
73 1 U 72
74 0 U 73
75 0 U 74
76 0 U 75
77 1 U 76
78 0 U 77
79 0 U 78
80 0 U 79
81 1 L 63
82 1 L 64
83 0 L 65
84 1 L 66
85 0 L 67
86 1 L 68
87 1 L 69
88 0 L 70
89 1 L 71
90 1 U -1
91 0 U 90
92 1 U 91
93 1 U 92
94 1 U 93
95 1 U 94
96 0 U 95
97 1 U 96
98 0 U 97
# score :55 2224919
# W : 1226351 , H : 885555
99
0 1 U -1
1 1 U 0
2 1 U 1
3 1 U 2
4 1 U 3
5 1 U 4
6 1 U 5
7 1 U 6
8 1 U 7
9 0 U -1
10 1 U 9
11 1 U 10
12 0 U 11
13 0 U 12
14 0 U 13
15 1 U 14
16 0 U 15
17 0 U 16
18 0 U -1
19 1 U 18
20 0 U 19
21 1 U 20
22 0 U 21
23 0 U 22
24 1 U 23
25 0 U 24
26 1 U 25
27 0 U -1
28 1 U 27
29 1 U 28
30 0 U 29
31 0 U 30
32 0 U 31
33 0 U 32
34 0 U 33
35 0 U 34
36 0 U -1
37 0 U 36
38 0 U 37
39 0 U 38
40 0 U 39
41 0 U 40
42 1 U 41
43 1 U 42
44 0 U 43
45 0 U -1
46 0 U 45
47 1 U 46
48 0 U 47
49 0 U 48
50 0 U 49
51 1 U 50
52 0 U 51
53 1 U 52
54 0 U -1
55 0 U 54
56 0 U 55
57 1 U 56
58 0 U 57
59 0 U 58
60 0 U 59
61 0 U 60
62 1 U 61
63 1 U -1
64 1 U 63
65 0 U 64
66 1 U 65
67 0 U 66
68 0 U 67
69 0 U 68
70 1 U 69
71 0 U 70
72 1 U -1
73 0 U 72
74 1 U 73
75 0 U 74
76 0 U 75
77 0 U 76
78 0 U 77
79 1 U 78
80 1 U 79
81 1 U -1
82 0 U 81
83 0 U 82
84 0 U 83
85 1 U 84
86 1 U 85
87 0 U 86
88 1 U 87
89 0 U 88
90 0 U -1
91 0 U 90
92 1 U 91
93 0 U 92
94 0 U 93
95 1 U 94
96 0 U 95
97 0 U 96
98 1 U 97
# score :56 1719139
# W : 724815 , H : 974985
99
0 1 U -1
1 0 U 0
2 0 U 1
3 1 U 2
4 1 U 3
5 0 U 4
6 1 U 5
7 1 U 6
8 1 U 7
9 1 U -1
10 0 U 9
11 1 U 10
12 1 U 11
13 0 U 12
14 0 U 13
15 0 U 14
16 0 U 15
17 0 U 16
18 1 U -1
19 1 U 18
20 1 U 19
21 0 U 20
22 1 U 21
23 0 U 22
24 0 U 23
25 1 U 24
26 1 U 25
27 1 U -1
28 1 U 27
29 1 U 28
30 1 U 29
31 0 U 30
32 0 U 31
33 0 U 32
34 1 U 33
35 0 U 34
36 1 U -1
37 1 U 36
38 1 U 37
39 1 U 38
40 0 U 39
41 1 U 40
42 1 U 41
43 1 U 42
44 1 U 43
45 1 U -1
46 0 U 45
47 0 U 46
48 0 U 47
49 0 U 48
50 1 U 49
51 0 U 50
52 0 U 51
53 1 U 52
54 0 U -1
55 1 U 54
56 0 U 55
57 0 U 56
58 0 U 57
59 1 U 58
60 1 U 59
61 0 U 60
62 0 U 61
63 1 U -1
64 0 U 63
65 1 U 64
66 0 U 65
67 1 U 66
68 1 U 67
69 1 U 68
70 0 U 69
71 0 U 70
72 1 U -1
73 1 U 72
74 0 U 73
75 1 U 74
76 0 U 75
77 0 U 76
78 1 U 77
79 1 U 78
80 0 U 79
81 0 U -1
82 0 U 81
83 0 U 82
84 1 U 83
85 1 U 84
86 1 U 85
87 1 U 86
88 1 U 87
89 0 U 88
90 0 U -1
91 1 U 90
92 1 U 91
93 1 U 92
94 1 U 93
95 1 U 94
96 0 U 95
97 1 U 96
98 1 U 97
# score :57 1724553
# W : 732534 , H : 950116
99
0 1 U -1
1 1 U 0
2 1 U 1
3 0 U 2
4 1 U 3
5 0 U 4
6 0 U 5
7 0 U 6
8 1 U 7
9 1 U -1
10 1 U 9
11 1 U 10
12 1 U 11
13 0 U 12
14 1 U 13
15 0 U 14
16 1 U 15
17 0 U 16
18 1 U -1
19 1 U 18
20 0 U 19
21 0 U 20
22 0 U 21
23 0 U 22
24 1 U 23
25 0 U 24
26 0 U 25
27 1 U -1
28 1 U 27
29 1 U 28
30 1 U 29
31 1 U 30
32 0 U 31
33 0 U 32
34 0 U 33
35 0 U 34
36 1 U -1
37 1 U 36
38 1 U 37
39 0 U 38
40 0 U 39
41 0 U 40
42 1 U 41
43 0 U 42
44 1 U 43
45 0 U -1
46 1 U 45
47 0 U 46
48 1 U 47
49 1 U 48
50 0 U 49
51 0 U 50
52 0 U 51
53 1 U 52
54 1 U -1
55 0 U 54
56 1 U 55
57 0 U 56
58 1 U 57
59 1 U 58
60 0 U 59
61 0 U 60
62 1 U 61
63 1 U -1
64 1 U 63
65 0 U 64
66 0 U 65
67 0 U 66
68 1 U 67
69 0 U 68
70 0 U 69
71 0 U 70
72 0 U -1
73 1 U 72
74 0 U 73
75 1 U 74
76 0 U 75
77 1 U 76
78 0 U 77
79 0 U 78
80 0 U 79
81 1 L 72
82 0 L 73
83 1 L 74
84 0 L 75
85 0 L 76
86 0 L 77
87 1 L 78
88 1 L 79
89 1 L 80
90 0 U -1
91 1 U 90
92 0 U 91
93 0 U 92
94 1 U 93
95 0 U 94
96 0 U 95
97 0 U 96
98 1 U 97
# score :58 2011500
# W : 1221068 , H : 875136
99
0 0 U -1
1 0 U 0
2 1 U 1
3 1 U 2
4 0 U 3
5 1 U 4
6 1 U 5
7 0 U 6
8 0 U 7
9 1 U -1
10 1 U 9
11 0 U 10
12 0 U 11
13 0 U 12
14 1 U 13
15 0 U 14
16 0 U 15
17 0 U 16
18 1 U -1
19 1 U 18
20 0 U 19
21 0 U 20
22 0 U 21
23 1 U 22
24 0 U 23
25 0 U 24
26 1 U 25
27 0 U -1
28 0 U 27
29 0 U 28
30 1 U 29
31 1 U 30
32 0 U 31
33 1 U 32
34 0 U 33
35 1 U 34
36 1 U -1
37 0 U 36
38 0 U 37
39 1 U 38
40 0 U 39
41 1 U 40
42 0 U 41
43 1 U 42
44 1 U 43
45 1 U -1
46 0 U 45
47 1 U 46
48 0 U 47
49 0 U 48
50 0 U 49
51 1 U 50
52 0 U 51
53 1 U 52
54 1 U -1
55 0 U 54
56 1 U 55
57 0 U 56
58 0 U 57
59 0 U 58
60 0 U 59
61 1 U 60
62 0 U 61
63 0 U -1
64 0 U 63
65 1 U 64
66 1 U 65
67 1 U 66
68 1 U 67
69 1 U 68
70 0 U 69
71 1 U 70
72 1 U -1
73 0 U 72
74 1 U 73
75 1 U 74
76 0 U 75
77 1 U 76
78 1 U 77
79 0 U 78
80 0 U 79
81 0 L 72
82 0 L 73
83 1 L 74
84 0 L 75
85 0 L 76
86 0 L 77
87 1 L 78
88 0 L 79
89 1 L 80
90 0 U -1
91 0 U 90
92 1 U 91
93 1 U 92
94 1 U 93
95 0 U 94
96 0 U 95
97 1 U 96
98 0 U 97
# score :59 2212246
# W : 1269786 , H : 935624
99
0 0 U -1
1 1 U 0
2 0 U 1
3 0 U 2
4 0 U 3
5 1 U 4
6 1 U 5
7 0 U 6
8 0 U 7
9 1 U -1
10 0 U 9
11 0 U 10
12 0 U 11
13 1 U 12
14 1 U 13
15 1 U 14
16 0 U 15
17 1 U 16
18 0 U -1
19 0 U 18
20 1 U 19
21 1 U 20
22 0 U 21
23 0 U 22
24 0 U 23
25 0 U 24
26 0 U 25
27 1 U -1
28 1 U 27
29 1 U 28
30 0 U 29
31 1 U 30
32 1 U 31
33 1 U 32
34 0 U 33
35 0 U 34
36 0 U -1
37 0 U 36
38 0 U 37
39 1 U 38
40 0 U 39
41 0 U 40
42 0 U 41
43 0 U 42
44 0 U 43
45 0 U -1
46 0 U 45
47 0 U 46
48 1 U 47
49 0 U 48
50 0 U 49
51 0 U 50
52 0 U 51
53 1 U 52
54 0 U -1
55 1 U 54
56 1 U 55
57 1 U 56
58 0 U 57
59 0 U 58
60 0 U 59
61 0 U 60
62 1 U 61
63 1 U -1
64 0 U 63
65 0 U 64
66 0 U 65
67 0 U 66
68 1 U 67
69 0 U 68
70 1 U 69
71 1 U 70
72 1 U -1
73 1 U 72
74 0 U 73
75 1 U 74
76 1 U 75
77 0 U 76
78 1 U 77
79 1 U 78
80 1 U 79
81 1 L 63
82 0 L 64
83 1 L 65
84 0 L 66
85 1 L 67
86 1 L 68
87 1 L 69
88 0 L 70
89 0 L 71
90 1 U -1
91 1 U 90
92 0 U 91
93 1 U 92
94 0 U 93
95 0 U 94
96 0 U 95
97 1 U 96
98 0 U 97
# score :60 2179059
# W : 1280030 , H : 872416
99
0 0 U -1
1 0 U 0
2 1 U 1
3 1 U 2
4 1 U 3
5 1 U 4
6 1 U 5
7 1 U 6
8 1 U 7
9 0 U -1
10 1 U 9
11 0 U 10
12 0 U 11
13 0 U 12
14 1 U 13
15 0 U 14
16 1 U 15
17 1 U 16
18 1 U -1
19 1 U 18
20 0 U 19
21 1 U 20
22 0 U 21
23 1 U 22
24 0 U 23
25 0 U 24
26 1 U 25
27 0 U -1
28 1 U 27
29 1 U 28
30 1 U 29
31 0 U 30
32 1 U 31
33 0 U 32
34 0 U 33
35 1 U 34
36 1 U -1
37 0 U 36
38 0 U 37
39 1 U 38
40 0 U 39
41 1 U 40
42 1 U 41
43 1 U 42
44 0 U 43
45 1 U -1
46 1 U 45
47 0 U 46
48 0 U 47
49 0 U 48
50 1 U 49
51 0 U 50
52 1 U 51
53 0 U 52
54 1 U -1
55 1 U 54
56 1 U 55
57 0 U 56
58 1 U 57
59 1 U 58
60 1 U 59
61 0 U 60
62 0 U 61
63 0 U -1
64 1 U 63
65 0 U 64
66 0 U 65
67 1 U 66
68 1 U 67
69 0 U 68
70 1 U 69
71 1 U 70
72 0 U -1
73 1 U 72
74 0 U 73
75 1 U 74
76 1 U 75
77 1 U 76
78 1 U 77
79 1 U 78
80 1 U 79
81 0 L 63
82 0 L 64
83 0 L 65
84 1 L 66
85 0 L 67
86 0 L 68
87 1 L 69
88 0 L 70
89 0 L 71
90 1 U -1
91 1 U 90
92 0 U 91
93 1 U 92
94 0 U 93
95 0 U 94
96 1 U 95
97 0 U 96
98 1 U 97
# score :61 2209568
# W : 1182320 , H : 891524
99
0 0 U -1
1 1 U 0
2 1 U 1
3 0 U 2
4 1 U 3
5 0 U 4
6 0 U 5
7 0 U 6
8 1 U 7
9 0 U -1
10 1 U 9
11 0 U 10
12 0 U 11
13 0 U 12
14 0 U 13
15 1 U 14
16 0 U 15
17 1 U 16
18 1 U -1
19 1 U 18
20 1 U 19
21 1 U 20
22 1 U 21
23 0 U 22
24 0 U 23
25 0 U 24
26 0 U 25
27 0 U -1
28 0 U 27
29 0 U 28
30 0 U 29
31 0 U 30
32 1 U 31
33 1 U 32
34 1 U 33
35 0 U 34
36 1 U -1
37 0 U 36
38 0 U 37
39 1 U 38
40 1 U 39
41 1 U 40
42 0 U 41
43 0 U 42
44 0 U 43
45 0 U -1
46 1 U 45
47 1 U 46
48 1 U 47
49 1 U 48
50 1 U 49
51 0 U 50
52 1 U 51
53 0 U 52
54 0 U -1
55 1 U 54
56 1 U 55
57 0 U 56
58 0 U 57
59 0 U 58
60 0 U 59
61 0 U 60
62 1 U 61
63 1 U -1
64 1 U 63
65 1 U 64
66 1 U 65
67 1 U 66
68 0 U 67
69 0 U 68
70 0 U 69
71 1 U 70
72 1 U -1
73 1 U 72
74 0 U 73
75 0 U 74
76 1 U 75
77 0 U 76
78 0 U 77
79 0 U 78
80 0 U 79
81 0 L 63
82 0 L 64
83 0 L 65
84 1 L 66
85 0 L 67
86 0 L 68
87 1 L 69
88 1 L 70
89 1 L 71
90 0 U -1
91 0 U 90
92 0 U 91
93 0 U 92
94 1 U 93
95 0 U 94
96 0 U 95
97 1 U 96
98 0 U 97
# score :62 2249621
# W : 1376096 , H : 883565
99
0 0 U -1
1 0 U 0
2 0 U 1
3 0 U 2
4 1 U 3
5 0 U 4
6 0 U 5
7 0 U 6
8 1 U 7
9 0 U -1
10 1 U 9
11 1 U 10
12 1 U 11
13 1 U 12
14 1 U 13
15 1 U 14
16 0 U 15
17 0 U 16
18 0 U -1
19 1 U 18
20 1 U 19
21 0 U 20
22 1 U 21
23 1 U 22
24 0 U 23
25 1 U 24
26 1 U 25
27 1 U -1
28 1 U 27
29 0 U 28
30 0 U 29
31 0 U 30
32 0 U 31
33 1 U 32
34 1 U 33
35 1 U 34
36 1 U -1
37 1 U 36
38 1 U 37
39 0 U 38
40 1 U 39
41 1 U 40
42 0 U 41
43 1 U 42
44 0 U 43
45 0 U -1
46 1 U 45
47 1 U 46
48 0 U 47
49 0 U 48
50 1 U 49
51 0 U 50
52 1 U 51
53 0 U 52
54 1 U -1
55 0 U 54
56 1 U 55
57 1 U 56
58 0 U 57
59 0 U 58
60 0 U 59
61 1 U 60
62 0 U 61
63 0 U -1
64 0 U 63
65 0 U 64
66 0 U 65
67 1 U 66
68 1 U 67
69 1 U 68
70 1 U 69
71 1 U 70
72 1 U -1
73 1 U 72
74 1 U 73
75 1 U 74
76 0 U 75
77 1 U 76
78 1 U 77
79 1 U 78
80 1 U 79
81 1 L 63
82 0 L 64
83 1 L 65
84 0 L 66
85 1 L 67
86 1 L 68
87 1 L 69
88 1 L 70
89 1 L 71
90 0 U -1
91 1 U 90
92 1 U 91
93 1 U 92
94 0 U 93
95 1 U 94
96 0 U 95
97 1 U 96
98 0 U 97
# score :63 2205476
# W : 1317023 , H : 867530
99
0 0 U -1
1 0 U 0
2 1 U 1
3 1 U 2
4 0 U 3
5 1 U 4
6 1 U 5
7 0 U 6
8 0 U 7
9 1 U -1
10 0 U 9
11 0 U 10
12 0 U 11
13 0 U 12
14 0 U 13
15 1 U 14
16 1 U 15
17 1 U 16
18 1 U -1
19 0 U 18
20 1 U 19
21 0 U 20
22 1 U 21
23 1 U 22
24 0 U 23
25 1 U 24
26 0 U 25
27 1 U -1
28 1 U 27
29 1 U 28
30 1 U 29
31 1 U 30
32 1 U 31
33 0 U 32
34 0 U 33
35 0 U 34
36 1 U -1
37 1 U 36
38 1 U 37
39 1 U 38
40 0 U 39
41 0 U 40
42 0 U 41
43 1 U 42
44 0 U 43
45 0 U -1
46 0 U 45
47 1 U 46
48 1 U 47
49 0 U 48
50 1 U 49
51 1 U 50
52 0 U 51
53 1 U 52
54 1 U -1
55 1 U 54
56 1 U 55
57 1 U 56
58 1 U 57
59 1 U 58
60 0 U 59
61 0 U 60
62 0 U 61
63 1 U -1
64 0 U 63
65 1 U 64
66 1 U 65
67 0 U 66
68 0 U 67
69 0 U 68
70 1 U 69
71 0 U 70
72 1 U -1
73 0 U 72
74 1 U 73
75 0 U 74
76 0 U 75
77 0 U 76
78 0 U 77
79 1 U 78
80 0 U 79
81 1 U -1
82 1 U 81
83 1 U 82
84 1 U 83
85 1 U 84
86 1 U 85
87 1 U 86
88 1 U 87
89 0 U 88
90 0 U -1
91 1 U 90
92 1 U 91
93 0 U 92
94 0 U 93
95 0 U 94
96 0 U 95
97 0 U 96
98 1 U 97
# score :64 1714786
# W : 703387 , H : 983729
99
0 0 U -1
1 0 U 0
2 1 U 1
3 1 U 2
4 1 U 3
5 0 U 4
6 1 U 5
7 1 U 6
8 0 U 7
9 0 U -1
10 1 U 9
11 0 U 10
12 1 U 11
13 0 U 12
14 0 U 13
15 1 U 14
16 0 U 15
17 0 U 16
18 1 U -1
19 0 U 18
20 1 U 19
21 1 U 20
22 1 U 21
23 0 U 22
24 0 U 23
25 1 U 24
26 0 U 25
27 0 U -1
28 1 U 27
29 1 U 28
30 1 U 29
31 1 U 30
32 0 U 31
33 1 U 32
34 0 U 33
35 0 U 34
36 0 U -1
37 0 U 36
38 1 U 37
39 1 U 38
40 1 U 39
41 0 U 40
42 0 U 41
43 1 U 42
44 1 U 43
45 1 U -1
46 0 U 45
47 1 U 46
48 1 U 47
49 1 U 48
50 1 U 49
51 0 U 50
52 0 U 51
53 1 U 52
54 0 U -1
55 1 U 54
56 1 U 55
57 1 U 56
58 0 U 57
59 0 U 58
60 0 U 59
61 1 U 60
62 1 U 61
63 0 U -1
64 1 U 63
65 0 U 64
66 0 U 65
67 0 U 66
68 0 U 67
69 0 U 68
70 1 U 69
71 1 U 70
72 0 U -1
73 1 U 72
74 0 U 73
75 0 U 74
76 1 U 75
77 1 U 76
78 1 U 77
79 0 U 78
80 1 U 79
81 1 U -1
82 0 U 81
83 1 U 82
84 0 U 83
85 1 U 84
86 1 U 85
87 0 U 86
88 0 U 87
89 1 U 88
90 1 U -1
91 0 U 90
92 1 U 91
93 1 U 92
94 0 U 93
95 1 U 94
96 1 U 95
97 1 U 96
98 1 U 97
# score :65 1722663
# W : 676869 , H : 970980
99
0 1 U -1
1 0 U 0
2 1 U 1
3 0 U 2
4 1 U 3
5 0 U 4
6 1 U 5
7 0 U 6
8 1 U 7
9 1 U -1
10 0 U 9
11 0 U 10
12 1 U 11
13 0 U 12
14 1 U 13
15 0 U 14
16 1 U 15
17 0 U 16
18 0 U -1
19 0 U 18
20 1 U 19
21 0 U 20
22 0 U 21
23 1 U 22
24 0 U 23
25 1 U 24
26 1 U 25
27 0 U -1
28 1 U 27
29 0 U 28
30 1 U 29
31 0 U 30
32 1 U 31
33 0 U 32
34 1 U 33
35 1 U 34
36 0 U -1
37 0 U 36
38 0 U 37
39 1 U 38
40 0 U 39
41 0 U 40
42 1 U 41
43 0 U 42
44 1 U 43
45 0 U -1
46 0 U 45
47 1 U 46
48 1 U 47
49 1 U 48
50 0 U 49
51 0 U 50
52 0 U 51
53 1 U 52
54 0 U -1
55 0 U 54
56 0 U 55
57 0 U 56
58 0 U 57
59 1 U 58
60 0 U 59
61 0 U 60
62 1 U 61
63 1 U -1
64 1 U 63
65 0 U 64
66 0 U 65
67 0 U 66
68 0 U 67
69 0 U 68
70 0 U 69
71 0 U 70
72 1 U -1
73 0 U 72
74 0 U 73
75 0 U 74
76 0 U 75
77 1 U 76
78 1 U 77
79 0 U 78
80 1 U 79
81 0 L 72
82 0 L 73
83 0 L 74
84 0 L 75
85 0 L 76
86 1 L 77
87 1 L 78
88 0 L 79
89 0 L 80
90 0 U -1
91 0 U 90
92 0 U 91
93 1 U 92
94 1 U 93
95 0 U 94
96 0 U 95
97 0 U 96
98 1 U 97
# score :66 1938867
# W : 1096746 , H : 936788
99
0 1 U -1
1 1 U 0
2 1 U 1
3 0 U 2
4 0 U 3
5 1 U 4
6 0 U 5
7 0 U 6
8 0 U 7
9 0 U -1
10 0 U 9
11 1 U 10
12 1 U 11
13 1 U 12
14 1 U 13
15 0 U 14
16 0 U 15
17 0 U 16
18 0 U -1
19 1 U 18
20 1 U 19
21 1 U 20
22 0 U 21
23 1 U 22
24 1 U 23
25 0 U 24
26 1 U 25
27 1 U -1
28 1 U 27
29 1 U 28
30 0 U 29
31 0 U 30
32 0 U 31
33 0 U 32
34 0 U 33
35 0 U 34
36 0 U -1
37 0 U 36
38 0 U 37
39 0 U 38
40 0 U 39
41 1 U 40
42 1 U 41
43 1 U 42
44 1 U 43
45 0 U -1
46 1 U 45
47 0 U 46
48 0 U 47
49 1 U 48
50 0 U 49
51 0 U 50
52 1 U 51
53 1 U 52
54 1 U -1
55 0 U 54
56 0 U 55
57 1 U 56
58 1 U 57
59 0 U 58
60 0 U 59
61 0 U 60
62 1 U 61
63 1 U -1
64 1 U 63
65 1 U 64
66 0 U 65
67 0 U 66
68 1 U 67
69 0 U 68
70 1 U 69
71 0 U 70
72 0 U -1
73 1 U 72
74 0 U 73
75 0 U 74
76 1 U 75
77 1 U 76
78 0 U 77
79 0 U 78
80 0 U 79
81 0 L 72
82 0 L 73
83 0 L 74
84 0 L 75
85 1 L 76
86 0 L 77
87 1 L 78
88 1 L 79
89 0 L 80
90 0 U -1
91 0 U 90
92 0 U 91
93 0 U 92
94 0 U 93
95 0 U 94
96 1 U 95
97 1 U 96
98 0 U 97
# score :67 2214811
# W : 1245339 , H : 890271
99
0 0 U -1
1 1 U 0
2 1 U 1
3 0 U 2
4 0 U 3
5 0 U 4
6 1 U 5
7 0 U 6
8 0 U 7
9 0 U -1
10 0 U 9
11 1 U 10
12 1 U 11
13 1 U 12
14 1 U 13
15 1 U 14
16 0 U 15
17 0 U 16
18 1 U -1
19 0 U 18
20 1 U 19
21 0 U 20
22 1 U 21
23 0 U 22
24 0 U 23
25 1 U 24
26 0 U 25
27 1 U -1
28 1 U 27
29 1 U 28
30 1 U 29
31 1 U 30
32 0 U 31
33 1 U 32
34 0 U 33
35 0 U 34
36 0 U -1
37 1 U 36
38 1 U 37
39 0 U 38
40 0 U 39
41 1 U 40
42 0 U 41
43 1 U 42
44 0 U 43
45 1 U -1
46 0 U 45
47 1 U 46
48 0 U 47
49 0 U 48
50 1 U 49
51 0 U 50
52 0 U 51
53 1 U 52
54 0 U -1
55 1 U 54
56 1 U 55
57 1 U 56
58 0 U 57
59 1 U 58
60 1 U 59
61 1 U 60
62 0 U 61
63 0 U -1
64 1 U 63
65 0 U 64
66 1 U 65
67 0 U 66
68 1 U 67
69 0 U 68
70 1 U 69
71 0 U 70
72 1 U -1
73 0 U 72
74 0 U 73
75 0 U 74
76 0 U 75
77 1 U 76
78 0 U 77
79 1 U 78
80 0 U 79
81 1 L 63
82 1 L 64
83 1 L 65
84 0 L 66
85 0 L 67
86 0 L 68
87 0 L 69
88 0 L 70
89 0 L 71
90 1 U -1
91 0 U 90
92 1 U 91
93 1 U 92
94 1 U 93
95 1 U 94
96 0 U 95
97 1 U 96
98 1 U 97
# score :68 2154919
# W : 1107584 , H : 877591
99
0 0 U -1
1 1 U 0
2 0 U 1
3 0 U 2
4 1 U 3
5 1 U 4
6 1 U 5
7 1 U 6
8 0 U 7
9 1 U -1
10 1 U 9
11 1 U 10
12 0 U 11
13 0 U 12
14 1 U 13
15 0 U 14
16 1 U 15
17 0 U 16
18 1 U -1
19 1 U 18
20 0 U 19
21 0 U 20
22 1 U 21
23 1 U 22
24 1 U 23
25 1 U 24
26 0 U 25
27 1 U -1
28 1 U 27
29 1 U 28
30 0 U 29
31 0 U 30
32 1 U 31
33 1 U 32
34 0 U 33
35 0 U 34
36 1 U -1
37 1 U 36
38 0 U 37
39 0 U 38
40 1 U 39
41 0 U 40
42 1 U 41
43 1 U 42
44 1 U 43
45 1 U -1
46 1 U 45
47 1 U 46
48 1 U 47
49 0 U 48
50 0 U 49
51 0 U 50
52 1 U 51
53 1 U 52
54 1 U -1
55 1 U 54
56 0 U 55
57 0 U 56
58 0 U 57
59 1 U 58
60 0 U 59
61 1 U 60
62 0 U 61
63 0 U -1
64 1 U 63
65 0 U 64
66 0 U 65
67 0 U 66
68 1 U 67
69 1 U 68
70 1 U 69
71 0 U 70
72 0 U -1
73 1 U 72
74 1 U 73
75 1 U 74
76 1 U 75
77 0 U 76
78 1 U 77
79 0 U 78
80 1 U 79
81 0 L 63
82 0 L 64
83 1 L 65
84 0 L 66
85 1 L 67
86 0 L 68
87 1 L 69
88 0 L 70
89 0 L 71
90 0 U -1
91 1 U 90
92 1 U 91
93 0 U 92
94 0 U 93
95 1 U 94
96 0 U 95
97 0 U 96
98 1 U 97
# score :69 2290965
# W : 1311988 , H : 890407
99
0 0 U -1
1 0 U 0
2 1 U 1
3 1 U 2
4 1 U 3
5 0 U 4
6 0 U 5
7 1 U 6
8 1 U 7
9 0 U -1
10 0 U 9
11 0 U 10
12 0 U 11
13 1 U 12
14 0 U 13
15 0 U 14
16 0 U 15
17 1 U 16
18 1 U -1
19 0 U 18
20 0 U 19
21 0 U 20
22 0 U 21
23 1 U 22
24 0 U 23
25 1 U 24
26 0 U 25
27 1 U -1
28 0 U 27
29 1 U 28
30 0 U 29
31 1 U 30
32 1 U 31
33 1 U 32
34 1 U 33
35 1 U 34
36 0 U -1
37 0 U 36
38 0 U 37
39 0 U 38
40 1 U 39
41 0 U 40
42 1 U 41
43 0 U 42
44 1 U 43
45 0 U -1
46 1 U 45
47 0 U 46
48 0 U 47
49 0 U 48
50 0 U 49
51 0 U 50
52 1 U 51
53 0 U 52
54 0 U -1
55 1 U 54
56 1 U 55
57 1 U 56
58 0 U 57
59 1 U 58
60 1 U 59
61 1 U 60
62 0 U 61
63 0 U -1
64 1 U 63
65 1 U 64
66 0 U 65
67 0 U 66
68 0 U 67
69 1 U 68
70 0 U 69
71 0 U 70
72 0 U -1
73 0 U 72
74 0 U 73
75 0 U 74
76 1 U 75
77 1 U 76
78 0 U 77
79 0 U 78
80 0 U 79
81 1 L 63
82 0 L 64
83 1 L 65
84 1 L 66
85 0 L 67
86 1 L 68
87 1 L 69
88 0 L 70
89 0 L 71
90 0 U -1
91 1 U 90
92 0 U 91
93 0 U 92
94 1 U 93
95 0 U 94
96 1 U 95
97 0 U 96
98 0 U 97
# score :70 2163128
# W : 1280617 , H : 882623
99
0 1 U -1
1 0 U 0
2 0 U 1
3 0 U 2
4 1 U 3
5 1 U 4
6 0 U 5
7 1 U 6
8 0 U 7
9 1 U -1
10 0 U 9
11 1 U 10
12 0 U 11
13 1 U 12
14 0 U 13
15 0 U 14
16 0 U 15
17 1 U 16
18 0 U -1
19 1 U 18
20 0 U 19
21 1 U 20
22 0 U 21
23 1 U 22
24 1 U 23
25 0 U 24
26 1 U 25
27 1 U -1
28 0 U 27
29 0 U 28
30 0 U 29
31 0 U 30
32 0 U 31
33 1 U 32
34 0 U 33
35 1 U 34
36 1 U -1
37 0 U 36
38 1 U 37
39 0 U 38
40 1 U 39
41 0 U 40
42 1 U 41
43 0 U 42
44 1 U 43
45 1 U -1
46 0 U 45
47 1 U 46
48 0 U 47
49 1 U 48
50 0 U 49
51 1 U 50
52 0 U 51
53 1 U 52
54 1 U -1
55 1 U 54
56 1 U 55
57 0 U 56
58 1 U 57
59 1 U 58
60 1 U 59
61 0 U 60
62 0 U 61
63 1 U -1
64 0 U 63
65 0 U 64
66 1 U 65
67 1 U 66
68 1 U 67
69 0 U 68
70 1 U 69
71 1 U 70
72 1 U -1
73 1 U 72
74 0 U 73
75 1 U 74
76 1 U 75
77 0 U 76
78 0 U 77
79 1 U 78
80 0 U 79
81 0 L 63
82 0 L 64
83 0 L 65
84 0 L 66
85 1 L 67
86 0 L 68
87 1 L 69
88 1 L 70
89 0 L 71
90 1 U -1
91 1 U 90
92 0 U 91
93 0 U 92
94 1 U 93
95 1 U 94
96 0 U 95
97 0 U 96
98 0 U 97
# score :71 2234937
# W : 1261816 , H : 821108
99
0 0 U -1
1 0 U 0
2 0 U 1
3 0 U 2
4 0 U 3
5 0 U 4
6 0 U 5
7 0 U 6
8 1 U 7
9 0 U -1
10 1 U 9
11 0 U 10
12 0 U 11
13 0 U 12
14 0 U 13
15 1 U 14
16 1 U 15
17 0 U 16
18 1 U -1
19 0 U 18
20 0 U 19
21 0 U 20
22 0 U 21
23 1 U 22
24 1 U 23
25 0 U 24
26 1 U 25
27 0 U -1
28 0 U 27
29 1 U 28
30 0 U 29
31 1 U 30
32 1 U 31
33 1 U 32
34 0 U 33
35 0 U 34
36 1 U -1
37 1 U 36
38 0 U 37
39 1 U 38
40 1 U 39
41 0 U 40
42 0 U 41
43 0 U 42
44 1 U 43
45 0 U -1
46 0 U 45
47 1 U 46
48 0 U 47
49 1 U 48
50 0 U 49
51 0 U 50
52 0 U 51
53 1 U 52
54 1 U -1
55 1 U 54
56 1 U 55
57 1 U 56
58 0 U 57
59 0 U 58
60 1 U 59
61 0 U 60
62 1 U 61
63 1 U -1
64 1 U 63
65 0 U 64
66 0 U 65
67 1 U 66
68 0 U 67
69 0 U 68
70 0 U 69
71 0 U 70
72 1 U -1
73 1 U 72
74 1 U 73
75 0 U 74
76 1 U 75
77 0 U 76
78 1 U 77
79 0 U 78
80 0 U 79
81 0 U -1
82 1 U 81
83 1 U 82
84 0 U 83
85 1 U 84
86 0 U 85
87 1 U 86
88 1 U 87
89 0 U 88
90 1 U -1
91 1 U 90
92 1 U 91
93 1 U 92
94 0 U 93
95 1 U 94
96 1 U 95
97 1 U 96
98 1 U 97
# score :72 1745289
# W : 717268 , H : 944353
99
0 1 U -1
1 1 U 0
2 1 U 1
3 0 U 2
4 1 U 3
5 1 U 4
6 1 U 5
7 1 U 6
8 1 U 7
9 0 U -1
10 1 U 9
11 1 U 10
12 1 U 11
13 0 U 12
14 0 U 13
15 0 U 14
16 1 U 15
17 1 U 16
18 0 U -1
19 1 U 18
20 0 U 19
21 0 U 20
22 1 U 21
23 0 U 22
24 1 U 23
25 0 U 24
26 1 U 25
27 0 U -1
28 1 U 27
29 0 U 28
30 1 U 29
31 1 U 30
32 0 U 31
33 1 U 32
34 0 U 33
35 0 U 34
36 0 U -1
37 0 U 36
38 0 U 37
39 1 U 38
40 1 U 39
41 0 U 40
42 0 U 41
43 0 U 42
44 0 U 43
45 0 U -1
46 0 U 45
47 0 U 46
48 1 U 47
49 1 U 48
50 0 U 49
51 0 U 50
52 1 U 51
53 0 U 52
54 0 U -1
55 1 U 54
56 1 U 55
57 1 U 56
58 0 U 57
59 0 U 58
60 1 U 59
61 0 U 60
62 1 U 61
63 1 U -1
64 1 U 63
65 1 U 64
66 1 U 65
67 1 U 66
68 0 U 67
69 1 U 68
70 1 U 69
71 1 U 70
72 0 U -1
73 1 U 72
74 0 U 73
75 0 U 74
76 1 U 75
77 0 U 76
78 0 U 77
79 1 U 78
80 0 U 79
81 0 U -1
82 1 U 81
83 0 U 82
84 1 U 83
85 0 U 84
86 1 U 85
87 1 U 86
88 0 U 87
89 0 U 88
90 1 U -1
91 0 U 90
92 1 U 91
93 1 U 92
94 1 U 93
95 0 U 94
96 0 U 95
97 1 U 96
98 1 U 97
# score :73 1737184
# W : 704598 , H : 965065
99
0 0 U -1
1 0 U 0
2 0 U 1
3 0 U 2
4 1 U 3
5 1 U 4
6 1 U 5
7 1 U 6
8 0 U 7
9 0 U -1
10 1 U 9
11 1 U 10
12 1 U 11
13 0 U 12
14 1 U 13
15 1 U 14
16 0 U 15
17 1 U 16
18 1 U -1
19 1 U 18
20 0 U 19
21 0 U 20
22 1 U 21
23 1 U 22
24 1 U 23
25 1 U 24
26 0 U 25
27 0 U -1
28 0 U 27
29 0 U 28
30 0 U 29
31 1 U 30
32 1 U 31
33 0 U 32
34 1 U 33
35 1 U 34
36 0 U -1
37 1 U 36
38 1 U 37
39 1 U 38
40 1 U 39
41 1 U 40
42 0 U 41
43 0 U 42
44 1 U 43
45 0 U -1
46 1 U 45
47 1 U 46
48 0 U 47
49 0 U 48
50 0 U 49
51 1 U 50
52 1 U 51
53 1 U 52
54 1 U -1
55 1 U 54
56 0 U 55
57 0 U 56
58 0 U 57
59 1 U 58
60 0 U 59
61 1 U 60
62 0 U 61
63 1 U -1
64 0 U 63
65 1 U 64
66 0 U 65
67 0 U 66
68 1 U 67
69 1 U 68
70 1 U 69
71 1 U 70
72 0 U -1
73 1 U 72
74 1 U 73
75 0 U 74
76 1 U 75
77 0 U 76
78 1 U 77
79 1 U 78
80 1 U 79
81 0 L 72
82 1 L 73
83 1 L 74
84 1 L 75
85 1 L 76
86 1 L 77
87 0 L 78
88 1 L 79
89 1 L 80
90 0 U -1
91 0 U 90
92 0 U 91
93 0 U 92
94 1 U 93
95 0 U 94
96 1 U 95
97 1 U 96
98 1 U 97
# score :74 2193146
# W : 1239853 , H : 880889
99
0 1 U -1
1 1 U 0
2 1 U 1
3 1 U 2
4 0 U 3
5 1 U 4
6 0 U 5
7 1 U 6
8 1 U 7
9 1 U -1
10 0 U 9
11 0 U 10
12 0 U 11
13 1 U 12
14 1 U 13
15 1 U 14
16 1 U 15
17 0 U 16
18 0 U -1
19 0 U 18
20 0 U 19
21 0 U 20
22 1 U 21
23 1 U 22
24 1 U 23
25 0 U 24
26 1 U 25
27 0 U -1
28 1 U 27
29 1 U 28
30 1 U 29
31 1 U 30
32 1 U 31
33 0 U 32
34 1 U 33
35 0 U 34
36 1 U -1
37 1 U 36
38 0 U 37
39 0 U 38
40 0 U 39
41 0 U 40
42 1 U 41
43 0 U 42
44 1 U 43
45 0 U -1
46 1 U 45
47 1 U 46
48 1 U 47
49 0 U 48
50 0 U 49
51 0 U 50
52 0 U 51
53 0 U 52
54 1 U -1
55 1 U 54
56 1 U 55
57 0 U 56
58 0 U 57
59 0 U 58
60 1 U 59
61 0 U 60
62 0 U 61
63 1 U -1
64 1 U 63
65 0 U 64
66 1 U 65
67 1 U 66
68 0 U 67
69 1 U 68
70 0 U 69
71 0 U 70
72 0 U -1
73 0 U 72
74 1 U 73
75 1 U 74
76 0 U 75
77 1 U 76
78 0 U 77
79 0 U 78
80 0 U 79
81 0 L 72
82 0 L 73
83 1 L 74
84 1 L 75
85 0 L 76
86 1 L 77
87 1 L 78
88 0 L 79
89 0 L 80
90 1 U -1
91 0 U 90
92 0 U 91
93 1 U 92
94 1 U 93
95 1 U 94
96 1 U 95
97 0 U 96
98 1 U 97
# score :75 1903905
# W : 1261674 , H : 869976
99
0 1 U -1
1 1 U 0
2 0 U 1
3 0 U 2
4 1 U 3
5 1 U 4
6 0 U 5
7 1 U 6
8 0 U 7
9 1 U -1
10 1 U 9
11 0 U 10
12 1 U 11
13 1 U 12
14 1 U 13
15 1 U 14
16 1 U 15
17 1 U 16
18 0 U -1
19 0 U 18
20 0 U 19
21 0 U 20
22 0 U 21
23 0 U 22
24 1 U 23
25 1 U 24
26 0 U 25
27 0 U -1
28 0 U 27
29 0 U 28
30 1 U 29
31 1 U 30
32 0 U 31
33 0 U 32
34 0 U 33
35 0 U 34
36 1 U -1
37 1 U 36
38 1 U 37
39 1 U 38
40 1 U 39
41 0 U 40
42 1 U 41
43 1 U 42
44 1 U 43
45 0 U -1
46 0 U 45
47 1 U 46
48 1 U 47
49 1 U 48
50 0 U 49
51 1 U 50
52 1 U 51
53 0 U 52
54 0 U -1
55 1 U 54
56 0 U 55
57 1 U 56
58 1 U 57
59 1 U 58
60 1 U 59
61 1 U 60
62 0 U 61
63 0 U -1
64 0 U 63
65 0 U 64
66 1 U 65
67 0 U 66
68 1 U 67
69 1 U 68
70 0 U 69
71 0 U 70
72 1 U -1
73 0 U 72
74 0 U 73
75 0 U 74
76 1 U 75
77 1 U 76
78 0 U 77
79 1 U 78
80 1 U 79
81 0 L 63
82 1 L 64
83 1 L 65
84 1 L 66
85 0 L 67
86 1 L 68
87 0 L 69
88 1 L 70
89 1 L 71
90 0 U -1
91 1 U 90
92 0 U 91
93 1 U 92
94 0 U 93
95 0 U 94
96 1 U 95
97 1 U 96
98 0 U 97
# score :76 2256236
# W : 1161042 , H : 853854
99
0 0 U -1
1 0 U 0
2 1 U 1
3 0 U 2
4 0 U 3
5 1 U 4
6 1 U 5
7 1 U 6
8 0 U 7
9 0 U -1
10 0 U 9
11 1 U 10
12 0 U 11
13 0 U 12
14 1 U 13
15 0 U 14
16 1 U 15
17 1 U 16
18 1 U -1
19 1 U 18
20 0 U 19
21 1 U 20
22 0 U 21
23 0 U 22
24 1 U 23
25 1 U 24
26 0 U 25
27 1 U -1
28 0 U 27
29 1 U 28
30 0 U 29
31 1 U 30
32 1 U 31
33 1 U 32
34 0 U 33
35 1 U 34
36 0 U -1
37 1 U 36
38 1 U 37
39 0 U 38
40 0 U 39
41 0 U 40
42 1 U 41
43 0 U 42
44 1 U 43
45 1 U -1
46 0 U 45
47 1 U 46
48 0 U 47
49 0 U 48
50 0 U 49
51 0 U 50
52 1 U 51
53 1 U 52
54 1 U -1
55 0 U 54
56 0 U 55
57 0 U 56
58 1 U 57
59 1 U 58
60 1 U 59
61 0 U 60
62 0 U 61
63 1 U -1
64 1 U 63
65 1 U 64
66 0 U 65
67 0 U 66
68 1 U 67
69 1 U 68
70 0 U 69
71 1 U 70
72 0 U -1
73 0 U 72
74 1 U 73
75 0 U 74
76 0 U 75
77 0 U 76
78 1 U 77
79 0 U 78
80 0 U 79
81 0 L 63
82 1 L 64
83 0 L 65
84 1 L 66
85 1 L 67
86 1 L 68
87 0 L 69
88 0 L 70
89 1 L 71
90 0 U -1
91 0 U 90
92 0 U 91
93 0 U 92
94 0 U 93
95 1 U 94
96 1 U 95
97 0 U 96
98 1 U 97
# score :77 2133265
# W : 1181551 , H : 825759
99
0 1 U -1
1 0 U 0
2 1 U 1
3 0 U 2
4 0 U 3
5 0 U 4
6 1 U 5
7 1 U 6
8 0 U 7
9 0 U -1
10 1 U 9
11 1 U 10
12 1 U 11
13 1 U 12
14 1 U 13
15 1 U 14
16 1 U 15
17 0 U 16
18 0 U -1
19 1 U 18
20 0 U 19
21 1 U 20
22 0 U 21
23 1 U 22
24 0 U 23
25 1 U 24
26 0 U 25
27 0 U -1
28 0 U 27
29 0 U 28
30 0 U 29
31 1 U 30
32 0 U 31
33 1 U 32
34 0 U 33
35 1 U 34
36 1 U -1
37 0 U 36
38 0 U 37
39 0 U 38
40 1 U 39
41 1 U 40
42 1 U 41
43 0 U 42
44 1 U 43
45 1 U -1
46 0 U 45
47 1 U 46
48 0 U 47
49 0 U 48
50 1 U 49
51 1 U 50
52 1 U 51
53 1 U 52
54 1 U -1
55 0 U 54
56 1 U 55
57 1 U 56
58 0 U 57
59 1 U 58
60 1 U 59
61 0 U 60
62 1 U 61
63 1 U -1
64 1 U 63
65 1 U 64
66 1 U 65
67 0 U 66
68 0 U 67
69 0 U 68
70 1 U 69
71 1 U 70
72 1 U -1
73 1 U 72
74 1 U 73
75 0 U 74
76 0 U 75
77 0 U 76
78 0 U 77
79 1 U 78
80 1 U 79
81 1 L 63
82 0 L 64
83 0 L 65
84 1 L 66
85 1 L 67
86 0 L 68
87 1 L 69
88 1 L 70
89 0 L 71
90 0 U -1
91 0 U 90
92 0 U 91
93 1 U 92
94 0 U 93
95 0 U 94
96 1 U 95
97 0 U 96
98 1 U 97
# score :78 2270593
# W : 1318827 , H : 831406
99
0 1 U -1
1 1 U 0
2 0 U 1
3 1 U 2
4 0 U 3
5 0 U 4
6 0 U 5
7 0 U 6
8 0 U 7
9 0 U -1
10 0 U 9
11 1 U 10
12 1 U 11
13 0 U 12
14 0 U 13
15 1 U 14
16 1 U 15
17 1 U 16
18 0 U -1
19 1 U 18
20 1 U 19
21 0 U 20
22 0 U 21
23 1 U 22
24 0 U 23
25 1 U 24
26 1 U 25
27 1 U -1
28 1 U 27
29 0 U 28
30 1 U 29
31 1 U 30
32 1 U 31
33 1 U 32
34 0 U 33
35 1 U 34
36 1 U -1
37 0 U 36
38 1 U 37
39 1 U 38
40 1 U 39
41 1 U 40
42 0 U 41
43 0 U 42
44 0 U 43
45 0 U -1
46 1 U 45
47 1 U 46
48 1 U 47
49 0 U 48
50 0 U 49
51 0 U 50
52 1 U 51
53 0 U 52
54 0 U -1
55 0 U 54
56 0 U 55
57 0 U 56
58 0 U 57
59 0 U 58
60 0 U 59
61 1 U 60
62 1 U 61
63 1 U -1
64 0 U 63
65 1 U 64
66 0 U 65
67 0 U 66
68 1 U 67
69 0 U 68
70 1 U 69
71 0 U 70
72 0 U -1
73 1 U 72
74 1 U 73
75 1 U 74
76 1 U 75
77 0 U 76
78 1 U 77
79 0 U 78
80 1 U 79
81 1 L 63
82 1 L 64
83 0 L 65
84 1 L 66
85 0 L 67
86 1 L 68
87 1 L 69
88 1 L 70
89 1 L 71
90 1 U -1
91 0 U 90
92 0 U 91
93 1 U 92
94 0 U 93
95 1 U 94
96 1 U 95
97 1 U 96
98 0 U 97
# score :79 2301700
# W : 1328627 , H : 896839
99
0 1 U -1
1 0 U 0
2 1 U 1
3 1 U 2
4 1 U 3
5 1 U 4
6 1 U 5
7 1 U 6
8 1 U 7
9 0 U -1
10 1 U 9
11 1 U 10
12 0 U 11
13 1 U 12
14 0 U 13
15 0 U 14
16 0 U 15
17 1 U 16
18 0 U -1
19 0 U 18
20 1 U 19
21 0 U 20
22 1 U 21
23 1 U 22
24 0 U 23
25 1 U 24
26 0 U 25
27 1 U -1
28 0 U 27
29 0 U 28
30 0 U 29
31 1 U 30
32 0 U 31
33 0 U 32
34 1 U 33
35 1 U 34
36 1 U -1
37 0 U 36
38 0 U 37
39 1 U 38
40 1 U 39
41 1 U 40
42 0 U 41
43 1 U 42
44 0 U 43
45 0 U -1
46 1 U 45
47 1 U 46
48 1 U 47
49 1 U 48
50 0 U 49
51 1 U 50
52 0 U 51
53 0 U 52
54 1 U -1
55 0 U 54
56 1 U 55
57 0 U 56
58 1 U 57
59 0 U 58
60 1 U 59
61 1 U 60
62 0 U 61
63 1 U -1
64 1 U 63
65 0 U 64
66 0 U 65
67 1 U 66
68 1 U 67
69 0 U 68
70 0 U 69
71 0 U 70
72 0 U -1
73 1 U 72
74 1 U 73
75 0 U 74
76 1 U 75
77 1 U 76
78 0 U 77
79 0 U 78
80 1 U 79
81 0 U -1
82 0 U 81
83 0 U 82
84 0 U 83
85 1 U 84
86 1 U 85
87 1 U 86
88 1 U 87
89 0 U 88
90 1 U -1
91 1 U 90
92 1 U 91
93 0 U 92
94 1 U 93
95 1 U 94
96 0 U 95
97 0 U 96
98 0 U 97
# score :80 1803389
# W : 723662 , H : 961582
99
0 1 U -1
1 0 U 0
2 0 U 1
3 0 U 2
4 0 U 3
5 0 U 4
6 0 U 5
7 0 U 6
8 0 U 7
9 1 U -1
10 0 U 9
11 0 U 10
12 0 U 11
13 1 U 12
14 1 U 13
15 0 U 14
16 0 U 15
17 0 U 16
18 1 U -1
19 0 U 18
20 0 U 19
21 0 U 20
22 0 U 21
23 1 U 22
24 1 U 23
25 1 U 24
26 0 U 25
27 0 U -1
28 1 U 27
29 0 U 28
30 0 U 29
31 0 U 30
32 0 U 31
33 1 U 32
34 1 U 33
35 1 U 34
36 1 U -1
37 1 U 36
38 1 U 37
39 0 U 38
40 0 U 39
41 1 U 40
42 0 U 41
43 0 U 42
44 0 U 43
45 1 U -1
46 1 U 45
47 0 U 46
48 0 U 47
49 0 U 48
50 1 U 49
51 1 U 50
52 1 U 51
53 1 U 52
54 1 U -1
55 0 U 54
56 0 U 55
57 0 U 56
58 0 U 57
59 0 U 58
60 1 U 59
61 1 U 60
62 0 U 61
63 1 U -1
64 0 U 63
65 0 U 64
66 0 U 65
67 1 U 66
68 1 U 67
69 0 U 68
70 1 U 69
71 1 U 70
72 0 U -1
73 0 U 72
74 0 U 73
75 0 U 74
76 0 U 75
77 1 U 76
78 1 U 77
79 1 U 78
80 0 U 79
81 0 U -1
82 0 U 81
83 1 U 82
84 1 U 83
85 0 U 84
86 1 U 85
87 0 U 86
88 0 U 87
89 0 U 88
90 0 U -1
91 1 U 90
92 0 U 91
93 1 U 92
94 0 U 93
95 0 U 94
96 0 U 95
97 0 U 96
98 0 U 97
# score :81 1824464
# W : 753565 , H : 1011168
99
0 0 U -1
1 1 U 0
2 0 U 1
3 1 U 2
4 0 U 3
5 0 U 4
6 0 U 5
7 0 U 6
8 0 U 7
9 0 U -1
10 1 U 9
11 1 U 10
12 0 U 11
13 0 U 12
14 0 U 13
15 0 U 14
16 0 U 15
17 0 U 16
18 0 U -1
19 1 U 18
20 0 U 19
21 1 U 20
22 0 U 21
23 0 U 22
24 1 U 23
25 0 U 24
26 0 U 25
27 1 U -1
28 1 U 27
29 1 U 28
30 1 U 29
31 1 U 30
32 1 U 31
33 0 U 32
34 0 U 33
35 0 U 34
36 0 U -1
37 1 U 36
38 0 U 37
39 0 U 38
40 1 U 39
41 1 U 40
42 1 U 41
43 0 U 42
44 0 U 43
45 0 U -1
46 0 U 45
47 1 U 46
48 1 U 47
49 0 U 48
50 0 U 49
51 0 U 50
52 1 U 51
53 1 U 52
54 0 U -1
55 1 U 54
56 1 U 55
57 1 U 56
58 0 U 57
59 1 U 58
60 0 U 59
61 0 U 60
62 1 U 61
63 0 U -1
64 1 U 63
65 0 U 64
66 1 U 65
67 0 U 66
68 0 U 67
69 1 U 68
70 1 U 69
71 1 U 70
72 0 U -1
73 0 U 72
74 0 U 73
75 0 U 74
76 0 U 75
77 0 U 76
78 0 U 77
79 1 U 78
80 1 U 79
81 1 L 72
82 0 L 73
83 0 L 74
84 0 L 75
85 0 L 76
86 1 L 77
87 0 L 78
88 1 L 79
89 1 L 80
90 0 U -1
91 1 U 90
92 0 U 91
93 0 U 92
94 1 U 93
95 1 U 94
96 1 U 95
97 0 U 96
98 0 U 97
# score :82 1831471
# W : 995708 , H : 952086
99
0 1 U -1
1 0 U 0
2 1 U 1
3 1 U 2
4 0 U 3
5 0 U 4
6 1 U 5
7 0 U 6
8 0 U 7
9 1 U -1
10 0 U 9
11 1 U 10
12 0 U 11
13 0 U 12
14 0 U 13
15 0 U 14
16 0 U 15
17 0 U 16
18 1 U -1
19 1 U 18
20 1 U 19
21 0 U 20
22 0 U 21
23 1 U 22
24 0 U 23
25 0 U 24
26 1 U 25
27 0 U -1
28 0 U 27
29 0 U 28
30 0 U 29
31 1 U 30
32 1 U 31
33 0 U 32
34 1 U 33
35 0 U 34
36 0 U -1
37 1 U 36
38 0 U 37
39 0 U 38
40 1 U 39
41 0 U 40
42 1 U 41
43 0 U 42
44 1 U 43
45 0 U -1
46 0 U 45
47 1 U 46
48 1 U 47
49 1 U 48
50 1 U 49
51 1 U 50
52 0 U 51
53 0 U 52
54 0 U -1
55 1 U 54
56 1 U 55
57 0 U 56
58 0 U 57
59 1 U 58
60 0 U 59
61 1 U 60
62 1 U 61
63 0 U -1
64 0 U 63
65 0 U 64
66 1 U 65
67 0 U 66
68 0 U 67
69 0 U 68
70 0 U 69
71 1 U 70
72 1 U -1
73 0 U 72
74 0 U 73
75 1 U 74
76 1 U 75
77 1 U 76
78 1 U 77
79 1 U 78
80 1 U 79
81 1 L 72
82 0 L 73
83 0 L 74
84 0 L 75
85 0 L 76
86 1 L 77
87 0 L 78
88 1 L 79
89 0 L 80
90 0 U -1
91 0 U 90
92 1 U 91
93 0 U 92
94 0 U 93
95 1 U 94
96 0 U 95
97 1 U 96
98 1 U 97
# score :83 2005342
# W : 1164851 , H : 895318
99
0 1 U -1
1 0 U 0
2 1 U 1
3 1 U 2
4 1 U 3
5 1 U 4
6 0 U 5
7 1 U 6
8 0 U 7
9 0 U -1
10 1 U 9
11 1 U 10
12 0 U 11
13 0 U 12
14 1 U 13
15 0 U 14
16 1 U 15
17 1 U 16
18 0 U -1
19 1 U 18
20 0 U 19
21 1 U 20
22 0 U 21
23 1 U 22
24 0 U 23
25 0 U 24
26 1 U 25
27 0 U -1
28 0 U 27
29 0 U 28
30 0 U 29
31 0 U 30
32 1 U 31
33 0 U 32
34 0 U 33
35 0 U 34
36 0 U -1
37 1 U 36
38 0 U 37
39 1 U 38
40 0 U 39
41 1 U 40
42 1 U 41
43 1 U 42
44 1 U 43
45 1 U -1
46 0 U 45
47 0 U 46
48 1 U 47
49 0 U 48
50 1 U 49
51 0 U 50
52 0 U 51
53 0 U 52
54 0 U -1
55 0 U 54
56 0 U 55
57 0 U 56
58 0 U 57
59 0 U 58
60 0 U 59
61 1 U 60
62 1 U 61
63 1 U -1
64 1 U 63
65 0 U 64
66 1 U 65
67 0 U 66
68 0 U 67
69 0 U 68
70 0 U 69
71 1 U 70
72 0 U -1
73 0 U 72
74 1 U 73
75 1 U 74
76 1 U 75
77 1 U 76
78 1 U 77
79 1 U 78
80 1 U 79
81 0 L 63
82 0 L 64
83 0 L 65
84 0 L 66
85 1 L 67
86 1 L 68
87 0 L 69
88 0 L 70
89 1 L 71
90 1 U -1
91 1 U 90
92 0 U 91
93 0 U 92
94 1 U 93
95 0 U 94
96 1 U 95
97 0 U 96
98 1 U 97
# score :84 2236994
# W : 1045478 , H : 890301
