0 0 66 1000
66 0 132 1000
132 0 198 1000
198 0 264 1000
264 0 330 1000
330 0 396 1000
396 0 462 1000
462 0 528 1000
528 0 594 1000
594 0 660 1000
660 0 726 1000
726 0 792 1000
792 0 858 1000
858 0 924 1000
924 0 990 1000
0 0 66 1000
66 0 132 1000
132 0 198 1000
198 0 264 1000
264 0 330 1000
330 0 396 1000
396 0 462 1000
462 0 528 1000
528 0 594 1000
594 0 660 1000
660 0 726 1000
726 0 792 1000
792 0 858 1000
858 0 924 1000
924 0 990 1000
0 0 66 1000
66 0 132 1000
132 0 198 1000
198 0 264 1000
264 0 330 1000
330 0 396 1000
396 0 462 1000
462 0 528 1000
528 0 594 1000
594 0 660 1000
660 0 726 1000
726 0 792 1000
792 0 858 1000
858 0 924 1000
924 0 990 1000
0 0 66 1000
66 0 132 1000
132 0 198 1000
198 0 264 1000
264 0 330 1000
330 0 396 1000
396 0 462 1000
462 0 528 1000
528 0 594 1000
594 0 660 1000
660 0 726 1000
726 0 792 1000
792 0 858 1000
858 0 924 1000
924 0 990 1000
0 0 66 1000
66 0 132 1000
132 0 198 1000
198 0 264 1000
264 0 330 1000
330 0 396 1000
396 0 462 1000
462 0 528 1000
528 0 594 1000
594 0 660 1000
660 0 726 1000
726 0 792 1000
792 0 858 1000
858 0 924 1000
924 0 990 1000
0 0 66 1000
66 0 132 1000
132 0 198 1000
198 0 264 1000
264 0 330 1000
330 0 396 1000
396 0 462 1000
462 0 528 1000
528 0 594 1000
594 0 660 1000
660 0 726 1000
726 0 792 1000
792 0 858 1000
858 0 924 1000
924 0 990 1000
0 0 66 1000
66 0 132 1000
132 0 198 1000
198 0 264 1000
264 0 330 1000
330 0 396 1000
396 0 462 1000
462 0 528 1000
528 0 594 1000
594 0 660 1000
660 0 726 1000
726 0 792 1000
792 0 858 1000
858 0 924 1000
924 0 990 1000
0 0 66 1000
66 0 132 1000
132 0 198 1000
198 0 264 1000
264 0 330 1000
330 0 396 1000
396 0 462 1000
462 0 528 1000
528 0 594 1000
594 0 660 1000
660 0 726 1000
726 0 792 1000
792 0 858 1000
858 0 924 1000
924 0 990 1000
0 0 66 1000
66 0 132 1000
132 0 198 1000
198 0 264 1000
264 0 330 1000
330 0 396 1000
396 0 462 1000
462 0 528 1000
528 0 594 1000
594 0 660 1000
660 0 726 1000
726 0 792 1000
792 0 858 1000
858 0 924 1000
924 0 990 1000
0 0 66 1000
66 0 132 1000
132 0 198 1000
198 0 264 1000
264 0 330 1000
330 0 396 1000
396 0 462 1000
462 0 528 1000
528 0 594 1000
594 0 660 1000
660 0 726 1000
726 0 792 1000
792 0 858 1000
858 0 924 1000
924 0 990 1000
0 0 66 1000
66 0 132 1000
132 0 198 1000
198 0 264 1000
264 0 330 1000
330 0 396 1000
396 0 462 1000
462 0 528 1000
528 0 594 1000
594 0 660 1000
660 0 726 1000
726 0 792 1000
792 0 858 1000
858 0 924 1000
924 0 990 1000
0 0 66 1000
66 0 132 1000
132 0 198 1000
198 0 264 1000
264 0 330 1000
330 0 396 1000
396 0 462 1000
462 0 528 1000
528 0 594 1000
594 0 660 1000
660 0 726 1000
726 0 792 1000
792 0 858 1000
858 0 924 1000
924 0 990 1000
0 0 66 1000
66 0 132 1000
132 0 198 1000
198 0 264 1000
264 0 330 1000
330 0 396 1000
396 0 462 1000
462 0 528 1000
528 0 594 1000
594 0 660 1000
660 0 726 1000
726 0 792 1000
792 0 858 1000
858 0 924 1000
924 0 990 1000
0 0 66 1000
66 0 132 1000
132 0 198 1000
198 0 264 1000
264 0 330 1000
330 0 396 1000
396 0 462 1000
462 0 528 1000
528 0 594 1000
594 0 660 1000
660 0 726 1000
726 0 792 1000
792 0 858 1000
858 0 924 1000
924 0 990 1000
0 0 66 1000
66 0 132 1000
132 0 198 1000
198 0 264 1000
264 0 330 1000
330 0 396 1000
396 0 462 1000
462 0 528 1000
528 0 594 1000
594 0 660 1000
660 0 726 1000
726 0 792 1000
792 0 858 1000
858 0 924 1000
924 0 990 1000
0 0 66 1000
66 0 132 1000
132 0 198 1000
198 0 264 1000
264 0 330 1000
330 0 396 1000
396 0 462 1000
462 0 528 1000
528 0 594 1000
594 0 660 1000
660 0 726 1000
726 0 792 1000
792 0 858 1000
858 0 924 1000
924 0 990 1000
0 0 66 1000
66 0 132 1000
132 0 198 1000
198 0 264 1000
264 0 330 1000
330 0 396 1000
396 0 462 1000
462 0 528 1000
528 0 594 1000
594 0 660 1000
660 0 726 1000
726 0 792 1000
792 0 858 1000
858 0 924 1000
924 0 990 1000
0 0 66 1000
66 0 132 1000
132 0 198 1000
198 0 264 1000
264 0 330 1000
330 0 396 1000
396 0 462 1000
462 0 528 1000
528 0 594 1000
594 0 660 1000
660 0 726 1000
726 0 792 1000
792 0 858 1000
858 0 924 1000
924 0 990 1000
0 0 66 1000
66 0 132 1000
132 0 198 1000
198 0 264 1000
264 0 330 1000
330 0 396 1000
396 0 462 1000
462 0 528 1000
528 0 594 1000
594 0 660 1000
660 0 726 1000
726 0 792 1000
792 0 858 1000
858 0 924 1000
924 0 990 1000
0 0 66 1000
66 0 132 1000
132 0 198 1000
198 0 264 1000
264 0 330 1000
330 0 396 1000
396 0 462 1000
462 0 528 1000
528 0 594 1000
594 0 660 1000
660 0 726 1000
726 0 792 1000
792 0 858 1000
858 0 924 1000
924 0 990 1000
0 0 66 1000
66 0 132 1000
132 0 198 1000
198 0 264 1000
264 0 330 1000
330 0 396 1000
396 0 462 1000
462 0 528 1000
528 0 594 1000
594 0 660 1000
660 0 726 1000
726 0 792 1000
792 0 858 1000
858 0 924 1000
924 0 990 1000
0 0 66 1000
66 0 132 1000
132 0 198 1000
198 0 264 1000
264 0 330 1000
330 0 396 1000
396 0 462 1000
462 0 528 1000
528 0 594 1000
594 0 660 1000
660 0 726 1000
726 0 792 1000
792 0 858 1000
858 0 924 1000
924 0 990 1000
0 0 66 1000
66 0 132 1000
132 0 198 1000
198 0 264 1000
264 0 330 1000
330 0 396 1000
396 0 462 1000
462 0 528 1000
528 0 594 1000
594 0 660 1000
660 0 726 1000
726 0 792 1000
792 0 858 1000
858 0 924 1000
924 0 990 1000
0 0 66 1000
66 0 132 1000
132 0 198 1000
198 0 264 1000
264 0 330 1000
330 0 396 1000
396 0 462 1000
462 0 528 1000
528 0 594 1000
594 0 660 1000
660 0 726 1000
726 0 792 1000
792 0 858 1000
858 0 924 1000
924 0 990 1000
0 0 66 1000
66 0 132 1000
132 0 198 1000
198 0 264 1000
264 0 330 1000
330 0 396 1000
396 0 462 1000
462 0 528 1000
528 0 594 1000
594 0 660 1000
660 0 726 1000
726 0 792 1000
792 0 858 1000
858 0 924 1000
924 0 990 1000
