0 0 23 1000
23 0 46 1000
46 0 69 1000
69 0 92 1000
92 0 115 1000
115 0 138 1000
138 0 161 1000
161 0 184 1000
184 0 207 1000
207 0 230 1000
230 0 253 1000
253 0 276 1000
276 0 299 1000
299 0 322 1000
322 0 345 1000
345 0 368 1000
368 0 391 1000
391 0 414 1000
414 0 437 1000
437 0 460 1000
460 0 483 1000
483 0 506 1000
506 0 529 1000
529 0 552 1000
552 0 575 1000
575 0 598 1000
598 0 621 1000
621 0 644 1000
644 0 667 1000
667 0 690 1000
690 0 713 1000
713 0 736 1000
736 0 759 1000
759 0 782 1000
782 0 805 1000
805 0 828 1000
828 0 851 1000
851 0 874 1000
874 0 897 1000
897 0 920 1000
920 0 943 1000
943 0 966 1000
0 0 23 1000
23 0 46 1000
46 0 69 1000
69 0 92 1000
92 0 115 1000
115 0 138 1000
138 0 161 1000
161 0 184 1000
184 0 207 1000
207 0 230 1000
230 0 253 1000
253 0 276 1000
276 0 299 1000
299 0 322 1000
322 0 345 1000
345 0 368 1000
368 0 391 1000
391 0 414 1000
414 0 437 1000
437 0 460 1000
460 0 483 1000
483 0 506 1000
506 0 529 1000
529 0 552 1000
552 0 575 1000
575 0 598 1000
598 0 621 1000
621 0 644 1000
644 0 667 1000
667 0 690 1000
690 0 713 1000
713 0 736 1000
736 0 759 1000
759 0 782 1000
782 0 805 1000
805 0 828 1000
828 0 851 1000
851 0 874 1000
874 0 897 1000
897 0 920 1000
920 0 943 1000
943 0 966 1000
0 0 23 1000
23 0 46 1000
46 0 69 1000
69 0 92 1000
92 0 115 1000
115 0 138 1000
138 0 161 1000
161 0 184 1000
184 0 207 1000
207 0 230 1000
230 0 253 1000
253 0 276 1000
276 0 299 1000
299 0 322 1000
322 0 345 1000
345 0 368 1000
368 0 391 1000
391 0 414 1000
414 0 437 1000
437 0 460 1000
460 0 483 1000
483 0 506 1000
506 0 529 1000
529 0 552 1000
552 0 575 1000
575 0 598 1000
598 0 621 1000
621 0 644 1000
644 0 667 1000
667 0 690 1000
690 0 713 1000
713 0 736 1000
736 0 759 1000
759 0 782 1000
782 0 805 1000
805 0 828 1000
828 0 851 1000
851 0 874 1000
874 0 897 1000
897 0 920 1000
920 0 943 1000
943 0 966 1000
0 0 23 1000
23 0 46 1000
46 0 69 1000
69 0 92 1000
92 0 115 1000
115 0 138 1000
138 0 161 1000
161 0 184 1000
184 0 207 1000
207 0 230 1000
230 0 253 1000
253 0 276 1000
276 0 299 1000
299 0 322 1000
322 0 345 1000
345 0 368 1000
368 0 391 1000
391 0 414 1000
414 0 437 1000
437 0 460 1000
460 0 483 1000
483 0 506 1000
506 0 529 1000
529 0 552 1000
552 0 575 1000
575 0 598 1000
598 0 621 1000
621 0 644 1000
644 0 667 1000
667 0 690 1000
690 0 713 1000
713 0 736 1000
736 0 759 1000
759 0 782 1000
782 0 805 1000
805 0 828 1000
828 0 851 1000
851 0 874 1000
874 0 897 1000
897 0 920 1000
920 0 943 1000
943 0 966 1000
0 0 23 1000
23 0 46 1000
46 0 69 1000
69 0 92 1000
92 0 115 1000
115 0 138 1000
138 0 161 1000
161 0 184 1000
184 0 207 1000
207 0 230 1000
230 0 253 1000
253 0 276 1000
276 0 299 1000
299 0 322 1000
322 0 345 1000
345 0 368 1000
368 0 391 1000
391 0 414 1000
414 0 437 1000
437 0 460 1000
460 0 483 1000
483 0 506 1000
506 0 529 1000
529 0 552 1000
552 0 575 1000
575 0 598 1000
598 0 621 1000
621 0 644 1000
644 0 667 1000
667 0 690 1000
690 0 713 1000
713 0 736 1000
736 0 759 1000
759 0 782 1000
782 0 805 1000
805 0 828 1000
828 0 851 1000
851 0 874 1000
874 0 897 1000
897 0 920 1000
920 0 943 1000
943 0 966 1000
0 0 23 1000
23 0 46 1000
46 0 69 1000
69 0 92 1000
92 0 115 1000
115 0 138 1000
138 0 161 1000
161 0 184 1000
184 0 207 1000
207 0 230 1000
230 0 253 1000
253 0 276 1000
276 0 299 1000
299 0 322 1000
322 0 345 1000
345 0 368 1000
368 0 391 1000
391 0 414 1000
414 0 437 1000
437 0 460 1000
460 0 483 1000
483 0 506 1000
506 0 529 1000
529 0 552 1000
552 0 575 1000
575 0 598 1000
598 0 621 1000
621 0 644 1000
644 0 667 1000
667 0 690 1000
690 0 713 1000
713 0 736 1000
736 0 759 1000
759 0 782 1000
782 0 805 1000
805 0 828 1000
828 0 851 1000
851 0 874 1000
874 0 897 1000
897 0 920 1000
920 0 943 1000
943 0 966 1000
0 0 23 1000
23 0 46 1000
46 0 69 1000
69 0 92 1000
92 0 115 1000
115 0 138 1000
138 0 161 1000
161 0 184 1000
184 0 207 1000
207 0 230 1000
230 0 253 1000
253 0 276 1000
276 0 299 1000
299 0 322 1000
322 0 345 1000
345 0 368 1000
368 0 391 1000
391 0 414 1000
414 0 437 1000
437 0 460 1000
460 0 483 1000
483 0 506 1000
506 0 529 1000
529 0 552 1000
552 0 575 1000
575 0 598 1000
598 0 621 1000
621 0 644 1000
644 0 667 1000
667 0 690 1000
690 0 713 1000
713 0 736 1000
736 0 759 1000
759 0 782 1000
782 0 805 1000
805 0 828 1000
828 0 851 1000
851 0 874 1000
874 0 897 1000
897 0 920 1000
920 0 943 1000
943 0 966 1000
0 0 23 1000
23 0 46 1000
46 0 69 1000
69 0 92 1000
92 0 115 1000
115 0 138 1000
138 0 161 1000
161 0 184 1000
184 0 207 1000
207 0 230 1000
230 0 253 1000
253 0 276 1000
276 0 299 1000
299 0 322 1000
322 0 345 1000
345 0 368 1000
368 0 391 1000
391 0 414 1000
414 0 437 1000
437 0 460 1000
460 0 483 1000
483 0 506 1000
506 0 529 1000
529 0 552 1000
552 0 575 1000
575 0 598 1000
598 0 621 1000
621 0 644 1000
644 0 667 1000
667 0 690 1000
690 0 713 1000
713 0 736 1000
736 0 759 1000
759 0 782 1000
782 0 805 1000
805 0 828 1000
828 0 851 1000
851 0 874 1000
874 0 897 1000
897 0 920 1000
920 0 943 1000
943 0 966 1000
0 0 23 1000
23 0 46 1000
46 0 69 1000
69 0 92 1000
92 0 115 1000
115 0 138 1000
138 0 161 1000
161 0 184 1000
184 0 207 1000
207 0 230 1000
230 0 253 1000
253 0 276 1000
276 0 299 1000
299 0 322 1000
322 0 345 1000
345 0 368 1000
368 0 391 1000
391 0 414 1000
414 0 437 1000
437 0 460 1000
460 0 483 1000
483 0 506 1000
506 0 529 1000
529 0 552 1000
552 0 575 1000
575 0 598 1000
598 0 621 1000
621 0 644 1000
644 0 667 1000
667 0 690 1000
690 0 713 1000
713 0 736 1000
736 0 759 1000
759 0 782 1000
782 0 805 1000
805 0 828 1000
828 0 851 1000
851 0 874 1000
874 0 897 1000
897 0 920 1000
920 0 943 1000
943 0 966 1000
0 0 23 1000
23 0 46 1000
46 0 69 1000
69 0 92 1000
92 0 115 1000
115 0 138 1000
138 0 161 1000
161 0 184 1000
184 0 207 1000
207 0 230 1000
230 0 253 1000
253 0 276 1000
276 0 299 1000
299 0 322 1000
322 0 345 1000
345 0 368 1000
368 0 391 1000
391 0 414 1000
414 0 437 1000
437 0 460 1000
460 0 483 1000
483 0 506 1000
506 0 529 1000
529 0 552 1000
552 0 575 1000
575 0 598 1000
598 0 621 1000
621 0 644 1000
644 0 667 1000
667 0 690 1000
690 0 713 1000
713 0 736 1000
736 0 759 1000
759 0 782 1000
782 0 805 1000
805 0 828 1000
828 0 851 1000
851 0 874 1000
874 0 897 1000
897 0 920 1000
920 0 943 1000
943 0 966 1000
0 0 23 1000
23 0 46 1000
46 0 69 1000
69 0 92 1000
92 0 115 1000
115 0 138 1000
138 0 161 1000
161 0 184 1000
184 0 207 1000
207 0 230 1000
230 0 253 1000
253 0 276 1000
276 0 299 1000
299 0 322 1000
322 0 345 1000
345 0 368 1000
368 0 391 1000
391 0 414 1000
414 0 437 1000
437 0 460 1000
460 0 483 1000
483 0 506 1000
506 0 529 1000
529 0 552 1000
552 0 575 1000
575 0 598 1000
598 0 621 1000
621 0 644 1000
644 0 667 1000
667 0 690 1000
690 0 713 1000
713 0 736 1000
736 0 759 1000
759 0 782 1000
782 0 805 1000
805 0 828 1000
828 0 851 1000
851 0 874 1000
874 0 897 1000
897 0 920 1000
920 0 943 1000
943 0 966 1000
