0 0 27 1000
27 0 54 1000
54 0 81 1000
81 0 108 1000
108 0 135 1000
135 0 162 1000
162 0 189 1000
189 0 216 1000
216 0 243 1000
243 0 270 1000
270 0 297 1000
297 0 324 1000
324 0 351 1000
351 0 378 1000
378 0 405 1000
405 0 432 1000
432 0 459 1000
459 0 486 1000
486 0 513 1000
513 0 540 1000
540 0 567 1000
567 0 594 1000
594 0 621 1000
621 0 648 1000
648 0 675 1000
675 0 702 1000
702 0 729 1000
729 0 756 1000
756 0 783 1000
783 0 810 1000
810 0 837 1000
837 0 864 1000
864 0 891 1000
891 0 918 1000
918 0 945 1000
945 0 972 1000
972 0 999 1000
0 0 27 1000
27 0 54 1000
54 0 81 1000
81 0 108 1000
108 0 135 1000
135 0 162 1000
162 0 189 1000
189 0 216 1000
216 0 243 1000
243 0 270 1000
270 0 297 1000
297 0 324 1000
324 0 351 1000
351 0 378 1000
378 0 405 1000
405 0 432 1000
432 0 459 1000
459 0 486 1000
486 0 513 1000
513 0 540 1000
540 0 567 1000
567 0 594 1000
594 0 621 1000
621 0 648 1000
648 0 675 1000
675 0 702 1000
702 0 729 1000
729 0 756 1000
756 0 783 1000
783 0 810 1000
810 0 837 1000
837 0 864 1000
864 0 891 1000
891 0 918 1000
918 0 945 1000
945 0 972 1000
972 0 999 1000
0 0 27 1000
27 0 54 1000
54 0 81 1000
81 0 108 1000
108 0 135 1000
135 0 162 1000
162 0 189 1000
189 0 216 1000
216 0 243 1000
243 0 270 1000
270 0 297 1000
297 0 324 1000
324 0 351 1000
351 0 378 1000
378 0 405 1000
405 0 432 1000
432 0 459 1000
459 0 486 1000
486 0 513 1000
513 0 540 1000
540 0 567 1000
567 0 594 1000
594 0 621 1000
621 0 648 1000
648 0 675 1000
675 0 702 1000
702 0 729 1000
729 0 756 1000
756 0 783 1000
783 0 810 1000
810 0 837 1000
837 0 864 1000
864 0 891 1000
891 0 918 1000
918 0 945 1000
945 0 972 1000
972 0 999 1000
0 0 27 1000
27 0 54 1000
54 0 81 1000
81 0 108 1000
108 0 135 1000
135 0 162 1000
162 0 189 1000
189 0 216 1000
216 0 243 1000
243 0 270 1000
270 0 297 1000
297 0 324 1000
324 0 351 1000
351 0 378 1000
378 0 405 1000
405 0 432 1000
432 0 459 1000
459 0 486 1000
486 0 513 1000
513 0 540 1000
540 0 567 1000
567 0 594 1000
594 0 621 1000
621 0 648 1000
648 0 675 1000
675 0 702 1000
702 0 729 1000
729 0 756 1000
756 0 783 1000
783 0 810 1000
810 0 837 1000
837 0 864 1000
864 0 891 1000
891 0 918 1000
918 0 945 1000
945 0 972 1000
972 0 999 1000
0 0 27 1000
27 0 54 1000
54 0 81 1000
81 0 108 1000
108 0 135 1000
135 0 162 1000
162 0 189 1000
189 0 216 1000
216 0 243 1000
243 0 270 1000
270 0 297 1000
297 0 324 1000
324 0 351 1000
351 0 378 1000
378 0 405 1000
405 0 432 1000
432 0 459 1000
459 0 486 1000
486 0 513 1000
513 0 540 1000
540 0 567 1000
567 0 594 1000
594 0 621 1000
621 0 648 1000
648 0 675 1000
675 0 702 1000
702 0 729 1000
729 0 756 1000
756 0 783 1000
783 0 810 1000
810 0 837 1000
837 0 864 1000
864 0 891 1000
891 0 918 1000
918 0 945 1000
945 0 972 1000
972 0 999 1000
0 0 27 1000
27 0 54 1000
54 0 81 1000
81 0 108 1000
108 0 135 1000
135 0 162 1000
162 0 189 1000
189 0 216 1000
216 0 243 1000
243 0 270 1000
270 0 297 1000
297 0 324 1000
324 0 351 1000
351 0 378 1000
378 0 405 1000
405 0 432 1000
432 0 459 1000
459 0 486 1000
486 0 513 1000
513 0 540 1000
540 0 567 1000
567 0 594 1000
594 0 621 1000
621 0 648 1000
648 0 675 1000
675 0 702 1000
702 0 729 1000
729 0 756 1000
756 0 783 1000
783 0 810 1000
810 0 837 1000
837 0 864 1000
864 0 891 1000
891 0 918 1000
918 0 945 1000
945 0 972 1000
972 0 999 1000
0 0 27 1000
27 0 54 1000
54 0 81 1000
81 0 108 1000
108 0 135 1000
135 0 162 1000
162 0 189 1000
189 0 216 1000
216 0 243 1000
243 0 270 1000
270 0 297 1000
297 0 324 1000
324 0 351 1000
351 0 378 1000
378 0 405 1000
405 0 432 1000
432 0 459 1000
459 0 486 1000
486 0 513 1000
513 0 540 1000
540 0 567 1000
567 0 594 1000
594 0 621 1000
621 0 648 1000
648 0 675 1000
675 0 702 1000
702 0 729 1000
729 0 756 1000
756 0 783 1000
783 0 810 1000
810 0 837 1000
837 0 864 1000
864 0 891 1000
891 0 918 1000
918 0 945 1000
945 0 972 1000
972 0 999 1000
0 0 27 1000
27 0 54 1000
54 0 81 1000
81 0 108 1000
108 0 135 1000
135 0 162 1000
162 0 189 1000
189 0 216 1000
216 0 243 1000
243 0 270 1000
270 0 297 1000
297 0 324 1000
324 0 351 1000
351 0 378 1000
378 0 405 1000
405 0 432 1000
432 0 459 1000
459 0 486 1000
486 0 513 1000
513 0 540 1000
540 0 567 1000
567 0 594 1000
594 0 621 1000
621 0 648 1000
648 0 675 1000
675 0 702 1000
702 0 729 1000
729 0 756 1000
756 0 783 1000
783 0 810 1000
810 0 837 1000
837 0 864 1000
864 0 891 1000
891 0 918 1000
918 0 945 1000
945 0 972 1000
972 0 999 1000
0 0 27 1000
27 0 54 1000
54 0 81 1000
81 0 108 1000
108 0 135 1000
135 0 162 1000
162 0 189 1000
189 0 216 1000
216 0 243 1000
243 0 270 1000
270 0 297 1000
297 0 324 1000
324 0 351 1000
351 0 378 1000
378 0 405 1000
405 0 432 1000
432 0 459 1000
459 0 486 1000
486 0 513 1000
513 0 540 1000
540 0 567 1000
567 0 594 1000
594 0 621 1000
621 0 648 1000
648 0 675 1000
675 0 702 1000
702 0 729 1000
729 0 756 1000
756 0 783 1000
783 0 810 1000
810 0 837 1000
837 0 864 1000
864 0 891 1000
891 0 918 1000
918 0 945 1000
945 0 972 1000
972 0 999 1000
