0 0 43 1000
43 0 86 1000
86 0 129 1000
129 0 172 1000
172 0 215 1000
215 0 258 1000
258 0 301 1000
301 0 344 1000
344 0 387 1000
387 0 430 1000
430 0 473 1000
473 0 516 1000
516 0 559 1000
559 0 602 1000
602 0 645 1000
645 0 688 1000
688 0 731 1000
731 0 774 1000
774 0 817 1000
817 0 860 1000
860 0 903 1000
903 0 946 1000
946 0 989 1000
0 0 43 1000
43 0 86 1000
86 0 129 1000
129 0 172 1000
172 0 215 1000
215 0 258 1000
258 0 301 1000
301 0 344 1000
344 0 387 1000
387 0 430 1000
430 0 473 1000
473 0 516 1000
516 0 559 1000
559 0 602 1000
602 0 645 1000
645 0 688 1000
688 0 731 1000
731 0 774 1000
774 0 817 1000
817 0 860 1000
860 0 903 1000
903 0 946 1000
946 0 989 1000
0 0 43 1000
43 0 86 1000
86 0 129 1000
129 0 172 1000
172 0 215 1000
215 0 258 1000
258 0 301 1000
301 0 344 1000
344 0 387 1000
387 0 430 1000
430 0 473 1000
473 0 516 1000
516 0 559 1000
559 0 602 1000
602 0 645 1000
645 0 688 1000
688 0 731 1000
731 0 774 1000
774 0 817 1000
817 0 860 1000
860 0 903 1000
903 0 946 1000
946 0 989 1000
0 0 43 1000
43 0 86 1000
86 0 129 1000
129 0 172 1000
172 0 215 1000
215 0 258 1000
258 0 301 1000
301 0 344 1000
344 0 387 1000
387 0 430 1000
430 0 473 1000
473 0 516 1000
516 0 559 1000
559 0 602 1000
602 0 645 1000
645 0 688 1000
688 0 731 1000
731 0 774 1000
774 0 817 1000
817 0 860 1000
860 0 903 1000
903 0 946 1000
946 0 989 1000
0 0 43 1000
43 0 86 1000
86 0 129 1000
129 0 172 1000
172 0 215 1000
215 0 258 1000
258 0 301 1000
301 0 344 1000
344 0 387 1000
387 0 430 1000
430 0 473 1000
473 0 516 1000
516 0 559 1000
559 0 602 1000
602 0 645 1000
645 0 688 1000
688 0 731 1000
731 0 774 1000
774 0 817 1000
817 0 860 1000
860 0 903 1000
903 0 946 1000
946 0 989 1000
0 0 43 1000
43 0 86 1000
86 0 129 1000
129 0 172 1000
172 0 215 1000
215 0 258 1000
258 0 301 1000
301 0 344 1000
344 0 387 1000
387 0 430 1000
430 0 473 1000
473 0 516 1000
516 0 559 1000
559 0 602 1000
602 0 645 1000
645 0 688 1000
688 0 731 1000
731 0 774 1000
774 0 817 1000
817 0 860 1000
860 0 903 1000
903 0 946 1000
946 0 989 1000
0 0 43 1000
43 0 86 1000
86 0 129 1000
129 0 172 1000
172 0 215 1000
215 0 258 1000
258 0 301 1000
301 0 344 1000
344 0 387 1000
387 0 430 1000
430 0 473 1000
473 0 516 1000
516 0 559 1000
559 0 602 1000
602 0 645 1000
645 0 688 1000
688 0 731 1000
731 0 774 1000
774 0 817 1000
817 0 860 1000
860 0 903 1000
903 0 946 1000
946 0 989 1000
0 0 43 1000
43 0 86 1000
86 0 129 1000
129 0 172 1000
172 0 215 1000
215 0 258 1000
258 0 301 1000
301 0 344 1000
344 0 387 1000
387 0 430 1000
430 0 473 1000
473 0 516 1000
516 0 559 1000
559 0 602 1000
602 0 645 1000
645 0 688 1000
688 0 731 1000
731 0 774 1000
774 0 817 1000
817 0 860 1000
860 0 903 1000
903 0 946 1000
946 0 989 1000
0 0 43 1000
43 0 86 1000
86 0 129 1000
129 0 172 1000
172 0 215 1000
215 0 258 1000
258 0 301 1000
301 0 344 1000
344 0 387 1000
387 0 430 1000
430 0 473 1000
473 0 516 1000
516 0 559 1000
559 0 602 1000
602 0 645 1000
645 0 688 1000
688 0 731 1000
731 0 774 1000
774 0 817 1000
817 0 860 1000
860 0 903 1000
903 0 946 1000
946 0 989 1000
0 0 43 1000
43 0 86 1000
86 0 129 1000
129 0 172 1000
172 0 215 1000
215 0 258 1000
258 0 301 1000
301 0 344 1000
344 0 387 1000
387 0 430 1000
430 0 473 1000
473 0 516 1000
516 0 559 1000
559 0 602 1000
602 0 645 1000
645 0 688 1000
688 0 731 1000
731 0 774 1000
774 0 817 1000
817 0 860 1000
860 0 903 1000
903 0 946 1000
946 0 989 1000
0 0 43 1000
43 0 86 1000
86 0 129 1000
129 0 172 1000
172 0 215 1000
215 0 258 1000
258 0 301 1000
301 0 344 1000
344 0 387 1000
387 0 430 1000
430 0 473 1000
473 0 516 1000
516 0 559 1000
559 0 602 1000
602 0 645 1000
645 0 688 1000
688 0 731 1000
731 0 774 1000
774 0 817 1000
817 0 860 1000
860 0 903 1000
903 0 946 1000
946 0 989 1000
0 0 43 1000
43 0 86 1000
86 0 129 1000
129 0 172 1000
172 0 215 1000
215 0 258 1000
258 0 301 1000
301 0 344 1000
344 0 387 1000
387 0 430 1000
430 0 473 1000
473 0 516 1000
516 0 559 1000
559 0 602 1000
602 0 645 1000
645 0 688 1000
688 0 731 1000
731 0 774 1000
774 0 817 1000
817 0 860 1000
860 0 903 1000
903 0 946 1000
946 0 989 1000
0 0 43 1000
43 0 86 1000
86 0 129 1000
129 0 172 1000
172 0 215 1000
215 0 258 1000
258 0 301 1000
301 0 344 1000
344 0 387 1000
387 0 430 1000
430 0 473 1000
473 0 516 1000
516 0 559 1000
559 0 602 1000
602 0 645 1000
645 0 688 1000
688 0 731 1000
731 0 774 1000
774 0 817 1000
817 0 860 1000
860 0 903 1000
903 0 946 1000
946 0 989 1000
0 0 43 1000
43 0 86 1000
86 0 129 1000
129 0 172 1000
172 0 215 1000
215 0 258 1000
258 0 301 1000
301 0 344 1000
344 0 387 1000
387 0 430 1000
430 0 473 1000
473 0 516 1000
516 0 559 1000
559 0 602 1000
602 0 645 1000
645 0 688 1000
688 0 731 1000
731 0 774 1000
774 0 817 1000
817 0 860 1000
860 0 903 1000
903 0 946 1000
946 0 989 1000
0 0 43 1000
43 0 86 1000
86 0 129 1000
129 0 172 1000
172 0 215 1000
215 0 258 1000
258 0 301 1000
301 0 344 1000
344 0 387 1000
387 0 430 1000
430 0 473 1000
473 0 516 1000
516 0 559 1000
559 0 602 1000
602 0 645 1000
645 0 688 1000
688 0 731 1000
731 0 774 1000
774 0 817 1000
817 0 860 1000
860 0 903 1000
903 0 946 1000
946 0 989 1000
0 0 43 1000
43 0 86 1000
86 0 129 1000
129 0 172 1000
172 0 215 1000
215 0 258 1000
258 0 301 1000
301 0 344 1000
344 0 387 1000
387 0 430 1000
430 0 473 1000
473 0 516 1000
516 0 559 1000
559 0 602 1000
602 0 645 1000
645 0 688 1000
688 0 731 1000
731 0 774 1000
774 0 817 1000
817 0 860 1000
860 0 903 1000
903 0 946 1000
946 0 989 1000
0 0 43 1000
43 0 86 1000
86 0 129 1000
129 0 172 1000
172 0 215 1000
215 0 258 1000
258 0 301 1000
301 0 344 1000
344 0 387 1000
387 0 430 1000
430 0 473 1000
473 0 516 1000
516 0 559 1000
559 0 602 1000
602 0 645 1000
645 0 688 1000
688 0 731 1000
731 0 774 1000
774 0 817 1000
817 0 860 1000
860 0 903 1000
903 0 946 1000
946 0 989 1000
0 0 43 1000
43 0 86 1000
86 0 129 1000
129 0 172 1000
172 0 215 1000
215 0 258 1000
258 0 301 1000
301 0 344 1000
344 0 387 1000
387 0 430 1000
430 0 473 1000
473 0 516 1000
516 0 559 1000
559 0 602 1000
602 0 645 1000
645 0 688 1000
688 0 731 1000
731 0 774 1000
774 0 817 1000
817 0 860 1000
860 0 903 1000
903 0 946 1000
946 0 989 1000
0 0 43 1000
43 0 86 1000
86 0 129 1000
129 0 172 1000
172 0 215 1000
215 0 258 1000
258 0 301 1000
301 0 344 1000
344 0 387 1000
387 0 430 1000
430 0 473 1000
473 0 516 1000
516 0 559 1000
559 0 602 1000
602 0 645 1000
645 0 688 1000
688 0 731 1000
731 0 774 1000
774 0 817 1000
817 0 860 1000
860 0 903 1000
903 0 946 1000
946 0 989 1000
0 0 43 1000
43 0 86 1000
86 0 129 1000
129 0 172 1000
172 0 215 1000
215 0 258 1000
258 0 301 1000
301 0 344 1000
344 0 387 1000
387 0 430 1000
430 0 473 1000
473 0 516 1000
516 0 559 1000
559 0 602 1000
602 0 645 1000
645 0 688 1000
688 0 731 1000
731 0 774 1000
774 0 817 1000
817 0 860 1000
860 0 903 1000
903 0 946 1000
946 0 989 1000
0 0 43 1000
43 0 86 1000
86 0 129 1000
129 0 172 1000
172 0 215 1000
215 0 258 1000
258 0 301 1000
301 0 344 1000
344 0 387 1000
387 0 430 1000
430 0 473 1000
473 0 516 1000
516 0 559 1000
559 0 602 1000
602 0 645 1000
645 0 688 1000
688 0 731 1000
731 0 774 1000
774 0 817 1000
817 0 860 1000
860 0 903 1000
903 0 946 1000
946 0 989 1000
0 0 43 1000
43 0 86 1000
86 0 129 1000
129 0 172 1000
172 0 215 1000
215 0 258 1000
258 0 301 1000
301 0 344 1000
344 0 387 1000
387 0 430 1000
430 0 473 1000
473 0 516 1000
516 0 559 1000
559 0 602 1000
602 0 645 1000
645 0 688 1000
688 0 731 1000
731 0 774 1000
774 0 817 1000
817 0 860 1000
860 0 903 1000
903 0 946 1000
946 0 989 1000
0 0 43 1000
43 0 86 1000
86 0 129 1000
129 0 172 1000
172 0 215 1000
215 0 258 1000
258 0 301 1000
301 0 344 1000
344 0 387 1000
387 0 430 1000
430 0 473 1000
473 0 516 1000
516 0 559 1000
559 0 602 1000
602 0 645 1000
645 0 688 1000
688 0 731 1000
731 0 774 1000
774 0 817 1000
817 0 860 1000
860 0 903 1000
903 0 946 1000
946 0 989 1000
0 0 43 1000
43 0 86 1000
86 0 129 1000
129 0 172 1000
172 0 215 1000
215 0 258 1000
258 0 301 1000
301 0 344 1000
344 0 387 1000
387 0 430 1000
430 0 473 1000
473 0 516 1000
516 0 559 1000
559 0 602 1000
602 0 645 1000
645 0 688 1000
688 0 731 1000
731 0 774 1000
774 0 817 1000
817 0 860 1000
860 0 903 1000
903 0 946 1000
946 0 989 1000
0 0 43 1000
43 0 86 1000
86 0 129 1000
129 0 172 1000
172 0 215 1000
215 0 258 1000
258 0 301 1000
301 0 344 1000
344 0 387 1000
387 0 430 1000
430 0 473 1000
473 0 516 1000
516 0 559 1000
559 0 602 1000
602 0 645 1000
645 0 688 1000
688 0 731 1000
731 0 774 1000
774 0 817 1000
817 0 860 1000
860 0 903 1000
903 0 946 1000
946 0 989 1000
0 0 43 1000
43 0 86 1000
86 0 129 1000
129 0 172 1000
172 0 215 1000
215 0 258 1000
258 0 301 1000
301 0 344 1000
344 0 387 1000
387 0 430 1000
430 0 473 1000
473 0 516 1000
516 0 559 1000
559 0 602 1000
602 0 645 1000
645 0 688 1000
688 0 731 1000
731 0 774 1000
774 0 817 1000
817 0 860 1000
860 0 903 1000
903 0 946 1000
946 0 989 1000
0 0 43 1000
43 0 86 1000
86 0 129 1000
129 0 172 1000
172 0 215 1000
215 0 258 1000
258 0 301 1000
301 0 344 1000
344 0 387 1000
387 0 430 1000
430 0 473 1000
473 0 516 1000
516 0 559 1000
559 0 602 1000
602 0 645 1000
645 0 688 1000
688 0 731 1000
731 0 774 1000
774 0 817 1000
817 0 860 1000
860 0 903 1000
903 0 946 1000
946 0 989 1000
0 0 43 1000
43 0 86 1000
86 0 129 1000
129 0 172 1000
172 0 215 1000
215 0 258 1000
258 0 301 1000
301 0 344 1000
344 0 387 1000
387 0 430 1000
430 0 473 1000
473 0 516 1000
516 0 559 1000
559 0 602 1000
602 0 645 1000
645 0 688 1000
688 0 731 1000
731 0 774 1000
774 0 817 1000
817 0 860 1000
860 0 903 1000
903 0 946 1000
946 0 989 1000
0 0 43 1000
43 0 86 1000
86 0 129 1000
129 0 172 1000
172 0 215 1000
215 0 258 1000
258 0 301 1000
301 0 344 1000
344 0 387 1000
387 0 430 1000
430 0 473 1000
473 0 516 1000
516 0 559 1000
559 0 602 1000
602 0 645 1000
645 0 688 1000
688 0 731 1000
731 0 774 1000
774 0 817 1000
817 0 860 1000
860 0 903 1000
903 0 946 1000
946 0 989 1000
0 0 43 1000
43 0 86 1000
86 0 129 1000
129 0 172 1000
172 0 215 1000
215 0 258 1000
258 0 301 1000
301 0 344 1000
344 0 387 1000
387 0 430 1000
430 0 473 1000
473 0 516 1000
516 0 559 1000
559 0 602 1000
602 0 645 1000
645 0 688 1000
688 0 731 1000
731 0 774 1000
774 0 817 1000
817 0 860 1000
860 0 903 1000
903 0 946 1000
946 0 989 1000
0 0 43 1000
43 0 86 1000
86 0 129 1000
129 0 172 1000
172 0 215 1000
215 0 258 1000
258 0 301 1000
301 0 344 1000
344 0 387 1000
387 0 430 1000
430 0 473 1000
473 0 516 1000
516 0 559 1000
559 0 602 1000
602 0 645 1000
645 0 688 1000
688 0 731 1000
731 0 774 1000
774 0 817 1000
817 0 860 1000
860 0 903 1000
903 0 946 1000
946 0 989 1000
0 0 43 1000
43 0 86 1000
86 0 129 1000
129 0 172 1000
172 0 215 1000
215 0 258 1000
258 0 301 1000
301 0 344 1000
344 0 387 1000
387 0 430 1000
430 0 473 1000
473 0 516 1000
516 0 559 1000
559 0 602 1000
602 0 645 1000
645 0 688 1000
688 0 731 1000
731 0 774 1000
774 0 817 1000
817 0 860 1000
860 0 903 1000
903 0 946 1000
946 0 989 1000
0 0 43 1000
43 0 86 1000
86 0 129 1000
129 0 172 1000
172 0 215 1000
215 0 258 1000
258 0 301 1000
301 0 344 1000
344 0 387 1000
387 0 430 1000
430 0 473 1000
473 0 516 1000
516 0 559 1000
559 0 602 1000
602 0 645 1000
645 0 688 1000
688 0 731 1000
731 0 774 1000
774 0 817 1000
817 0 860 1000
860 0 903 1000
903 0 946 1000
946 0 989 1000
0 0 43 1000
43 0 86 1000
86 0 129 1000
129 0 172 1000
172 0 215 1000
215 0 258 1000
258 0 301 1000
301 0 344 1000
344 0 387 1000
387 0 430 1000
430 0 473 1000
473 0 516 1000
516 0 559 1000
559 0 602 1000
602 0 645 1000
645 0 688 1000
688 0 731 1000
731 0 774 1000
774 0 817 1000
817 0 860 1000
860 0 903 1000
903 0 946 1000
946 0 989 1000
0 0 43 1000
43 0 86 1000
86 0 129 1000
129 0 172 1000
172 0 215 1000
215 0 258 1000
258 0 301 1000
301 0 344 1000
344 0 387 1000
387 0 430 1000
430 0 473 1000
473 0 516 1000
516 0 559 1000
559 0 602 1000
602 0 645 1000
645 0 688 1000
688 0 731 1000
731 0 774 1000
774 0 817 1000
817 0 860 1000
860 0 903 1000
903 0 946 1000
946 0 989 1000
0 0 43 1000
43 0 86 1000
86 0 129 1000
129 0 172 1000
172 0 215 1000
215 0 258 1000
258 0 301 1000
301 0 344 1000
344 0 387 1000
387 0 430 1000
430 0 473 1000
473 0 516 1000
516 0 559 1000
559 0 602 1000
602 0 645 1000
645 0 688 1000
688 0 731 1000
731 0 774 1000
774 0 817 1000
817 0 860 1000
860 0 903 1000
903 0 946 1000
946 0 989 1000
0 0 43 1000
43 0 86 1000
86 0 129 1000
129 0 172 1000
172 0 215 1000
215 0 258 1000
258 0 301 1000
301 0 344 1000
344 0 387 1000
387 0 430 1000
430 0 473 1000
473 0 516 1000
516 0 559 1000
559 0 602 1000
602 0 645 1000
645 0 688 1000
688 0 731 1000
731 0 774 1000
774 0 817 1000
817 0 860 1000
860 0 903 1000
903 0 946 1000
946 0 989 1000
0 0 43 1000
43 0 86 1000
86 0 129 1000
129 0 172 1000
172 0 215 1000
215 0 258 1000
258 0 301 1000
301 0 344 1000
344 0 387 1000
387 0 430 1000
430 0 473 1000
473 0 516 1000
516 0 559 1000
559 0 602 1000
602 0 645 1000
645 0 688 1000
688 0 731 1000
731 0 774 1000
774 0 817 1000
817 0 860 1000
860 0 903 1000
903 0 946 1000
946 0 989 1000
0 0 43 1000
43 0 86 1000
86 0 129 1000
129 0 172 1000
172 0 215 1000
215 0 258 1000
258 0 301 1000
301 0 344 1000
344 0 387 1000
387 0 430 1000
430 0 473 1000
473 0 516 1000
516 0 559 1000
559 0 602 1000
602 0 645 1000
645 0 688 1000
688 0 731 1000
731 0 774 1000
774 0 817 1000
817 0 860 1000
860 0 903 1000
903 0 946 1000
946 0 989 1000
0 0 43 1000
43 0 86 1000
86 0 129 1000
129 0 172 1000
172 0 215 1000
215 0 258 1000
258 0 301 1000
301 0 344 1000
344 0 387 1000
387 0 430 1000
430 0 473 1000
473 0 516 1000
516 0 559 1000
559 0 602 1000
602 0 645 1000
645 0 688 1000
688 0 731 1000
731 0 774 1000
774 0 817 1000
817 0 860 1000
860 0 903 1000
903 0 946 1000
946 0 989 1000
0 0 43 1000
43 0 86 1000
86 0 129 1000
129 0 172 1000
172 0 215 1000
215 0 258 1000
258 0 301 1000
301 0 344 1000
344 0 387 1000
387 0 430 1000
430 0 473 1000
473 0 516 1000
516 0 559 1000
559 0 602 1000
602 0 645 1000
645 0 688 1000
688 0 731 1000
731 0 774 1000
774 0 817 1000
817 0 860 1000
860 0 903 1000
903 0 946 1000
946 0 989 1000
0 0 43 1000
43 0 86 1000
86 0 129 1000
129 0 172 1000
172 0 215 1000
215 0 258 1000
258 0 301 1000
301 0 344 1000
344 0 387 1000
387 0 430 1000
430 0 473 1000
473 0 516 1000
516 0 559 1000
559 0 602 1000
602 0 645 1000
645 0 688 1000
688 0 731 1000
731 0 774 1000
774 0 817 1000
817 0 860 1000
860 0 903 1000
903 0 946 1000
946 0 989 1000
0 0 43 1000
43 0 86 1000
86 0 129 1000
129 0 172 1000
172 0 215 1000
215 0 258 1000
258 0 301 1000
301 0 344 1000
344 0 387 1000
387 0 430 1000
430 0 473 1000
473 0 516 1000
516 0 559 1000
559 0 602 1000
602 0 645 1000
645 0 688 1000
688 0 731 1000
731 0 774 1000
774 0 817 1000
817 0 860 1000
860 0 903 1000
903 0 946 1000
946 0 989 1000
0 0 43 1000
43 0 86 1000
86 0 129 1000
129 0 172 1000
172 0 215 1000
215 0 258 1000
258 0 301 1000
301 0 344 1000
344 0 387 1000
387 0 430 1000
430 0 473 1000
473 0 516 1000
516 0 559 1000
559 0 602 1000
602 0 645 1000
645 0 688 1000
688 0 731 1000
731 0 774 1000
774 0 817 1000
817 0 860 1000
860 0 903 1000
903 0 946 1000
946 0 989 1000
0 0 43 1000
43 0 86 1000
86 0 129 1000
129 0 172 1000
172 0 215 1000
215 0 258 1000
258 0 301 1000
301 0 344 1000
344 0 387 1000
387 0 430 1000
430 0 473 1000
473 0 516 1000
516 0 559 1000
559 0 602 1000
602 0 645 1000
645 0 688 1000
688 0 731 1000
731 0 774 1000
774 0 817 1000
817 0 860 1000
860 0 903 1000
903 0 946 1000
946 0 989 1000
0 0 43 1000
43 0 86 1000
86 0 129 1000
129 0 172 1000
172 0 215 1000
215 0 258 1000
258 0 301 1000
301 0 344 1000
344 0 387 1000
387 0 430 1000
430 0 473 1000
473 0 516 1000
516 0 559 1000
559 0 602 1000
602 0 645 1000
645 0 688 1000
688 0 731 1000
731 0 774 1000
774 0 817 1000
817 0 860 1000
860 0 903 1000
903 0 946 1000
946 0 989 1000
0 0 43 1000
43 0 86 1000
86 0 129 1000
129 0 172 1000
172 0 215 1000
215 0 258 1000
258 0 301 1000
301 0 344 1000
344 0 387 1000
387 0 430 1000
430 0 473 1000
473 0 516 1000
516 0 559 1000
559 0 602 1000
602 0 645 1000
645 0 688 1000
688 0 731 1000
731 0 774 1000
774 0 817 1000
817 0 860 1000
860 0 903 1000
903 0 946 1000
946 0 989 1000
0 0 43 1000
43 0 86 1000
86 0 129 1000
129 0 172 1000
172 0 215 1000
215 0 258 1000
258 0 301 1000
301 0 344 1000
344 0 387 1000
387 0 430 1000
430 0 473 1000
473 0 516 1000
516 0 559 1000
559 0 602 1000
602 0 645 1000
645 0 688 1000
688 0 731 1000
731 0 774 1000
774 0 817 1000
817 0 860 1000
860 0 903 1000
903 0 946 1000
946 0 989 1000
0 0 43 1000
43 0 86 1000
86 0 129 1000
129 0 172 1000
172 0 215 1000
215 0 258 1000
258 0 301 1000
301 0 344 1000
344 0 387 1000
387 0 430 1000
430 0 473 1000
473 0 516 1000
516 0 559 1000
559 0 602 1000
602 0 645 1000
645 0 688 1000
688 0 731 1000
731 0 774 1000
774 0 817 1000
817 0 860 1000
860 0 903 1000
903 0 946 1000
946 0 989 1000
