0 0 29 1000
29 0 58 1000
58 0 87 1000
87 0 116 1000
116 0 145 1000
145 0 174 1000
174 0 203 1000
203 0 232 1000
232 0 261 1000
261 0 290 1000
290 0 319 1000
319 0 348 1000
348 0 377 1000
377 0 406 1000
406 0 435 1000
435 0 464 1000
464 0 493 1000
493 0 522 1000
522 0 551 1000
551 0 580 1000
580 0 609 1000
609 0 638 1000
638 0 667 1000
667 0 696 1000
696 0 725 1000
725 0 754 1000
754 0 783 1000
783 0 812 1000
812 0 841 1000
841 0 870 1000
870 0 899 1000
899 0 928 1000
928 0 957 1000
957 0 986 1000
0 0 29 1000
29 0 58 1000
58 0 87 1000
87 0 116 1000
116 0 145 1000
145 0 174 1000
174 0 203 1000
203 0 232 1000
232 0 261 1000
261 0 290 1000
290 0 319 1000
319 0 348 1000
348 0 377 1000
377 0 406 1000
406 0 435 1000
435 0 464 1000
464 0 493 1000
493 0 522 1000
522 0 551 1000
551 0 580 1000
580 0 609 1000
609 0 638 1000
638 0 667 1000
667 0 696 1000
696 0 725 1000
725 0 754 1000
754 0 783 1000
783 0 812 1000
812 0 841 1000
841 0 870 1000
870 0 899 1000
899 0 928 1000
928 0 957 1000
957 0 986 1000
0 0 29 1000
29 0 58 1000
58 0 87 1000
87 0 116 1000
116 0 145 1000
145 0 174 1000
174 0 203 1000
203 0 232 1000
232 0 261 1000
261 0 290 1000
290 0 319 1000
319 0 348 1000
348 0 377 1000
377 0 406 1000
406 0 435 1000
435 0 464 1000
464 0 493 1000
493 0 522 1000
522 0 551 1000
551 0 580 1000
580 0 609 1000
609 0 638 1000
638 0 667 1000
667 0 696 1000
696 0 725 1000
725 0 754 1000
754 0 783 1000
783 0 812 1000
812 0 841 1000
841 0 870 1000
870 0 899 1000
899 0 928 1000
928 0 957 1000
957 0 986 1000
0 0 29 1000
29 0 58 1000
58 0 87 1000
87 0 116 1000
116 0 145 1000
145 0 174 1000
174 0 203 1000
203 0 232 1000
232 0 261 1000
261 0 290 1000
290 0 319 1000
319 0 348 1000
348 0 377 1000
377 0 406 1000
406 0 435 1000
435 0 464 1000
464 0 493 1000
493 0 522 1000
522 0 551 1000
551 0 580 1000
580 0 609 1000
609 0 638 1000
638 0 667 1000
667 0 696 1000
696 0 725 1000
725 0 754 1000
754 0 783 1000
783 0 812 1000
812 0 841 1000
841 0 870 1000
870 0 899 1000
899 0 928 1000
928 0 957 1000
957 0 986 1000
0 0 29 1000
29 0 58 1000
58 0 87 1000
87 0 116 1000
116 0 145 1000
145 0 174 1000
174 0 203 1000
203 0 232 1000
232 0 261 1000
261 0 290 1000
290 0 319 1000
319 0 348 1000
348 0 377 1000
377 0 406 1000
406 0 435 1000
435 0 464 1000
464 0 493 1000
493 0 522 1000
522 0 551 1000
551 0 580 1000
580 0 609 1000
609 0 638 1000
638 0 667 1000
667 0 696 1000
696 0 725 1000
725 0 754 1000
754 0 783 1000
783 0 812 1000
812 0 841 1000
841 0 870 1000
870 0 899 1000
899 0 928 1000
928 0 957 1000
957 0 986 1000
