0 0 38 1000
38 0 76 1000
76 0 114 1000
114 0 152 1000
152 0 190 1000
190 0 228 1000
228 0 266 1000
266 0 304 1000
304 0 342 1000
342 0 380 1000
380 0 418 1000
418 0 456 1000
456 0 494 1000
494 0 532 1000
532 0 570 1000
570 0 608 1000
608 0 646 1000
646 0 684 1000
684 0 722 1000
722 0 760 1000
760 0 798 1000
798 0 836 1000
836 0 874 1000
874 0 912 1000
912 0 950 1000
950 0 988 1000
0 0 38 1000
38 0 76 1000
76 0 114 1000
114 0 152 1000
152 0 190 1000
190 0 228 1000
228 0 266 1000
266 0 304 1000
304 0 342 1000
342 0 380 1000
380 0 418 1000
418 0 456 1000
456 0 494 1000
494 0 532 1000
532 0 570 1000
570 0 608 1000
608 0 646 1000
646 0 684 1000
684 0 722 1000
722 0 760 1000
760 0 798 1000
798 0 836 1000
836 0 874 1000
874 0 912 1000
912 0 950 1000
950 0 988 1000
0 0 38 1000
38 0 76 1000
76 0 114 1000
114 0 152 1000
152 0 190 1000
190 0 228 1000
228 0 266 1000
266 0 304 1000
304 0 342 1000
342 0 380 1000
380 0 418 1000
418 0 456 1000
456 0 494 1000
494 0 532 1000
532 0 570 1000
570 0 608 1000
608 0 646 1000
646 0 684 1000
684 0 722 1000
722 0 760 1000
760 0 798 1000
798 0 836 1000
836 0 874 1000
874 0 912 1000
912 0 950 1000
950 0 988 1000
0 0 38 1000
38 0 76 1000
76 0 114 1000
114 0 152 1000
152 0 190 1000
190 0 228 1000
228 0 266 1000
266 0 304 1000
304 0 342 1000
342 0 380 1000
380 0 418 1000
418 0 456 1000
456 0 494 1000
494 0 532 1000
532 0 570 1000
570 0 608 1000
608 0 646 1000
646 0 684 1000
684 0 722 1000
722 0 760 1000
760 0 798 1000
798 0 836 1000
836 0 874 1000
874 0 912 1000
912 0 950 1000
950 0 988 1000
0 0 38 1000
38 0 76 1000
76 0 114 1000
114 0 152 1000
152 0 190 1000
190 0 228 1000
228 0 266 1000
266 0 304 1000
304 0 342 1000
342 0 380 1000
380 0 418 1000
418 0 456 1000
456 0 494 1000
494 0 532 1000
532 0 570 1000
570 0 608 1000
608 0 646 1000
646 0 684 1000
684 0 722 1000
722 0 760 1000
760 0 798 1000
798 0 836 1000
836 0 874 1000
874 0 912 1000
912 0 950 1000
950 0 988 1000
0 0 38 1000
38 0 76 1000
76 0 114 1000
114 0 152 1000
152 0 190 1000
190 0 228 1000
228 0 266 1000
266 0 304 1000
304 0 342 1000
342 0 380 1000
380 0 418 1000
418 0 456 1000
456 0 494 1000
494 0 532 1000
532 0 570 1000
570 0 608 1000
608 0 646 1000
646 0 684 1000
684 0 722 1000
722 0 760 1000
760 0 798 1000
798 0 836 1000
836 0 874 1000
874 0 912 1000
912 0 950 1000
950 0 988 1000
0 0 38 1000
38 0 76 1000
76 0 114 1000
114 0 152 1000
152 0 190 1000
190 0 228 1000
228 0 266 1000
266 0 304 1000
304 0 342 1000
342 0 380 1000
380 0 418 1000
418 0 456 1000
456 0 494 1000
494 0 532 1000
532 0 570 1000
570 0 608 1000
608 0 646 1000
646 0 684 1000
684 0 722 1000
722 0 760 1000
760 0 798 1000
798 0 836 1000
836 0 874 1000
874 0 912 1000
912 0 950 1000
950 0 988 1000
0 0 38 1000
38 0 76 1000
76 0 114 1000
114 0 152 1000
152 0 190 1000
190 0 228 1000
228 0 266 1000
266 0 304 1000
304 0 342 1000
342 0 380 1000
380 0 418 1000
418 0 456 1000
456 0 494 1000
494 0 532 1000
532 0 570 1000
570 0 608 1000
608 0 646 1000
646 0 684 1000
684 0 722 1000
722 0 760 1000
760 0 798 1000
798 0 836 1000
836 0 874 1000
874 0 912 1000
912 0 950 1000
950 0 988 1000
0 0 38 1000
38 0 76 1000
76 0 114 1000
114 0 152 1000
152 0 190 1000
190 0 228 1000
228 0 266 1000
266 0 304 1000
304 0 342 1000
342 0 380 1000
380 0 418 1000
418 0 456 1000
456 0 494 1000
494 0 532 1000
532 0 570 1000
570 0 608 1000
608 0 646 1000
646 0 684 1000
684 0 722 1000
722 0 760 1000
760 0 798 1000
798 0 836 1000
836 0 874 1000
874 0 912 1000
912 0 950 1000
950 0 988 1000
0 0 38 1000
38 0 76 1000
76 0 114 1000
114 0 152 1000
152 0 190 1000
190 0 228 1000
228 0 266 1000
266 0 304 1000
304 0 342 1000
342 0 380 1000
380 0 418 1000
418 0 456 1000
456 0 494 1000
494 0 532 1000
532 0 570 1000
570 0 608 1000
608 0 646 1000
646 0 684 1000
684 0 722 1000
722 0 760 1000
760 0 798 1000
798 0 836 1000
836 0 874 1000
874 0 912 1000
912 0 950 1000
950 0 988 1000
0 0 38 1000
38 0 76 1000
76 0 114 1000
114 0 152 1000
152 0 190 1000
190 0 228 1000
228 0 266 1000
266 0 304 1000
304 0 342 1000
342 0 380 1000
380 0 418 1000
418 0 456 1000
456 0 494 1000
494 0 532 1000
532 0 570 1000
570 0 608 1000
608 0 646 1000
646 0 684 1000
684 0 722 1000
722 0 760 1000
760 0 798 1000
798 0 836 1000
836 0 874 1000
874 0 912 1000
912 0 950 1000
950 0 988 1000
0 0 38 1000
38 0 76 1000
76 0 114 1000
114 0 152 1000
152 0 190 1000
190 0 228 1000
228 0 266 1000
266 0 304 1000
304 0 342 1000
342 0 380 1000
380 0 418 1000
418 0 456 1000
456 0 494 1000
494 0 532 1000
532 0 570 1000
570 0 608 1000
608 0 646 1000
646 0 684 1000
684 0 722 1000
722 0 760 1000
760 0 798 1000
798 0 836 1000
836 0 874 1000
874 0 912 1000
912 0 950 1000
950 0 988 1000
0 0 38 1000
38 0 76 1000
76 0 114 1000
114 0 152 1000
152 0 190 1000
190 0 228 1000
228 0 266 1000
266 0 304 1000
304 0 342 1000
342 0 380 1000
380 0 418 1000
418 0 456 1000
456 0 494 1000
494 0 532 1000
532 0 570 1000
570 0 608 1000
608 0 646 1000
646 0 684 1000
684 0 722 1000
722 0 760 1000
760 0 798 1000
798 0 836 1000
836 0 874 1000
874 0 912 1000
912 0 950 1000
950 0 988 1000
0 0 38 1000
38 0 76 1000
76 0 114 1000
114 0 152 1000
152 0 190 1000
190 0 228 1000
228 0 266 1000
266 0 304 1000
304 0 342 1000
342 0 380 1000
380 0 418 1000
418 0 456 1000
456 0 494 1000
494 0 532 1000
532 0 570 1000
570 0 608 1000
608 0 646 1000
646 0 684 1000
684 0 722 1000
722 0 760 1000
760 0 798 1000
798 0 836 1000
836 0 874 1000
874 0 912 1000
912 0 950 1000
950 0 988 1000
0 0 38 1000
38 0 76 1000
76 0 114 1000
114 0 152 1000
152 0 190 1000
190 0 228 1000
228 0 266 1000
266 0 304 1000
304 0 342 1000
342 0 380 1000
380 0 418 1000
418 0 456 1000
456 0 494 1000
494 0 532 1000
532 0 570 1000
570 0 608 1000
608 0 646 1000
646 0 684 1000
684 0 722 1000
722 0 760 1000
760 0 798 1000
798 0 836 1000
836 0 874 1000
874 0 912 1000
912 0 950 1000
950 0 988 1000
