0 0 55 1000
55 0 110 1000
110 0 165 1000
165 0 220 1000
220 0 275 1000
275 0 330 1000
330 0 385 1000
385 0 440 1000
440 0 495 1000
495 0 550 1000
550 0 605 1000
605 0 660 1000
660 0 715 1000
715 0 770 1000
770 0 825 1000
825 0 880 1000
880 0 935 1000
935 0 990 1000
0 0 55 1000
55 0 110 1000
110 0 165 1000
165 0 220 1000
220 0 275 1000
275 0 330 1000
330 0 385 1000
385 0 440 1000
440 0 495 1000
495 0 550 1000
550 0 605 1000
605 0 660 1000
660 0 715 1000
715 0 770 1000
770 0 825 1000
825 0 880 1000
880 0 935 1000
935 0 990 1000
0 0 55 1000
55 0 110 1000
110 0 165 1000
165 0 220 1000
220 0 275 1000
275 0 330 1000
330 0 385 1000
385 0 440 1000
440 0 495 1000
495 0 550 1000
550 0 605 1000
605 0 660 1000
660 0 715 1000
715 0 770 1000
770 0 825 1000
825 0 880 1000
880 0 935 1000
935 0 990 1000
0 0 55 1000
55 0 110 1000
110 0 165 1000
165 0 220 1000
220 0 275 1000
275 0 330 1000
330 0 385 1000
385 0 440 1000
440 0 495 1000
495 0 550 1000
550 0 605 1000
605 0 660 1000
660 0 715 1000
715 0 770 1000
770 0 825 1000
825 0 880 1000
880 0 935 1000
935 0 990 1000
0 0 55 1000
55 0 110 1000
110 0 165 1000
165 0 220 1000
220 0 275 1000
275 0 330 1000
330 0 385 1000
385 0 440 1000
440 0 495 1000
495 0 550 1000
550 0 605 1000
605 0 660 1000
660 0 715 1000
715 0 770 1000
770 0 825 1000
825 0 880 1000
880 0 935 1000
935 0 990 1000
0 0 55 1000
55 0 110 1000
110 0 165 1000
165 0 220 1000
220 0 275 1000
275 0 330 1000
330 0 385 1000
385 0 440 1000
440 0 495 1000
495 0 550 1000
550 0 605 1000
605 0 660 1000
660 0 715 1000
715 0 770 1000
770 0 825 1000
825 0 880 1000
880 0 935 1000
935 0 990 1000
0 0 55 1000
55 0 110 1000
110 0 165 1000
165 0 220 1000
220 0 275 1000
275 0 330 1000
330 0 385 1000
385 0 440 1000
440 0 495 1000
495 0 550 1000
550 0 605 1000
605 0 660 1000
660 0 715 1000
715 0 770 1000
770 0 825 1000
825 0 880 1000
880 0 935 1000
935 0 990 1000
0 0 55 1000
55 0 110 1000
110 0 165 1000
165 0 220 1000
220 0 275 1000
275 0 330 1000
330 0 385 1000
385 0 440 1000
440 0 495 1000
495 0 550 1000
550 0 605 1000
605 0 660 1000
660 0 715 1000
715 0 770 1000
770 0 825 1000
825 0 880 1000
880 0 935 1000
935 0 990 1000
0 0 55 1000
55 0 110 1000
110 0 165 1000
165 0 220 1000
220 0 275 1000
275 0 330 1000
330 0 385 1000
385 0 440 1000
440 0 495 1000
495 0 550 1000
550 0 605 1000
605 0 660 1000
660 0 715 1000
715 0 770 1000
770 0 825 1000
825 0 880 1000
880 0 935 1000
935 0 990 1000
0 0 55 1000
55 0 110 1000
110 0 165 1000
165 0 220 1000
220 0 275 1000
275 0 330 1000
330 0 385 1000
385 0 440 1000
440 0 495 1000
495 0 550 1000
550 0 605 1000
605 0 660 1000
660 0 715 1000
715 0 770 1000
770 0 825 1000
825 0 880 1000
880 0 935 1000
935 0 990 1000
0 0 55 1000
55 0 110 1000
110 0 165 1000
165 0 220 1000
220 0 275 1000
275 0 330 1000
330 0 385 1000
385 0 440 1000
440 0 495 1000
495 0 550 1000
550 0 605 1000
605 0 660 1000
660 0 715 1000
715 0 770 1000
770 0 825 1000
825 0 880 1000
880 0 935 1000
935 0 990 1000
0 0 55 1000
55 0 110 1000
110 0 165 1000
165 0 220 1000
220 0 275 1000
275 0 330 1000
330 0 385 1000
385 0 440 1000
440 0 495 1000
495 0 550 1000
550 0 605 1000
605 0 660 1000
660 0 715 1000
715 0 770 1000
770 0 825 1000
825 0 880 1000
880 0 935 1000
935 0 990 1000
0 0 55 1000
55 0 110 1000
110 0 165 1000
165 0 220 1000
220 0 275 1000
275 0 330 1000
330 0 385 1000
385 0 440 1000
440 0 495 1000
495 0 550 1000
550 0 605 1000
605 0 660 1000
660 0 715 1000
715 0 770 1000
770 0 825 1000
825 0 880 1000
880 0 935 1000
935 0 990 1000
0 0 55 1000
55 0 110 1000
110 0 165 1000
165 0 220 1000
220 0 275 1000
275 0 330 1000
330 0 385 1000
385 0 440 1000
440 0 495 1000
495 0 550 1000
550 0 605 1000
605 0 660 1000
660 0 715 1000
715 0 770 1000
770 0 825 1000
825 0 880 1000
880 0 935 1000
935 0 990 1000
0 0 55 1000
55 0 110 1000
110 0 165 1000
165 0 220 1000
220 0 275 1000
275 0 330 1000
330 0 385 1000
385 0 440 1000
440 0 495 1000
495 0 550 1000
550 0 605 1000
605 0 660 1000
660 0 715 1000
715 0 770 1000
770 0 825 1000
825 0 880 1000
880 0 935 1000
935 0 990 1000
0 0 55 1000
55 0 110 1000
110 0 165 1000
165 0 220 1000
220 0 275 1000
275 0 330 1000
330 0 385 1000
385 0 440 1000
440 0 495 1000
495 0 550 1000
550 0 605 1000
605 0 660 1000
660 0 715 1000
715 0 770 1000
770 0 825 1000
825 0 880 1000
880 0 935 1000
935 0 990 1000
0 0 55 1000
55 0 110 1000
110 0 165 1000
165 0 220 1000
220 0 275 1000
275 0 330 1000
330 0 385 1000
385 0 440 1000
440 0 495 1000
495 0 550 1000
550 0 605 1000
605 0 660 1000
660 0 715 1000
715 0 770 1000
770 0 825 1000
825 0 880 1000
880 0 935 1000
935 0 990 1000
0 0 55 1000
55 0 110 1000
110 0 165 1000
165 0 220 1000
220 0 275 1000
275 0 330 1000
330 0 385 1000
385 0 440 1000
440 0 495 1000
495 0 550 1000
550 0 605 1000
605 0 660 1000
660 0 715 1000
715 0 770 1000
770 0 825 1000
825 0 880 1000
880 0 935 1000
935 0 990 1000
0 0 55 1000
55 0 110 1000
110 0 165 1000
165 0 220 1000
220 0 275 1000
275 0 330 1000
330 0 385 1000
385 0 440 1000
440 0 495 1000
495 0 550 1000
550 0 605 1000
605 0 660 1000
660 0 715 1000
715 0 770 1000
770 0 825 1000
825 0 880 1000
880 0 935 1000
935 0 990 1000
0 0 55 1000
55 0 110 1000
110 0 165 1000
165 0 220 1000
220 0 275 1000
275 0 330 1000
330 0 385 1000
385 0 440 1000
440 0 495 1000
495 0 550 1000
550 0 605 1000
605 0 660 1000
660 0 715 1000
715 0 770 1000
770 0 825 1000
825 0 880 1000
880 0 935 1000
935 0 990 1000
0 0 55 1000
55 0 110 1000
110 0 165 1000
165 0 220 1000
220 0 275 1000
275 0 330 1000
330 0 385 1000
385 0 440 1000
440 0 495 1000
495 0 550 1000
550 0 605 1000
605 0 660 1000
660 0 715 1000
715 0 770 1000
770 0 825 1000
825 0 880 1000
880 0 935 1000
935 0 990 1000
0 0 55 1000
55 0 110 1000
110 0 165 1000
165 0 220 1000
220 0 275 1000
275 0 330 1000
330 0 385 1000
385 0 440 1000
440 0 495 1000
495 0 550 1000
550 0 605 1000
605 0 660 1000
660 0 715 1000
715 0 770 1000
770 0 825 1000
825 0 880 1000
880 0 935 1000
935 0 990 1000
0 0 55 1000
55 0 110 1000
110 0 165 1000
165 0 220 1000
220 0 275 1000
275 0 330 1000
330 0 385 1000
385 0 440 1000
440 0 495 1000
495 0 550 1000
550 0 605 1000
605 0 660 1000
660 0 715 1000
715 0 770 1000
770 0 825 1000
825 0 880 1000
880 0 935 1000
935 0 990 1000
0 0 55 1000
55 0 110 1000
110 0 165 1000
165 0 220 1000
220 0 275 1000
275 0 330 1000
330 0 385 1000
385 0 440 1000
440 0 495 1000
495 0 550 1000
550 0 605 1000
605 0 660 1000
660 0 715 1000
715 0 770 1000
770 0 825 1000
825 0 880 1000
880 0 935 1000
935 0 990 1000
0 0 55 1000
55 0 110 1000
110 0 165 1000
165 0 220 1000
220 0 275 1000
275 0 330 1000
330 0 385 1000
385 0 440 1000
440 0 495 1000
495 0 550 1000
550 0 605 1000
605 0 660 1000
660 0 715 1000
715 0 770 1000
770 0 825 1000
825 0 880 1000
880 0 935 1000
935 0 990 1000
0 0 55 1000
55 0 110 1000
110 0 165 1000
165 0 220 1000
220 0 275 1000
275 0 330 1000
330 0 385 1000
385 0 440 1000
440 0 495 1000
495 0 550 1000
550 0 605 1000
605 0 660 1000
660 0 715 1000
715 0 770 1000
770 0 825 1000
825 0 880 1000
880 0 935 1000
935 0 990 1000
