0 0 100 1000
100 0 200 1000
200 0 300 1000
300 0 400 1000
400 0 500 1000
500 0 600 1000
600 0 700 1000
700 0 800 1000
800 0 900 1000
900 0 1000 1000
0 0 100 1000
100 0 200 1000
200 0 300 1000
300 0 400 1000
400 0 500 1000
500 0 600 1000
600 0 700 1000
700 0 800 1000
800 0 900 1000
900 0 1000 1000
0 0 100 1000
100 0 200 1000
200 0 300 1000
300 0 400 1000
400 0 500 1000
500 0 600 1000
600 0 700 1000
700 0 800 1000
800 0 900 1000
900 0 1000 1000
0 0 100 1000
100 0 200 1000
200 0 300 1000
300 0 400 1000
400 0 500 1000
500 0 600 1000
600 0 700 1000
700 0 800 1000
800 0 900 1000
900 0 1000 1000
0 0 100 1000
100 0 200 1000
200 0 300 1000
300 0 400 1000
400 0 500 1000
500 0 600 1000
600 0 700 1000
700 0 800 1000
800 0 900 1000
900 0 1000 1000
0 0 100 1000
100 0 200 1000
200 0 300 1000
300 0 400 1000
400 0 500 1000
500 0 600 1000
600 0 700 1000
700 0 800 1000
800 0 900 1000
900 0 1000 1000
