0 0 142 1000
142 0 284 1000
284 0 426 1000
426 0 568 1000
568 0 710 1000
710 0 852 1000
852 0 994 1000
0 0 142 1000
142 0 284 1000
284 0 426 1000
426 0 568 1000
568 0 710 1000
710 0 852 1000
852 0 994 1000
0 0 142 1000
142 0 284 1000
284 0 426 1000
426 0 568 1000
568 0 710 1000
710 0 852 1000
852 0 994 1000
0 0 142 1000
142 0 284 1000
284 0 426 1000
426 0 568 1000
568 0 710 1000
710 0 852 1000
852 0 994 1000
0 0 142 1000
142 0 284 1000
284 0 426 1000
426 0 568 1000
568 0 710 1000
710 0 852 1000
852 0 994 1000
0 0 142 1000
142 0 284 1000
284 0 426 1000
426 0 568 1000
568 0 710 1000
710 0 852 1000
852 0 994 1000
0 0 142 1000
142 0 284 1000
284 0 426 1000
426 0 568 1000
568 0 710 1000
710 0 852 1000
852 0 994 1000
0 0 142 1000
142 0 284 1000
284 0 426 1000
426 0 568 1000
568 0 710 1000
710 0 852 1000
852 0 994 1000
0 0 142 1000
142 0 284 1000
284 0 426 1000
426 0 568 1000
568 0 710 1000
710 0 852 1000
852 0 994 1000
0 0 142 1000
142 0 284 1000
284 0 426 1000
426 0 568 1000
568 0 710 1000
710 0 852 1000
852 0 994 1000
0 0 142 1000
142 0 284 1000
284 0 426 1000
426 0 568 1000
568 0 710 1000
710 0 852 1000
852 0 994 1000
0 0 142 1000
142 0 284 1000
284 0 426 1000
426 0 568 1000
568 0 710 1000
710 0 852 1000
852 0 994 1000
0 0 142 1000
142 0 284 1000
284 0 426 1000
426 0 568 1000
568 0 710 1000
710 0 852 1000
852 0 994 1000
0 0 142 1000
142 0 284 1000
284 0 426 1000
426 0 568 1000
568 0 710 1000
710 0 852 1000
852 0 994 1000
0 0 142 1000
142 0 284 1000
284 0 426 1000
426 0 568 1000
568 0 710 1000
710 0 852 1000
852 0 994 1000
0 0 142 1000
142 0 284 1000
284 0 426 1000
426 0 568 1000
568 0 710 1000
710 0 852 1000
852 0 994 1000
0 0 142 1000
142 0 284 1000
284 0 426 1000
426 0 568 1000
568 0 710 1000
710 0 852 1000
852 0 994 1000
0 0 142 1000
142 0 284 1000
284 0 426 1000
426 0 568 1000
568 0 710 1000
710 0 852 1000
852 0 994 1000
0 0 142 1000
142 0 284 1000
284 0 426 1000
426 0 568 1000
568 0 710 1000
710 0 852 1000
852 0 994 1000
0 0 142 1000
142 0 284 1000
284 0 426 1000
426 0 568 1000
568 0 710 1000
710 0 852 1000
852 0 994 1000
0 0 142 1000
142 0 284 1000
284 0 426 1000
426 0 568 1000
568 0 710 1000
710 0 852 1000
852 0 994 1000
0 0 142 1000
142 0 284 1000
284 0 426 1000
426 0 568 1000
568 0 710 1000
710 0 852 1000
852 0 994 1000
0 0 142 1000
142 0 284 1000
284 0 426 1000
426 0 568 1000
568 0 710 1000
710 0 852 1000
852 0 994 1000
0 0 142 1000
142 0 284 1000
284 0 426 1000
426 0 568 1000
568 0 710 1000
710 0 852 1000
852 0 994 1000
0 0 142 1000
142 0 284 1000
284 0 426 1000
426 0 568 1000
568 0 710 1000
710 0 852 1000
852 0 994 1000
0 0 142 1000
142 0 284 1000
284 0 426 1000
426 0 568 1000
568 0 710 1000
710 0 852 1000
852 0 994 1000
0 0 142 1000
142 0 284 1000
284 0 426 1000
426 0 568 1000
568 0 710 1000
710 0 852 1000
852 0 994 1000
0 0 142 1000
142 0 284 1000
284 0 426 1000
426 0 568 1000
568 0 710 1000
710 0 852 1000
852 0 994 1000
