100
0 0 U -1
1 0 U 0
2 0 U 1
3 0 U 2
4 0 U 3
5 0 U 4
6 0 U 5
7 0 U 6
8 0 U 7
9 0 U 8
10 0 U -1
11 0 U 10
12 0 U 11
13 0 U 12
14 0 U 13
15 0 U 14
16 0 U 15
17 0 U 16
18 0 U 17
19 0 U 18
20 0 U -1
21 0 U 20
22 0 U 21
23 0 U 22
24 0 U 23
25 0 U 24
26 0 U 25
27 0 U 26
28 0 U 27
29 0 U 28
30 0 U -1
31 0 U 30
32 0 U 31
33 0 U 32
34 0 U 33
35 0 U 34
36 0 U 35
37 0 U 36
38 0 U 37
39 0 U 38
40 0 U -1
41 0 U 40
42 0 U 41
43 0 U 42
44 0 U 43
45 0 U 44
46 0 U 45
47 0 U 46
48 0 U 47
49 0 U 48
50 0 U -1
51 0 U 50
52 0 U 51
53 0 U 52
54 0 U 53
55 0 U 54
56 0 U 55
57 0 U 56
58 0 U 57
59 0 U 58
60 0 U -1
61 0 U 60
62 0 U 61
63 0 U 62
64 0 U 63
65 0 U 64
66 0 U 65
67 0 U 66
68 0 U 67
69 0 U 68
70 0 U -1
71 0 U 70
72 0 U 71
73 0 U 72
74 0 U 73
75 0 U 74
76 0 U 75
77 0 U 76
78 0 U 77
79 0 U 78
80 0 U -1
81 0 U 80
82 0 U 81
83 0 U 82
84 0 U 83
85 0 U 84
86 0 U 85
87 0 U 86
88 0 U 87
89 0 U 88
90 0 U -1
91 0 U 90
92 0 U 91
93 0 U 92
94 0 U 93
95 0 U 94
96 0 U 95
97 0 U 96
98 0 U 97
99 0 U 98
# score :0 1734749
# W : 73127 , H : 88484 W + H : 161611
100
0 1 U -1
1 1 U 0
2 1 U 1
3 1 U 2
4 0 U 3
5 1 U 4
6 0 U 5
7 0 U 6
8 1 U 7
9 0 U 8
10 0 U -1
11 0 U 10
12 1 U 11
13 1 U 12
14 1 U 13
15 0 U 14
16 1 U 15
17 1 U 16
18 1 U 17
19 0 U 18
20 0 U -1
21 0 U 20
22 0 U 21
23 0 U 22
24 0 U 23
25 1 U 24
26 1 U 25
27 1 U 26
28 1 U 27
29 0 U 28
30 1 U -1
31 1 U 30
32 1 U 31
33 1 U 32
34 0 U 33
35 1 U 34
36 1 U 35
37 0 U 36
38 0 U 37
39 1 U 38
40 1 U -1
41 1 U 40
42 0 U 41
43 0 U 42
44 1 U 43
45 0 U 44
46 0 U 45
47 1 U 46
48 0 U 47
49 1 U 48
50 1 U -1
51 0 U 50
52 0 U 51
53 0 U 52
54 0 U 53
55 0 U 54
56 0 U 55
57 1 U 56
58 0 U 57
59 0 U 58
60 1 U -1
61 1 U 60
62 0 U 61
63 1 U 62
64 1 U 63
65 0 U 64
66 1 U 65
67 0 U 66
68 1 U 67
69 1 U 68
70 0 U -1
71 0 U 70
72 1 U 71
73 0 U 72
74 0 U 73
75 1 U 74
76 0 U 75
77 0 U 76
78 0 U 77
79 1 U 78
80 1 U -1
81 1 U 80
82 0 U 81
83 1 U 82
84 0 U 83
85 0 U 84
86 0 U 85
87 0 U 86
88 1 U 87
89 0 U 88
90 0 U -1
91 1 U 90
92 0 U 91
93 0 U 92
94 0 U 93
95 0 U 94
96 0 U 95
97 1 U 96
98 0 U 97
99 0 U 98
# score :1 1640762
# W : 40095 , H : 47029 W + H : 87124
100
0 0 U -1
1 0 U 0
2 0 U 1
3 0 U 2
4 0 U 3
5 0 U 4
6 0 U 5
7 0 U 6
8 0 U 7
9 0 U 8
10 0 U -1
11 0 U 10
12 0 U 11
13 0 U 12
14 0 U 13
15 0 U 14
16 0 U 15
17 0 U 16
18 0 U 17
19 0 U 18
20 0 U -1
21 0 U 20
22 0 U 21
23 0 U 22
24 0 U 23
25 0 U 24
26 0 U 25
27 0 U 26
28 0 U 27
29 0 U 28
30 0 U -1
31 0 U 30
32 0 U 31
33 0 U 32
34 0 U 33
35 0 U 34
36 0 U 35
37 0 U 36
38 0 U 37
39 0 U 38
40 0 U -1
41 0 U 40
42 0 U 41
43 0 U 42
44 0 U 43
45 0 U 44
46 0 U 45
47 0 U 46
48 0 U 47
49 0 U 48
50 0 U -1
51 0 U 50
52 0 U 51
53 0 U 52
54 0 U 53
55 0 U 54
56 0 U 55
57 0 U 56
58 0 U 57
59 0 U 58
60 0 U -1
61 0 U 60
62 0 U 61
63 0 U 62
64 0 U 63
65 0 U 64
66 0 U 65
67 0 U 66
68 0 U 67
69 0 U 68
70 0 U -1
71 0 U 70
72 0 U 71
73 0 U 72
74 0 U 73
75 0 U 74
76 0 U 75
77 0 U 76
78 0 U 77
79 0 U 78
80 0 U -1
81 0 U 80
82 0 U 81
83 0 U 82
84 0 U 83
85 0 U 84
86 0 U 85
87 0 U 86
88 0 U 87
89 0 U 88
90 0 U -1
91 0 U 90
92 0 U 91
93 0 U 92
94 0 U 93
95 0 U 94
96 0 U 95
97 0 U 96
98 0 U 97
99 0 U 98
# score :2 1724241
# W : 41293 , H : 55171 W + H : 96464
100
0 1 U -1
1 1 U 0
2 1 U 1
3 1 U 2
4 0 U 3
5 1 U 4
6 0 U 5
7 0 U 6
8 1 U 7
9 0 U 8
10 0 U -1
11 0 U 10
12 1 U 11
13 1 U 12
14 1 U 13
15 0 U 14
16 1 U 15
17 1 U 16
18 1 U 17
19 0 U 18
20 0 U -1
21 0 U 20
22 0 U 21
23 0 U 22
24 0 U 23
25 1 U 24
26 1 U 25
27 1 U 26
28 1 U 27
29 0 U 28
30 1 U -1
31 1 U 30
32 1 U 31
33 1 U 32
34 0 U 33
35 1 U 34
36 1 U 35
37 0 U 36
38 0 U 37
39 1 U 38
40 1 U -1
41 1 U 40
42 0 U 41
43 0 U 42
44 1 U 43
45 0 U 44
46 0 U 45
47 1 U 46
48 0 U 47
49 1 U 48
50 1 U -1
51 0 U 50
52 0 U 51
53 0 U 52
54 0 U 53
55 0 U 54
56 0 U 55
57 1 U 56
58 0 U 57
59 0 U 58
60 1 U -1
61 1 U 60
62 0 U 61
63 1 U 62
64 1 U 63
65 0 U 64
66 1 U 65
67 0 U 66
68 1 U 67
69 1 U 68
70 0 U -1
71 0 U 70
72 1 U 71
73 0 U 72
74 0 U 73
75 1 U 74
76 0 U 75
77 0 U 76
78 0 U 77
79 1 U 78
80 1 U -1
81 1 U 80
82 0 U 81
83 1 U 82
84 0 U 83
85 0 U 84
86 0 U 85
87 0 U 86
88 1 U 87
89 0 U 88
90 0 U -1
91 1 U 90
92 0 U 91
93 0 U 92
94 0 U 93
95 0 U 94
96 0 U 95
97 1 U 96
98 0 U 97
99 0 U 98
# score :3 1648087
# W : 52190 , H : 50154 W + H : 102344
100
0 0 U -1
1 0 U 0
2 0 U 1
3 0 U 2
4 0 U 3
5 0 U 4
6 0 U 5
7 0 U 6
8 0 U 7
9 0 U 8
10 0 U -1
11 0 U 10
12 0 U 11
13 0 U 12
14 0 U 13
15 0 U 14
16 0 U 15
17 0 U 16
18 0 U 17
19 0 U 18
20 0 U -1
21 0 U 20
22 0 U 21
23 0 U 22
24 0 U 23
25 0 U 24
26 0 U 25
27 0 U 26
28 0 U 27
29 0 U 28
30 0 U -1
31 0 U 30
32 0 U 31
33 0 U 32
34 0 U 33
35 0 U 34
36 0 U 35
37 0 U 36
38 0 U 37
39 0 U 38
40 0 U -1
41 0 U 40
42 0 U 41
43 0 U 42
44 0 U 43
45 0 U 44
46 0 U 45
47 0 U 46
48 0 U 47
49 0 U 48
50 0 U -1
51 0 U 50
52 0 U 51
53 0 U 52
54 0 U 53
55 0 U 54
56 0 U 55
57 0 U 56
58 0 U 57
59 0 U 58
60 0 U -1
61 0 U 60
62 0 U 61
63 0 U 62
64 0 U 63
65 0 U 64
66 0 U 65
67 0 U 66
68 0 U 67
69 0 U 68
70 0 U -1
71 0 U 70
72 0 U 71
73 0 U 72
74 0 U 73
75 0 U 74
76 0 U 75
77 0 U 76
78 0 U 77
79 0 U 78
80 0 U -1
81 0 U 80
82 0 U 81
83 0 U 82
84 0 U 83
85 0 U 84
86 0 U 85
87 0 U 86
88 0 U 87
89 0 U 88
90 0 U -1
91 0 U 90
92 0 U 91
93 0 U 92
94 0 U 93
95 0 U 94
96 0 U 95
97 0 U 96
98 0 U 97
99 0 U 98
# score :4 1738384
# W : 64812 , H : 36304 W + H : 101116
100
0 1 U -1
1 1 U 0
2 1 U 1
3 1 U 2
4 0 U 3
5 1 U 4
6 0 U 5
7 0 U 6
8 1 U 7
9 0 U 8
10 0 U -1
11 0 U 10
12 1 U 11
13 1 U 12
14 1 U 13
15 0 U 14
16 1 U 15
17 1 U 16
18 1 U 17
19 0 U 18
20 0 U -1
21 0 U 20
22 0 U 21
23 0 U 22
24 0 U 23
25 1 U 24
26 1 U 25
27 1 U 26
28 1 U 27
29 0 U 28
30 1 U -1
31 1 U 30
32 1 U 31
33 1 U 32
34 0 U 33
35 1 U 34
36 1 U 35
37 0 U 36
38 0 U 37
39 1 U 38
40 1 U -1
41 1 U 40
42 0 U 41
43 0 U 42
44 1 U 43
45 0 U 44
46 0 U 45
47 1 U 46
48 0 U 47
49 1 U 48
50 1 U -1
51 0 U 50
52 0 U 51
53 0 U 52
54 0 U 53
55 0 U 54
56 0 U 55
57 1 U 56
58 0 U 57
59 0 U 58
60 1 U -1
61 1 U 60
62 0 U 61
63 1 U 62
64 1 U 63
65 0 U 64
66 1 U 65
67 0 U 66
68 1 U 67
69 1 U 68
70 0 U -1
71 0 U 70
72 1 U 71
73 0 U 72
74 0 U 73
75 1 U 74
76 0 U 75
77 0 U 76
78 0 U 77
79 1 U 78
80 1 U -1
81 1 U 80
82 0 U 81
83 1 U 82
84 0 U 83
85 0 U 84
86 0 U 85
87 0 U 86
88 1 U 87
89 0 U 88
90 0 U -1
91 1 U 90
92 0 U 91
93 0 U 92
94 0 U 93
95 0 U 94
96 0 U 95
97 1 U 96
98 0 U 97
99 0 U 98
# score :5 1627762
# W : 63611 , H : 66756 W + H : 130367
100
0 0 U -1
1 0 U 0
2 0 U 1
3 0 U 2
4 0 U 3
5 0 U 4
6 0 U 5
7 0 U 6
8 0 U 7
9 0 U 8
10 0 U -1
11 0 U 10
12 0 U 11
13 0 U 12
14 0 U 13
15 0 U 14
16 0 U 15
17 0 U 16
18 0 U 17
19 0 U 18
20 0 U -1
21 0 U 20
22 0 U 21
23 0 U 22
24 0 U 23
25 0 U 24
26 0 U 25
27 0 U 26
28 0 U 27
29 0 U 28
30 0 U -1
31 0 U 30
32 0 U 31
33 0 U 32
34 0 U 33
35 0 U 34
36 0 U 35
37 0 U 36
38 0 U 37
39 0 U 38
40 0 U -1
41 0 U 40
42 0 U 41
43 0 U 42
44 0 U 43
45 0 U 44
46 0 U 45
47 0 U 46
48 0 U 47
49 0 U 48
50 0 U -1
51 0 U 50
52 0 U 51
53 0 U 52
54 0 U 53
55 0 U 54
56 0 U 55
57 0 U 56
58 0 U 57
59 0 U 58
60 0 U -1
61 0 U 60
62 0 U 61
63 0 U 62
64 0 U 63
65 0 U 64
66 0 U 65
67 0 U 66
68 0 U 67
69 0 U 68
70 0 U -1
71 0 U 70
72 0 U 71
73 0 U 72
74 0 U 73
75 0 U 74
76 0 U 75
77 0 U 76
78 0 U 77
79 0 U 78
80 0 U -1
81 0 U 80
82 0 U 81
83 0 U 82
84 0 U 83
85 0 U 84
86 0 U 85
87 0 U 86
88 0 U 87
89 0 U 88
90 0 U -1
91 0 U 90
92 0 U 91
93 0 U 92
94 0 U 93
95 0 U 94
96 0 U 95
97 0 U 96
98 0 U 97
99 0 U 98
# score :6 1740834
# W : 84644 , H : 74912 W + H : 159556
100
0 1 U -1
1 1 U 0
2 1 U 1
3 1 U 2
4 0 U 3
5 1 U 4
6 0 U 5
7 0 U 6
8 1 U 7
9 0 U 8
10 0 U -1
11 0 U 10
12 1 U 11
13 1 U 12
14 1 U 13
15 0 U 14
16 1 U 15
17 1 U 16
18 1 U 17
19 0 U 18
20 0 U -1
21 0 U 20
22 0 U 21
23 0 U 22
24 0 U 23
25 1 U 24
26 1 U 25
27 1 U 26
28 1 U 27
29 0 U 28
30 1 U -1
31 1 U 30
32 1 U 31
33 1 U 32
34 0 U 33
35 1 U 34
36 1 U 35
37 0 U 36
38 0 U 37
39 1 U 38
40 1 U -1
41 1 U 40
42 0 U 41
43 0 U 42
44 1 U 43
45 0 U 44
46 0 U 45
47 1 U 46
48 0 U 47
49 1 U 48
50 1 U -1
51 0 U 50
52 0 U 51
53 0 U 52
54 0 U 53
55 0 U 54
56 0 U 55
57 1 U 56
58 0 U 57
59 0 U 58
60 1 U -1
61 1 U 60
62 0 U 61
63 1 U 62
64 1 U 63
65 0 U 64
66 1 U 65
67 0 U 66
68 1 U 67
69 1 U 68
70 0 U -1
71 0 U 70
72 1 U 71
73 0 U 72
74 0 U 73
75 1 U 74
76 0 U 75
77 0 U 76
78 0 U 77
79 1 U 78
80 1 U -1
81 1 U 80
82 0 U 81
83 1 U 82
84 0 U 83
85 0 U 84
86 0 U 85
87 0 U 86
88 1 U 87
89 0 U 88
90 0 U -1
91 1 U 90
92 0 U 91
93 0 U 92
94 0 U 93
95 0 U 94
96 0 U 95
97 1 U 96
98 0 U 97
99 0 U 98
# score :7 1648166
# W : 93401 , H : 81846 W + H : 175247
100
0 0 U -1
1 1 U 0
2 1 U 1
3 0 U 2
4 0 U 3
5 0 U 4
6 0 U 5
7 0 U 6
8 1 U 7
9 0 U 8
10 1 U -1
11 1 U 10
12 1 U 11
13 1 U 12
14 1 U 13
15 0 U 14
16 1 U 15
17 1 U 16
18 1 U 17
19 1 U 18
20 0 U -1
21 0 U 20
22 1 U 21
23 1 U 22
24 0 U 23
25 1 U 24
26 1 U 25
27 1 U 26
28 0 U 27
29 1 U 28
30 0 U -1
31 0 U 30
32 1 U 31
33 1 U 32
34 1 U 33
35 1 U 34
36 1 U 35
37 1 U 36
38 0 U 37
39 1 U 38
40 1 U -1
41 1 U 40
42 1 U 41
43 1 U 42
44 0 U 43
45 0 U 44
46 1 U 45
47 0 U 46
48 1 U 47
49 0 U 48
50 1 U -1
51 1 U 50
52 0 U 51
53 0 U 52
54 1 U 53
55 1 U 54
56 1 U 55
57 1 U 56
58 0 U 57
59 0 U 58
60 1 U -1
61 0 U 60
62 0 U 61
63 0 U 62
64 0 U 63
65 0 U 64
66 1 U 65
67 0 U 66
68 1 U 67
69 0 U 68
70 0 U -1
71 0 U 70
72 0 U 71
73 0 U 72
74 0 U 73
75 0 U 74
76 0 U 75
77 0 U 76
78 1 U 77
79 1 U 78
80 0 U -1
81 1 U 80
82 0 U 81
83 1 U 82
84 1 U 83
85 0 U 84
86 1 U 85
87 0 U 86
88 1 U 87
89 1 U 88
90 1 U -1
91 0 U 90
92 1 U 91
93 1 U 92
94 1 U 93
95 0 U 94
96 0 U 95
97 0 U 96
98 1 U 97
99 1 U 98
# score :8 1684975
# W : 67603 , H : 79312 W + H : 146915
100
0 0 U -1
1 1 U 0
2 1 U 1
3 1 U 2
4 0 U 3
5 0 U 4
6 1 U 5
7 0 U 6
8 0 U 7
9 1 U 8
10 1 U -1
11 1 U 10
12 0 U 11
13 1 U 12
14 0 U 13
15 0 U 14
16 1 U 15
17 0 U 16
18 0 U 17
19 0 U 18
20 0 U -1
21 1 U 20
22 0 U 21
23 1 U 22
24 1 U 23
25 1 U 24
26 1 U 25
27 1 U 26
28 0 U 27
29 1 U 28
30 0 U -1
31 0 U 30
32 0 U 31
33 0 U 32
34 0 U 33
35 1 U 34
36 1 U 35
37 1 U 36
38 0 U 37
39 1 U 38
40 0 U -1
41 0 U 40
42 1 U 41
43 1 U 42
44 0 U 43
45 1 U 44
46 1 U 45
47 1 U 46
48 0 U 47
49 0 U 48
50 1 U -1
51 1 U 50
52 0 U 51
53 0 U 52
54 0 U 53
55 1 U 54
56 1 U 55
57 0 U 56
58 0 U 57
59 0 U 58
60 1 U -1
61 0 U 60
62 0 U 61
63 1 U 62
64 1 U 63
65 0 U 64
66 1 U 65
67 0 U 66
68 1 U 67
69 0 U 68
70 1 U -1
71 0 U 70
72 1 U 71
73 0 U 72
74 1 U 73
75 1 U 74
76 1 U 75
77 1 U 76
78 0 U 77
79 0 U 78
80 1 U -1
81 0 U 80
82 1 U 81
83 0 U 82
84 0 U 83
85 1 U 84
86 0 U 85
87 1 U 86
88 1 U 87
89 0 U 88
90 0 U -1
91 1 U 90
92 1 U 91
93 1 U 92
94 0 U 93
95 0 U 94
96 1 U 95
97 0 U 96
98 1 U 97
99 0 U 98
# score :9 1670403
# W : 73320 , H : 41219 W + H : 114539
100
0 0 U -1
1 1 U 0
2 1 U 1
3 0 U 2
4 1 U 3
5 1 U 4
6 1 U 5
7 0 U 6
8 1 U 7
9 1 U 8
10 1 U -1
11 0 U 10
12 0 U 11
13 0 U 12
14 1 U 13
15 1 U 14
16 0 U 15
17 1 U 16
18 0 U 17
19 1 U 18
20 0 U -1
21 0 U 20
22 0 U 21
23 1 U 22
24 1 U 23
25 0 U 24
26 1 U 25
27 0 U 26
28 0 U 27
29 1 U 28
30 1 U -1
31 1 U 30
32 1 U 31
33 0 U 32
34 1 U 33
35 0 U 34
36 0 U 35
37 1 U 36
38 1 U 37
39 1 U 38
40 0 U -1
41 0 U 40
42 0 U 41
43 1 U 42
44 1 U 43
45 1 U 44
46 1 U 45
47 0 U 46
48 0 U 47
49 0 U 48
50 1 U -1
51 0 U 50
52 0 U 51
53 1 U 52
54 0 U 53
55 1 U 54
56 1 U 55
57 1 U 56
58 0 U 57
59 1 U 58
60 0 U -1
61 1 U 60
62 1 U 61
63 1 U 62
64 0 U 63
65 0 U 64
66 0 U 65
67 0 U 66
68 1 U 67
69 1 U 68
70 1 U -1
71 1 U 70
72 1 U 71
73 0 U 72
74 1 U 73
75 0 U 74
76 1 U 75
77 1 U 76
78 1 U 77
79 1 U 78
80 1 U -1
81 1 U 80
82 0 U 81
83 0 U 82
84 0 U 83
85 0 U 84
86 1 U 85
87 1 U 86
88 1 U 87
89 1 U 88
90 1 U -1
91 1 U 90
92 1 U 91
93 0 U 92
94 0 U 93
95 0 U 94
96 1 U 95
97 1 U 96
98 0 U 97
99 0 U 98
# score :10 1706942
# W : 42621 , H : 39810 W + H : 82431
100
0 1 U -1
1 0 U 0
2 1 U 1
3 1 U 2
4 0 U 3
5 0 U 4
6 1 U 5
7 0 U 6
8 1 U 7
9 0 U 8
10 1 U -1
11 1 U 10
12 0 U 11
13 0 U 12
14 1 U 13
15 1 U 14
16 1 U 15
17 0 U 16
18 0 U 17
19 1 U 18
20 0 U -1
21 0 U 20
22 1 U 21
23 1 U 22
24 1 U 23
25 1 U 24
26 1 U 25
27 0 U 26
28 1 U 27
29 1 U 28
30 0 U -1
31 1 U 30
32 1 U 31
33 1 U 32
34 1 U 33
35 0 U 34
36 1 U 35
37 0 U 36
38 0 U 37
39 1 U 38
40 0 U -1
41 1 U 40
42 0 U 41
43 0 U 42
44 1 U 43
45 0 U 44
46 1 U 45
47 0 U 46
48 1 U 47
49 1 U 48
50 1 U -1
51 0 U 50
52 1 U 51
53 1 U 52
54 1 U 53
55 0 U 54
56 1 U 55
57 1 U 56
58 0 U 57
59 1 U 58
60 1 U -1
61 0 U 60
62 1 U 61
63 0 U 62
64 0 U 63
65 0 U 64
66 0 U 65
67 1 U 66
68 0 U 67
69 0 U 68
70 0 U -1
71 0 U 70
72 0 U 71
73 0 U 72
74 0 U 73
75 1 U 74
76 0 U 75
77 0 U 76
78 0 U 77
79 1 U 78
80 0 U -1
81 1 U 80
82 0 U 81
83 0 U 82
84 1 U 83
85 1 U 84
86 1 U 85
87 1 U 86
88 1 U 87
89 1 U 88
90 0 U -1
91 1 U 90
92 1 U 91
93 1 U 92
94 1 U 93
95 0 U 94
96 1 U 95
97 1 U 96
98 0 U 97
99 0 U 98
# score :11 1774728
# W : 99314 , H : 79649 W + H : 178963
100
0 1 U -1
1 0 U 0
2 1 U 1
3 0 U 2
4 1 U 3
5 0 U 4
6 0 U 5
7 0 U 6
8 1 U 7
9 0 U 8
10 0 U -1
11 0 U 10
12 1 U 11
13 0 U 12
14 0 U 13
15 1 U 14
16 0 U 15
17 1 U 16
18 0 U 17
19 1 U 18
20 0 U -1
21 0 U 20
22 1 U 21
23 1 U 22
24 1 U 23
25 1 U 24
26 1 U 25
27 0 U 26
28 1 U 27
29 1 U 28
30 1 U -1
31 0 U 30
32 0 U 31
33 0 U 32
34 0 U 33
35 0 U 34
36 0 U 35
37 1 U 36
38 1 U 37
39 1 U 38
40 1 U -1
41 0 U 40
42 0 U 41
43 0 U 42
44 0 U 43
45 0 U 44
46 1 U 45
47 1 U 46
48 1 U 47
49 1 U 48
50 1 U -1
51 1 U 50
52 1 U 51
53 0 U 52
54 0 U 53
55 1 U 54
56 1 U 55
57 0 U 56
58 0 U 57
59 1 U 58
60 0 U -1
61 0 U 60
62 1 U 61
63 1 U 62
64 0 U 63
65 0 U 64
66 0 U 65
67 0 U 66
68 1 U 67
69 1 U 68
70 0 U -1
71 0 U 70
72 1 U 71
73 1 U 72
74 0 U 73
75 0 U 74
76 1 U 75
77 1 U 76
78 1 U 77
79 0 U 78
80 0 U -1
81 1 U 80
82 0 U 81
83 0 U 82
84 1 U 83
85 0 U 84
86 0 U 85
87 1 U 86
88 0 U 87
89 1 U 88
90 0 U -1
91 0 U 90
92 0 U 91
93 0 U 92
94 1 U 93
95 0 U 94
96 1 U 95
97 1 U 96
98 0 U 97
99 0 U 98
# score :12 1646820
# W : 53850 , H : 80075 W + H : 133925
100
0 0 U -1
1 1 U 0
2 0 U 1
3 0 U 2
4 0 U 3
5 0 U 4
6 0 U 5
7 1 U 6
8 1 U 7
9 1 U 8
10 0 U -1
11 0 U 10
12 0 U 11
13 1 U 12
14 1 U 13
15 0 U 14
16 1 U 15
17 0 U 16
18 1 U 17
19 1 U 18
20 0 U -1
21 1 U 20
22 0 U 21
23 1 U 22
24 0 U 23
25 0 U 24
26 1 U 25
27 1 U 26
28 0 U 27
29 1 U 28
30 0 U -1
31 0 U 30
32 0 U 31
33 1 U 32
34 0 U 33
35 1 U 34
36 0 U 35
37 1 U 36
38 1 U 37
39 1 U 38
40 0 U -1
41 1 U 40
42 1 U 41
43 0 U 42
44 0 U 43
45 0 U 44
46 0 U 45
47 1 U 46
48 0 U 47
49 0 U 48
50 0 U -1
51 1 U 50
52 0 U 51
53 1 U 52
54 0 U 53
55 0 U 54
56 1 U 55
57 0 U 56
58 1 U 57
59 1 U 58
60 0 U -1
61 0 U 60
62 0 U 61
63 1 U 62
64 1 U 63
65 0 U 64
66 0 U 65
67 0 U 66
68 1 U 67
69 1 U 68
70 0 U -1
71 1 U 70
72 1 U 71
73 1 U 72
74 0 U 73
75 1 U 74
76 0 U 75
77 0 U 76
78 1 U 77
79 0 U 78
80 1 U -1
81 0 U 80
82 0 U 81
83 1 U 82
84 1 U 83
85 1 U 84
86 1 U 85
87 1 U 86
88 1 U 87
89 0 U 88
90 1 U -1
91 1 U 90
92 1 U 91
93 1 U 92
94 0 U 93
95 0 U 94
96 0 U 95
97 0 U 96
98 1 U 97
99 0 U 98
# score :13 1749256
# W : 43281 , H : 99639 W + H : 142920
100
0 0 U -1
1 1 U 0
2 1 U 1
3 1 U 2
4 0 U 3
5 0 U 4
6 1 U 5
7 0 U 6
8 0 U 7
9 0 U 8
10 0 U -1
11 1 U 10
12 1 U 11
13 1 U 12
14 1 U 13
15 1 U 14
16 1 U 15
17 1 U 16
18 1 U 17
19 0 U 18
20 1 U -1
21 1 U 20
22 1 U 21
23 0 U 22
24 1 U 23
25 0 U 24
26 0 U 25
27 1 U 26
28 1 U 27
29 1 U 28
30 1 U -1
31 0 U 30
32 0 U 31
33 0 U 32
34 1 U 33
35 1 U 34
36 1 U 35
37 1 U 36
38 0 U 37
39 0 U 38
40 1 U -1
41 1 U 40
42 0 U 41
43 1 U 42
44 0 U 43
45 0 U 44
46 1 U 45
47 0 U 46
48 0 U 47
49 0 U 48
50 0 U -1
51 0 U 50
52 1 U 51
53 1 U 52
54 0 U 53
55 0 U 54
56 0 U 55
57 0 U 56
58 1 U 57
59 0 U 58
60 1 U -1
61 1 U 60
62 0 U 61
63 0 U 62
64 0 U 63
65 1 U 64
66 1 U 65
67 0 U 66
68 1 U 67
69 1 U 68
70 1 U -1
71 0 U 70
72 1 U 71
73 0 U 72
74 1 U 73
75 1 U 74
76 1 U 75
77 0 U 76
78 0 U 77
79 1 U 78
80 1 U -1
81 1 U 80
82 0 U 81
83 0 U 82
84 1 U 83
85 0 U 84
86 1 U 85
87 1 U 86
88 0 U 87
89 0 U 88
90 1 U -1
91 1 U 90
92 1 U 91
93 1 U 92
94 0 U 93
95 1 U 94
96 0 U 95
97 0 U 96
98 1 U 97
99 0 U 98
# score :14 1719117
# W : 49736 , H : 89061 W + H : 138797
100
0 0 U -1
1 0 U 0
2 1 U 1
3 0 U 2
4 0 U 3
5 0 U 4
6 1 U 5
7 1 U 6
8 1 U 7
9 1 U 8
10 0 U -1
11 1 U 10
12 0 U 11
13 0 U 12
14 1 U 13
15 0 U 14
16 1 U 15
17 0 U 16
18 1 U 17
19 0 U 18
20 0 U -1
21 1 U 20
22 1 U 21
23 0 U 22
24 0 U 23
25 0 U 24
26 0 U 25
27 0 U 26
28 1 U 27
29 1 U 28
30 0 U -1
31 1 U 30
32 0 U 31
33 0 U 32
34 1 U 33
35 0 U 34
36 0 U 35
37 1 U 36
38 1 U 37
39 0 U 38
40 1 U -1
41 0 U 40
42 0 U 41
43 0 U 42
44 0 U 43
45 1 U 44
46 1 U 45
47 0 U 46
48 0 U 47
49 1 U 48
50 0 U -1
51 0 U 50
52 0 U 51
53 1 U 52
54 1 U 53
55 1 U 54
56 0 U 55
57 0 U 56
58 1 U 57
59 1 U 58
60 1 U -1
61 1 U 60
62 1 U 61
63 0 U 62
64 0 U 63
65 1 U 64
66 0 U 65
67 1 U 66
68 0 U 67
69 1 U 68
70 0 U -1
71 0 U 70
72 0 U 71
73 0 U 72
74 0 U 73
75 0 U 74
76 1 U 75
77 1 U 76
78 0 U 77
79 0 U 78
80 1 U -1
81 1 U 80
82 0 U 81
83 0 U 82
84 0 U 83
85 0 U 84
86 1 U 85
87 0 U 86
88 0 U 87
89 1 U 88
90 0 U -1
91 0 U 90
92 1 U 91
93 0 U 92
94 1 U 93
95 0 U 94
96 0 U 95
97 0 U 96
98 0 U 97
99 0 U 98
# score :15 1741228
# W : 62378 , H : 42110 W + H : 104488
100
0 1 U -1
1 1 U 0
2 0 U 1
3 0 U 2
4 0 U 3
5 1 U 4
6 0 U 5
7 0 U 6
8 1 U 7
9 1 U 8
10 0 U -1
11 1 U 10
12 1 U 11
13 0 U 12
14 1 U 13
15 0 U 14
16 0 U 15
17 0 U 16
18 1 U 17
19 1 U 18
20 1 U -1
21 0 U 20
22 0 U 21
23 0 U 22
24 1 U 23
25 0 U 24
26 0 U 25
27 0 U 26
28 0 U 27
29 1 U 28
30 1 U -1
31 0 U 30
32 0 U 31
33 1 U 32
34 1 U 33
35 0 U 34
36 0 U 35
37 1 U 36
38 1 U 37
39 1 U 38
40 1 U -1
41 0 U 40
42 0 U 41
43 0 U 42
44 0 U 43
45 1 U 44
46 1 U 45
47 0 U 46
48 1 U 47
49 0 U 48
50 1 U -1
51 1 U 50
52 1 U 51
53 0 U 52
54 1 U 53
55 0 U 54
56 1 U 55
57 0 U 56
58 1 U 57
59 0 U 58
60 0 U -1
61 0 U 60
62 1 U 61
63 1 U 62
64 0 U 63
65 1 U 64
66 1 U 65
67 0 U 66
68 1 U 67
69 0 U 68
70 0 U -1
71 0 U 70
72 0 U 71
73 0 U 72
74 1 U 73
75 1 U 74
76 1 U 75
77 0 U 76
78 0 U 77
79 1 U 78
80 1 U -1
81 1 U 80
82 0 U 81
83 1 U 82
84 0 U 83
85 1 U 84
86 1 U 85
87 1 U 86
88 0 U 87
89 1 U 88
90 1 U -1
91 1 U 90
92 0 U 91
93 1 U 92
94 0 U 93
95 1 U 94
96 1 U 95
97 1 U 96
98 1 U 97
99 0 U 98
# score :16 1644535
# W : 48697 , H : 90542 W + H : 139239
100
0 1 U -1
1 1 U 0
2 0 U 1
3 1 U 2
4 0 U 3
5 1 U 4
6 0 U 5
7 1 U 6
8 0 U 7
9 1 U 8
10 1 U -1
11 0 U 10
12 1 U 11
13 0 U 12
14 1 U 13
15 0 U 14
16 1 U 15
17 1 U 16
18 1 U 17
19 0 U 18
20 0 U -1
21 1 U 20
22 0 U 21
23 0 U 22
24 1 U 23
25 0 U 24
26 1 U 25
27 1 U 26
28 1 U 27
29 0 U 28
30 0 U -1
31 1 U 30
32 1 U 31
33 1 U 32
34 1 U 33
35 1 U 34
36 0 U 35
37 1 U 36
38 1 U 37
39 0 U 38
40 1 U -1
41 0 U 40
42 1 U 41
43 0 U 42
44 1 U 43
45 0 U 44
46 0 U 45
47 0 U 46
48 0 U 47
49 0 U 48
50 1 U -1
51 0 U 50
52 1 U 51
53 1 U 52
54 0 U 53
55 1 U 54
56 1 U 55
57 0 U 56
58 1 U 57
59 0 U 58
60 0 U -1
61 1 U 60
62 1 U 61
63 1 U 62
64 1 U 63
65 1 U 64
66 0 U 65
67 1 U 66
68 0 U 67
69 0 U 68
70 0 U -1
71 0 U 70
72 0 U 71
73 0 U 72
74 1 U 73
75 1 U 74
76 0 U 75
77 0 U 76
78 1 U 77
79 1 U 78
80 0 U -1
81 0 U 80
82 0 U 81
83 0 U 82
84 0 U 83
85 0 U 84
86 1 U 85
87 0 U 86
88 0 U 87
89 1 U 88
90 0 U -1
91 0 U 90
92 0 U 91
93 0 U 92
94 0 U 93
95 0 U 94
96 1 U 95
97 0 U 96
98 1 U 97
99 0 U 98
# score :17 1812952
# W : 54316 , H : 97468 W + H : 151784
100
0 0 U -1
1 0 U 0
2 1 U 1
3 0 U 2
4 0 U 3
5 0 U 4
6 1 U 5
7 1 U 6
8 0 U 7
9 1 U 8
10 1 U -1
11 1 U 10
12 1 U 11
13 1 U 12
14 0 U 13
15 1 U 14
16 1 U 15
17 0 U 16
18 1 U 17
19 0 U 18
20 0 U -1
21 0 U 20
22 1 U 21
23 0 U 22
24 1 U 23
25 0 U 24
26 1 U 25
27 1 U 26
28 0 U 27
29 0 U 28
30 1 U -1
31 1 U 30
32 1 U 31
33 0 U 32
34 0 U 33
35 0 U 34
36 0 U 35
37 0 U 36
38 1 U 37
39 0 U 38
40 0 U -1
41 0 U 40
42 0 U 41
43 0 U 42
44 0 U 43
45 0 U 44
46 0 U 45
47 0 U 46
48 0 U 47
49 1 U 48
50 0 U -1
51 1 U 50
52 0 U 51
53 0 U 52
54 1 U 53
55 0 U 54
56 0 U 55
57 1 U 56
58 1 U 57
59 0 U 58
60 0 U -1
61 1 U 60
62 0 U 61
63 0 U 62
64 0 U 63
65 0 U 64
66 1 U 65
67 0 U 66
68 1 U 67
69 1 U 68
70 0 U -1
71 0 U 70
72 0 U 71
73 1 U 72
74 1 U 73
75 0 U 74
76 0 U 75
77 0 U 76
78 1 U 77
79 1 U 78
80 0 U -1
81 1 U 80
82 1 U 81
83 1 U 82
84 0 U 83
85 0 U 84
86 0 U 85
87 0 U 86
88 0 U 87
89 1 U 88
90 0 U -1
91 0 U 90
92 1 U 91
93 0 U 92
94 0 U 93
95 0 U 94
96 1 U 95
97 0 U 96
98 1 U 97
99 1 U 98
# score :18 1762139
# W : 42705 , H : 59921 W + H : 102626
100
0 0 U -1
1 1 U 0
2 1 U 1
3 0 U 2
4 0 U 3
5 1 U 4
6 1 U 5
7 1 U 6
8 1 U 7
9 1 U 8
10 1 U -1
11 0 U 10
12 0 U 11
13 1 U 12
14 0 U 13
15 1 U 14
16 0 U 15
17 0 U 16
18 1 U 17
19 0 U 18
20 0 U -1
21 1 U 20
22 1 U 21
23 1 U 22
24 1 U 23
25 1 U 24
26 0 U 25
27 1 U 26
28 1 U 27
29 0 U 28
30 1 U -1
31 1 U 30
32 1 U 31
33 1 U 32
34 1 U 33
35 0 U 34
36 1 U 35
37 1 U 36
38 1 U 37
39 0 U 38
40 1 U -1
41 0 U 40
42 1 U 41
43 0 U 42
44 0 U 43
45 1 U 44
46 0 U 45
47 1 U 46
48 0 U 47
49 0 U 48
50 1 U -1
51 1 U 50
52 0 U 51
53 0 U 52
54 0 U 53
55 1 U 54
56 1 U 55
57 1 U 56
58 1 U 57
59 1 U 58
60 1 U -1
61 1 U 60
62 1 U 61
63 0 U 62
64 0 U 63
65 1 U 64
66 1 U 65
67 0 U 66
68 0 U 67
69 1 U 68
70 0 U -1
71 0 U 70
72 1 U 71
73 0 U 72
74 1 U 73
75 0 U 74
76 1 U 75
77 1 U 76
78 0 U 77
79 0 U 78
80 1 U -1
81 0 U 80
82 0 U 81
83 1 U 82
84 0 U 83
85 0 U 84
86 0 U 85
87 1 U 86
88 0 U 87
89 0 U 88
90 0 U -1
91 1 U 90
92 0 U 91
93 1 U 92
94 1 U 93
95 1 U 94
96 1 U 95
97 0 U 96
98 0 U 97
99 0 U 98
# score :19 1712397
# W : 48523 , H : 41913 W + H : 90436
100
0 1 U -1
1 1 U 0
2 1 U 1
3 0 U 2
4 1 U 3
5 0 U 4
6 1 U 5
7 0 U 6
8 0 U 7
9 0 U 8
10 1 U -1
11 0 U 10
12 1 U 11
13 0 U 12
14 0 U 13
15 1 U 14
16 0 U 15
17 1 U 16
18 1 U 17
19 1 U 18
20 1 U -1
21 0 U 20
22 0 U 21
23 1 U 22
24 1 U 23
25 1 U 24
26 1 U 25
27 1 U 26
28 1 U 27
29 0 U 28
30 0 U -1
31 0 U 30
32 1 U 31
33 1 U 32
34 0 U 33
35 0 U 34
36 0 U 35
37 1 U 36
38 1 U 37
39 1 U 38
40 0 U -1
41 0 U 40
42 0 U 41
43 1 U 42
44 0 U 43
45 1 U 44
46 1 U 45
47 0 U 46
48 0 U 47
49 1 U 48
50 1 U -1
51 1 U 50
52 1 U 51
53 0 U 52
54 0 U 53
55 0 U 54
56 0 U 55
57 0 U 56
58 0 U 57
59 1 U 58
60 0 U -1
61 0 U 60
62 0 U 61
63 0 U 62
64 1 U 63
65 1 U 64
66 0 U 65
67 0 U 66
68 0 U 67
69 0 U 68
70 0 U -1
71 1 U 70
72 0 U 71
73 1 U 72
74 1 U 73
75 0 U 74
76 0 U 75
77 0 U 76
78 1 U 77
79 0 U 78
80 1 U -1
81 0 U 80
82 1 U 81
83 1 U 82
84 0 U 83
85 1 U 84
86 1 U 85
87 0 U 86
88 0 U 87
89 1 U 88
90 1 U -1
91 1 U 90
92 0 U 91
93 0 U 92
94 1 U 93
95 1 U 94
96 0 U 95
97 1 U 96
98 1 U 97
99 1 U 98
# score :20 1746575
# W : 69851 , H : 56917 W + H : 126768
100
0 1 U -1
1 0 U 0
2 1 U 1
3 0 U 2
4 0 U 3
5 1 U 4
6 0 U 5
7 1 U 6
8 0 U 7
9 1 U 8
10 0 U -1
11 0 U 10
12 0 U 11
13 0 U 12
14 1 U 13
15 1 U 14
16 0 U 15
17 0 U 16
18 0 U 17
19 0 U 18
20 0 U -1
21 1 U 20
22 0 U 21
23 0 U 22
24 0 U 23
25 1 U 24
26 1 U 25
27 0 U 26
28 0 U 27
29 0 U 28
30 1 U -1
31 0 U 30
32 0 U 31
33 0 U 32
34 1 U 33
35 0 U 34
36 1 U 35
37 0 U 36
38 1 U 37
39 0 U 38
40 0 U -1
41 0 U 40
42 0 U 41
43 1 U 42
44 1 U 43
45 1 U 44
46 1 U 45
47 0 U 46
48 1 U 47
49 0 U 48
50 0 U -1
51 1 U 50
52 1 U 51
53 1 U 52
54 1 U 53
55 0 U 54
56 0 U 55
57 1 U 56
58 0 U 57
59 1 U 58
60 0 U -1
61 1 U 60
62 0 U 61
63 1 U 62
64 1 U 63
65 0 U 64
66 1 U 65
67 0 U 66
68 0 U 67
69 0 U 68
70 1 U -1
71 0 U 70
72 1 U 71
73 0 U 72
74 0 U 73
75 0 U 74
76 0 U 75
77 0 U 76
78 0 U 77
79 1 U 78
80 0 U -1
81 0 U 80
82 1 U 81
83 1 U 82
84 0 U 83
85 0 U 84
86 1 U 85
87 1 U 86
88 1 U 87
89 0 U 88
90 1 U -1
91 0 U 90
92 1 U 91
93 0 U 92
94 0 U 93
95 0 U 94
96 1 U 95
97 0 U 96
98 1 U 97
99 0 U 98
# score :21 1758288
# W : 87975 , H : 64695 W + H : 152670
100
0 1 U -1
1 0 U 0
2 0 U 1
3 1 U 2
4 1 U 3
5 0 U 4
6 1 U 5
7 0 U 6
8 1 U 7
9 0 U 8
10 1 U -1
11 1 U 10
12 1 U 11
13 1 U 12
14 1 U 13
15 1 U 14
16 1 U 15
17 1 U 16
18 0 U 17
19 0 U 18
20 0 U -1
21 0 U 20
22 0 U 21
23 0 U 22
24 0 U 23
25 0 U 24
26 0 U 25
27 1 U 26
28 0 U 27
29 0 U 28
30 0 U -1
31 1 U 30
32 1 U 31
33 0 U 32
34 0 U 33
35 1 U 34
36 0 U 35
37 0 U 36
38 1 U 37
39 1 U 38
40 0 U -1
41 0 U 40
42 1 U 41
43 0 U 42
44 0 U 43
45 1 U 44
46 0 U 45
47 1 U 46
48 1 U 47
49 1 U 48
50 1 U -1
51 1 U 50
52 1 U 51
53 1 U 52
54 1 U 53
55 0 U 54
56 0 U 55
57 0 U 56
58 1 U 57
59 0 U 58
60 1 U -1
61 0 U 60
62 1 U 61
63 1 U 62
64 1 U 63
65 0 U 64
66 0 U 65
67 1 U 66
68 1 U 67
69 0 U 68
70 0 U -1
71 1 U 70
72 0 U 71
73 1 U 72
74 0 U 73
75 0 U 74
76 1 U 75
77 1 U 76
78 1 U 77
79 0 U 78
80 0 U -1
81 0 U 80
82 1 U 81
83 1 U 82
84 0 U 83
85 0 U 84
86 1 U 85
87 1 U 86
88 0 U 87
89 0 U 88
90 1 U -1
91 1 U 90
92 1 U 91
93 0 U 92
94 0 U 93
95 0 U 94
96 0 U 95
97 1 U 96
98 1 U 97
99 1 U 98
# score :22 1648208
# W : 94972 , H : 54203 W + H : 149175
100
0 1 U -1
1 0 U 0
2 1 U 1
3 1 U 2
4 1 U 3
5 1 U 4
6 0 U 5
7 0 U 6
8 0 U 7
9 0 U 8
10 0 U -1
11 0 U 10
12 1 U 11
13 0 U 12
14 1 U 13
15 1 U 14
16 0 U 15
17 0 U 16
18 0 U 17
19 0 U 18
20 0 U -1
21 0 U 20
22 1 U 21
23 0 U 22
24 0 U 23
25 1 U 24
26 0 U 25
27 1 U 26
28 0 U 27
29 1 U 28
30 1 U -1
31 1 U 30
32 1 U 31
33 1 U 32
34 0 U 33
35 1 U 34
36 0 U 35
37 0 U 36
38 1 U 37
39 0 U 38
40 1 U -1
41 1 U 40
42 1 U 41
43 0 U 42
44 0 U 43
45 1 U 44
46 0 U 45
47 0 U 46
48 0 U 47
49 0 U 48
50 0 U -1
51 0 U 50
52 1 U 51
53 0 U 52
54 1 U 53
55 1 U 54
56 0 U 55
57 1 U 56
58 1 U 57
59 1 U 58
60 0 U -1
61 1 U 60
62 0 U 61
63 1 U 62
64 1 U 63
65 0 U 64
66 0 U 65
67 1 U 66
68 1 U 67
69 0 U 68
70 0 U -1
71 0 U 70
72 0 U 71
73 0 U 72
74 1 U 73
75 1 U 74
76 0 U 75
77 1 U 76
78 1 U 77
79 1 U 78
80 1 U -1
81 0 U 80
82 1 U 81
83 1 U 82
84 1 U 83
85 1 U 84
86 1 U 85
87 0 U 86
88 1 U 87
89 1 U 88
90 1 U -1
91 1 U 90
92 1 U 91
93 1 U 92
94 0 U 93
95 1 U 94
96 0 U 95
97 1 U 96
98 0 U 97
99 1 U 98
# score :23 1703511
# W : 95305 , H : 90166 W + H : 185471
100
0 1 U -1
1 1 U 0
2 1 U 1
3 0 U 2
4 0 U 3
5 0 U 4
6 0 U 5
7 1 U 6
8 1 U 7
9 0 U 8
10 0 U -1
11 0 U 10
12 0 U 11
13 1 U 12
14 0 U 13
15 0 U 14
16 0 U 15
17 1 U 16
18 0 U 17
19 1 U 18
20 0 U -1
21 1 U 20
22 1 U 21
23 0 U 22
24 0 U 23
25 1 U 24
26 0 U 25
27 0 U 26
28 1 U 27
29 0 U 28
30 0 U -1
31 1 U 30
32 0 U 31
33 0 U 32
34 0 U 33
35 0 U 34
36 1 U 35
37 0 U 36
38 1 U 37
39 1 U 38
40 1 U -1
41 1 U 40
42 0 U 41
43 0 U 42
44 1 U 43
45 0 U 44
46 0 U 45
47 1 U 46
48 1 U 47
49 0 U 48
50 1 U -1
51 1 U 50
52 1 U 51
53 1 U 52
54 1 U 53
55 0 U 54
56 0 U 55
57 1 U 56
58 1 U 57
59 0 U 58
60 0 U -1
61 0 U 60
62 0 U 61
63 1 U 62
64 0 U 63
65 0 U 64
66 1 U 65
67 0 U 66
68 1 U 67
69 0 U 68
70 0 U -1
71 0 U 70
72 1 U 71
73 0 U 72
74 1 U 73
75 0 U 74
76 0 U 75
77 1 U 76
78 1 U 77
79 0 U 78
80 0 U -1
81 1 U 80
82 0 U 81
83 0 U 82
84 1 U 83
85 0 U 84
86 1 U 85
87 0 U 86
88 0 U 87
89 1 U 88
90 0 U -1
91 0 U 90
92 1 U 91
93 1 U 92
94 1 U 93
95 0 U 94
96 1 U 95
97 1 U 96
98 1 U 97
99 0 U 98
# score :24 1693904
# W : 89910 , H : 84814 W + H : 174724
100
0 0 U -1
1 1 U 0
2 0 U 1
3 1 U 2
4 0 U 3
5 1 U 4
6 1 U 5
7 0 U 6
8 1 U 7
9 1 U 8
10 0 U -1
11 0 U 10
12 0 U 11
13 1 U 12
14 0 U 13
15 0 U 14
16 1 U 15
17 1 U 16
18 0 U 17
19 1 U 18
20 1 U -1
21 1 U 20
22 1 U 21
23 0 U 22
24 1 U 23
25 1 U 24
26 0 U 25
27 1 U 26
28 0 U 27
29 1 U 28
30 0 U -1
31 1 U 30
32 1 U 31
33 0 U 32
34 0 U 33
35 1 U 34
36 0 U 35
37 0 U 36
38 0 U 37
39 0 U 38
40 1 U -1
41 0 U 40
42 0 U 41
43 0 U 42
44 0 U 43
45 1 U 44
46 0 U 45
47 0 U 46
48 0 U 47
49 1 U 48
50 0 U -1
51 1 U 50
52 1 U 51
53 1 U 52
54 1 U 53
55 0 U 54
56 1 U 55
57 1 U 56
58 0 U 57
59 1 U 58
60 0 U -1
61 1 U 60
62 1 U 61
63 0 U 62
64 0 U 63
65 0 U 64
66 0 U 65
67 0 U 66
68 1 U 67
69 0 U 68
70 1 U -1
71 0 U 70
72 0 U 71
73 0 U 72
74 0 U 73
75 1 U 74
76 1 U 75
77 0 U 76
78 0 U 77
79 1 U 78
80 0 U -1
81 0 U 80
82 0 U 81
83 0 U 82
84 1 U 83
85 0 U 84
86 0 U 85
87 1 U 86
88 0 U 87
89 0 U 88
90 0 U -1
91 1 U 90
92 1 U 91
93 0 U 92
94 0 U 93
95 1 U 94
96 0 U 95
97 0 U 96
98 1 U 97
99 0 U 98
# score :25 1733591
# W : 81128 , H : 71903 W + H : 153031
100
0 1 U -1
1 1 U 0
2 1 U 1
3 0 U 2
4 0 U 3
5 1 U 4
6 1 U 5
7 0 U 6
8 0 U 7
9 1 U 8
10 0 U -1
11 1 U 10
12 0 U 11
13 0 U 12
14 1 U 13
15 1 U 14
16 0 U 15
17 1 U 16
18 1 U 17
19 0 U 18
20 0 U -1
21 1 U 20
22 0 U 21
23 0 U 22
24 1 U 23
25 0 U 24
26 0 U 25
27 0 U 26
28 1 U 27
29 0 U 28
30 1 U -1
31 0 U 30
32 0 U 31
33 1 U 32
34 1 U 33
35 1 U 34
36 0 U 35
37 0 U 36
38 1 U 37
39 1 U 38
40 1 U -1
41 0 U 40
42 0 U 41
43 0 U 42
44 0 U 43
45 0 U 44
46 0 U 45
47 0 U 46
48 0 U 47
49 1 U 48
50 1 U -1
51 0 U 50
52 1 U 51
53 1 U 52
54 1 U 53
55 1 U 54
56 1 U 55
57 0 U 56
58 0 U 57
59 0 U 58
60 0 U -1
61 0 U 60
62 1 U 61
63 1 U 62
64 0 U 63
65 0 U 64
66 0 U 65
67 1 U 66
68 0 U 67
69 1 U 68
70 0 U -1
71 1 U 70
72 1 U 71
73 0 U 72
74 1 U 73
75 1 U 74
76 0 U 75
77 0 U 76
78 0 U 77
79 0 U 78
80 1 U -1
81 0 U 80
82 0 U 81
83 0 U 82
84 1 U 83
85 1 U 84
86 0 U 85
87 0 U 86
88 0 U 87
89 0 U 88
90 0 U -1
91 0 U 90
92 1 U 91
93 0 U 92
94 1 U 93
95 1 U 94
96 1 U 95
97 1 U 96
98 0 U 97
99 0 U 98
# score :26 1789252
# W : 54098 , H : 88984 W + H : 143082
100
0 1 U -1
1 0 U 0
2 0 U 1
3 1 U 2
4 0 U 3
5 1 U 4
6 0 U 5
7 0 U 6
8 1 U 7
9 1 U 8
10 0 U -1
11 1 U 10
12 1 U 11
13 1 U 12
14 1 U 13
15 1 U 14
16 0 U 15
17 1 U 16
18 0 U 17
19 1 U 18
20 0 U -1
21 1 U 20
22 1 U 21
23 1 U 22
24 1 U 23
25 1 U 24
26 1 U 25
27 1 U 26
28 1 U 27
29 1 U 28
30 0 U -1
31 0 U 30
32 1 U 31
33 0 U 32
34 0 U 33
35 1 U 34
36 1 U 35
37 1 U 36
38 1 U 37
39 1 U 38
40 0 U -1
41 0 U 40
42 0 U 41
43 0 U 42
44 0 U 43
45 1 U 44
46 1 U 45
47 1 U 46
48 1 U 47
49 1 U 48
50 0 U -1
51 1 U 50
52 0 U 51
53 1 U 52
54 0 U 53
55 1 U 54
56 1 U 55
57 0 U 56
58 1 U 57
59 0 U 58
60 0 U -1
61 0 U 60
62 1 U 61
63 0 U 62
64 1 U 63
65 0 U 64
66 0 U 65
67 1 U 66
68 0 U 67
69 0 U 68
70 1 U -1
71 0 U 70
72 0 U 71
73 1 U 72
74 0 U 73
75 1 U 74
76 0 U 75
77 1 U 76
78 0 U 77
79 0 U 78
80 0 U -1
81 0 U 80
82 0 U 81
83 0 U 82
84 1 U 83
85 0 U 84
86 1 U 85
87 1 U 86
88 0 U 87
89 0 U 88
90 0 U -1
91 1 U 90
92 0 U 91
93 0 U 92
94 1 U 93
95 1 U 94
96 0 U 95
97 0 U 96
98 0 U 97
99 0 U 98
# score :27 1633208
# W : 59970 , H : 97608 W + H : 157578
100
0 1 U -1
1 0 U 0
2 0 U 1
3 1 U 2
4 0 U 3
5 1 U 4
6 0 U 5
7 1 U 6
8 0 U 7
9 0 U 8
10 1 U -1
11 0 U 10
12 0 U 11
13 1 U 12
14 1 U 13
15 1 U 14
16 1 U 15
17 0 U 16
18 1 U 17
19 1 U 18
20 0 U -1
21 0 U 20
22 0 U 21
23 0 U 22
24 1 U 23
25 1 U 24
26 1 U 25
27 0 U 26
28 1 U 27
29 1 U 28
30 0 U -1
31 1 U 30
32 1 U 31
33 0 U 32
34 0 U 33
35 1 U 34
36 1 U 35
37 0 U 36
38 1 U 37
39 1 U 38
40 0 U -1
41 1 U 40
42 1 U 41
43 1 U 42
44 0 U 43
45 0 U 44
46 0 U 45
47 0 U 46
48 0 U 47
49 0 U 48
50 0 U -1
51 0 U 50
52 1 U 51
53 1 U 52
54 1 U 53
55 1 U 54
56 0 U 55
57 0 U 56
58 1 U 57
59 1 U 58
60 1 U -1
61 0 U 60
62 0 U 61
63 0 U 62
64 0 U 63
65 0 U 64
66 1 U 65
67 0 U 66
68 1 U 67
69 1 U 68
70 1 U -1
71 0 U 70
72 0 U 71
73 1 U 72
74 1 U 73
75 0 U 74
76 0 U 75
77 1 U 76
78 0 U 77
79 1 U 78
80 1 U -1
81 1 U 80
82 1 U 81
83 1 U 82
84 1 U 83
85 0 U 84
86 1 U 85
87 1 U 86
88 0 U 87
89 1 U 88
90 0 U -1
91 1 U 90
92 0 U 91
93 1 U 92
94 1 U 93
95 1 U 94
96 0 U 95
97 0 U 96
98 0 U 97
99 1 U 98
# score :28 1808529
# W : 76350 , H : 92238 W + H : 168588
100
0 0 U -1
1 1 U 0
2 0 U 1
3 1 U 2
4 1 U 3
5 1 U 4
6 1 U 5
7 0 U 6
8 1 U 7
9 0 U 8
10 0 U -1
11 0 U 10
12 0 U 11
13 1 U 12
14 1 U 13
15 0 U 14
16 0 U 15
17 1 U 16
18 0 U 17
19 0 U 18
20 1 U -1
21 1 U 20
22 1 U 21
23 1 U 22
24 1 U 23
25 0 U 24
26 0 U 25
27 0 U 26
28 0 U 27
29 1 U 28
30 1 U -1
31 1 U 30
32 1 U 31
33 0 U 32
34 0 U 33
35 1 U 34
36 0 U 35
37 0 U 36
38 0 U 37
39 1 U 38
40 0 U -1
41 0 U 40
42 0 U 41
43 1 U 42
44 1 U 43
45 1 U 44
46 1 U 45
47 1 U 46
48 1 U 47
49 0 U 48
50 0 U -1
51 0 U 50
52 0 U 51
53 0 U 52
54 0 U 53
55 1 U 54
56 1 U 55
57 1 U 56
58 0 U 57
59 0 U 58
60 0 U -1
61 0 U 60
62 0 U 61
63 0 U 62
64 0 U 63
65 0 U 64
66 1 U 65
67 1 U 66
68 0 U 67
69 0 U 68
70 1 U -1
71 1 U 70
72 0 U 71
73 0 U 72
74 0 U 73
75 0 U 74
76 1 U 75
77 1 U 76
78 1 U 77
79 1 U 78
80 0 U -1
81 0 U 80
82 1 U 81
83 1 U 82
84 1 U 83
85 0 U 84
86 1 U 85
87 0 U 86
88 0 U 87
89 1 U 88
90 0 U -1
91 0 U 90
92 1 U 91
93 1 U 92
94 1 U 93
95 0 U 94
96 1 U 95
97 0 U 96
98 1 U 97
99 1 U 98
# score :29 1723810
# W : 58821 , H : 35945 W + H : 94766
100
0 1 U -1
1 1 U 0
2 0 U 1
3 0 U 2
4 1 U 3
5 0 U 4
6 0 U 5
7 0 U 6
8 0 U 7
9 0 U 8
10 0 U -1
11 0 U 10
12 0 U 11
13 0 U 12
14 0 U 13
15 1 U 14
16 1 U 15
17 1 U 16
18 1 U 17
19 0 U 18
20 0 U -1
21 1 U 20
22 0 U 21
23 1 U 22
24 0 U 23
25 0 U 24
26 1 U 25
27 0 U 26
28 1 U 27
29 1 U 28
30 1 U -1
31 1 U 30
32 0 U 31
33 0 U 32
34 1 U 33
35 1 U 34
36 0 U 35
37 0 U 36
38 1 U 37
39 0 U 38
40 1 U -1
41 1 U 40
42 0 U 41
43 1 U 42
44 1 U 43
45 1 U 44
46 1 U 45
47 0 U 46
48 0 U 47
49 0 U 48
50 1 U -1
51 1 U 50
52 0 U 51
53 1 U 52
54 1 U 53
55 1 U 54
56 1 U 55
57 0 U 56
58 0 U 57
59 0 U 58
60 1 U -1
61 1 U 60
62 1 U 61
63 0 U 62
64 1 U 63
65 0 U 64
66 1 U 65
67 0 U 66
68 1 U 67
69 1 U 68
70 0 U -1
71 0 U 70
72 0 U 71
73 1 U 72
74 1 U 73
75 1 U 74
76 0 U 75
77 1 U 76
78 0 U 77
79 0 U 78
80 1 U -1
81 1 U 80
82 0 U 81
83 0 U 82
84 1 U 83
85 1 U 84
86 1 U 85
87 0 U 86
88 1 U 87
89 0 U 88
90 1 U -1
91 0 U 90
92 1 U 91
93 0 U 92
94 0 U 93
95 1 U 94
96 0 U 95
97 1 U 96
98 0 U 97
99 1 U 98
# score :30 1718231
# W : 95159 , H : 94793 W + H : 189952
100
0 1 U -1
1 1 U 0
2 1 U 1
3 1 U 2
4 1 U 3
5 0 U 4
6 1 U 5
7 0 U 6
8 1 U 7
9 0 U 8
10 1 U -1
11 0 U 10
12 1 U 11
13 1 U 12
14 1 U 13
15 1 U 14
16 0 U 15
17 0 U 16
18 1 U 17
19 0 U 18
20 1 U -1
21 1 U 20
22 0 U 21
23 1 U 22
24 0 U 23
25 0 U 24
26 0 U 25
27 0 U 26
28 0 U 27
29 0 U 28
30 1 U -1
31 0 U 30
32 0 U 31
33 0 U 32
34 0 U 33
35 1 U 34
36 0 U 35
37 0 U 36
38 0 U 37
39 1 U 38
40 1 U -1
41 1 U 40
42 1 U 41
43 1 U 42
44 0 U 43
45 0 U 44
46 1 U 45
47 1 U 46
48 0 U 47
49 1 U 48
50 0 U -1
51 0 U 50
52 0 U 51
53 0 U 52
54 0 U 53
55 1 U 54
56 0 U 55
57 0 U 56
58 0 U 57
59 1 U 58
60 0 U -1
61 0 U 60
62 0 U 61
63 0 U 62
64 0 U 63
65 0 U 64
66 1 U 65
67 0 U 66
68 1 U 67
69 1 U 68
70 0 U -1
71 0 U 70
72 0 U 71
73 0 U 72
74 0 U 73
75 0 U 74
76 0 U 75
77 0 U 76
78 0 U 77
79 1 U 78
80 0 U -1
81 1 U 80
82 1 U 81
83 0 U 82
84 0 U 83
85 0 U 84
86 0 U 85
87 1 U 86
88 1 U 87
89 1 U 88
90 0 U -1
91 0 U 90
92 1 U 91
93 1 U 92
94 0 U 93
95 0 U 94
96 1 U 95
97 1 U 96
98 1 U 97
99 0 U 98
# score :31 1791616
# W : 43671 , H : 91333 W + H : 135004
100
0 0 U -1
1 1 U 0
2 0 U 1
3 0 U 2
4 1 U 3
5 1 U 4
6 0 U 5
7 0 U 6
8 1 U 7
9 1 U 8
10 1 U -1
11 1 U 10
12 0 U 11
13 0 U 12
14 1 U 13
15 0 U 14
16 1 U 15
17 1 U 16
18 0 U 17
19 0 U 18
20 0 U -1
21 0 U 20
22 1 U 21
23 0 U 22
24 1 U 23
25 0 U 24
26 1 U 25
27 1 U 26
28 1 U 27
29 1 U 28
30 0 U -1
31 1 U 30
32 0 U 31
33 0 U 32
34 1 U 33
35 0 U 34
36 1 U 35
37 1 U 36
38 1 U 37
39 1 U 38
40 0 U -1
41 0 U 40
42 1 U 41
43 1 U 42
44 1 U 43
45 0 U 44
46 0 U 45
47 1 U 46
48 1 U 47
49 1 U 48
50 0 U -1
51 1 U 50
52 1 U 51
53 1 U 52
54 0 U 53
55 0 U 54
56 0 U 55
57 1 U 56
58 0 U 57
59 0 U 58
60 0 U -1
61 0 U 60
62 1 U 61
63 1 U 62
64 0 U 63
65 1 U 64
66 1 U 65
67 1 U 66
68 1 U 67
69 0 U 68
70 0 U -1
71 1 U 70
72 1 U 71
73 1 U 72
74 0 U 73
75 0 U 74
76 1 U 75
77 0 U 76
78 0 U 77
79 1 U 78
80 0 U -1
81 1 U 80
82 1 U 81
83 0 U 82
84 1 U 83
85 0 U 84
86 0 U 85
87 0 U 86
88 1 U 87
89 1 U 88
90 1 U -1
91 0 U 90
92 0 U 91
93 0 U 92
94 1 U 93
95 0 U 94
96 1 U 95
97 1 U 96
98 1 U 97
99 1 U 98
# score :32 1682520
# W : 61023 , H : 68522 W + H : 129545
100
0 1 U -1
1 1 U 0
2 0 U 1
3 0 U 2
4 0 U 3
5 1 U 4
6 1 U 5
7 1 U 6
8 0 U 7
9 1 U 8
10 1 U -1
11 0 U 10
12 1 U 11
13 1 U 12
14 0 U 13
15 1 U 14
16 1 U 15
17 1 U 16
18 0 U 17
19 1 U 18
20 0 U -1
21 0 U 20
22 0 U 21
23 0 U 22
24 0 U 23
25 1 U 24
26 1 U 25
27 1 U 26
28 0 U 27
29 0 U 28
30 0 U -1
31 1 U 30
32 1 U 31
33 0 U 32
34 1 U 33
35 1 U 34
36 1 U 35
37 1 U 36
38 1 U 37
39 1 U 38
40 0 U -1
41 0 U 40
42 1 U 41
43 1 U 42
44 0 U 43
45 0 U 44
46 1 U 45
47 0 U 46
48 0 U 47
49 0 U 48
50 0 U -1
51 0 U 50
52 0 U 51
53 1 U 52
54 0 U 53
55 0 U 54
56 1 U 55
57 0 U 56
58 1 U 57
59 0 U 58
60 1 U -1
61 0 U 60
62 0 U 61
63 1 U 62
64 1 U 63
65 0 U 64
66 0 U 65
67 1 U 66
68 1 U 67
69 1 U 68
70 0 U -1
71 1 U 70
72 1 U 71
73 0 U 72
74 0 U 73
75 1 U 74
76 0 U 75
77 0 U 76
78 0 U 77
79 1 U 78
80 1 U -1
81 0 U 80
82 0 U 81
83 1 U 82
84 0 U 83
85 0 U 84
86 1 U 85
87 0 U 86
88 0 U 87
89 0 U 88
90 0 U -1
91 1 U 90
92 0 U 91
93 0 U 92
94 0 U 93
95 1 U 94
96 0 U 95
97 1 U 96
98 1 U 97
99 1 U 98
# score :33 1734862
# W : 43051 , H : 98427 W + H : 141478
100
0 0 U -1
1 1 U 0
2 1 U 1
3 1 U 2
4 1 U 3
5 1 U 4
6 1 U 5
7 0 U 6
8 1 U 7
9 1 U 8
10 0 U -1
11 1 U 10
12 1 U 11
13 0 U 12
14 0 U 13
15 0 U 14
16 1 U 15
17 0 U 16
18 1 U 17
19 1 U 18
20 0 U -1
21 0 U 20
22 0 U 21
23 0 U 22
24 0 U 23
25 1 U 24
26 1 U 25
27 1 U 26
28 1 U 27
29 1 U 28
30 1 U -1
31 1 U 30
32 0 U 31
33 1 U 32
34 0 U 33
35 0 U 34
36 0 U 35
37 0 U 36
38 0 U 37
39 1 U 38
40 0 U -1
41 1 U 40
42 0 U 41
43 0 U 42
44 1 U 43
45 0 U 44
46 1 U 45
47 1 U 46
48 0 U 47
49 1 U 48
50 0 U -1
51 0 U 50
52 1 U 51
53 1 U 52
54 1 U 53
55 1 U 54
56 0 U 55
57 0 U 56
58 0 U 57
59 0 U 58
60 0 U -1
61 0 U 60
62 1 U 61
63 0 U 62
64 1 U 63
65 1 U 64
66 0 U 65
67 1 U 66
68 0 U 67
69 0 U 68
70 1 U -1
71 0 U 70
72 0 U 71
73 0 U 72
74 1 U 73
75 1 U 74
76 0 U 75
77 1 U 76
78 0 U 77
79 1 U 78
80 0 U -1
81 1 U 80
82 1 U 81
83 1 U 82
84 1 U 83
85 0 U 84
86 0 U 85
87 1 U 86
88 1 U 87
89 1 U 88
90 1 U -1
91 0 U 90
92 0 U 91
93 0 U 92
94 0 U 93
95 0 U 94
96 1 U 95
97 1 U 96
98 1 U 97
99 1 U 98
# score :34 1766404
# W : 85644 , H : 92346 W + H : 177990
100
0 1 U -1
1 0 U 0
2 0 U 1
3 1 U 2
4 1 U 3
5 1 U 4
6 0 U 5
7 0 U 6
8 1 U 7
9 0 U 8
10 0 U -1
11 1 U 10
12 0 U 11
13 1 U 12
14 0 U 13
15 0 U 14
16 1 U 15
17 1 U 16
18 1 U 17
19 1 U 18
20 1 U -1
21 0 U 20
22 0 U 21
23 0 U 22
24 1 U 23
25 0 U 24
26 0 U 25
27 0 U 26
28 1 U 27
29 0 U 28
30 1 U -1
31 0 U 30
32 0 U 31
33 0 U 32
34 1 U 33
35 0 U 34
36 0 U 35
37 0 U 36
38 1 U 37
39 1 U 38
40 1 U -1
41 0 U 40
42 1 U 41
43 0 U 42
44 0 U 43
45 1 U 44
46 1 U 45
47 0 U 46
48 0 U 47
49 0 U 48
50 0 U -1
51 0 U 50
52 0 U 51
53 1 U 52
54 1 U 53
55 0 U 54
56 1 U 55
57 0 U 56
58 1 U 57
59 1 U 58
60 1 U -1
61 1 U 60
62 1 U 61
63 1 U 62
64 0 U 63
65 0 U 64
66 0 U 65
67 0 U 66
68 0 U 67
69 0 U 68
70 0 U -1
71 0 U 70
72 1 U 71
73 1 U 72
74 1 U 73
75 0 U 74
76 1 U 75
77 0 U 76
78 1 U 77
79 0 U 78
80 0 U -1
81 0 U 80
82 0 U 81
83 0 U 82
84 1 U 83
85 0 U 84
86 0 U 85
87 1 U 86
88 1 U 87
89 1 U 88
90 1 U -1
91 1 U 90
92 0 U 91
93 1 U 92
94 1 U 93
95 0 U 94
96 0 U 95
97 0 U 96
98 0 U 97
99 0 U 98
# score :35 1707289
# W : 45772 , H : 56022 W + H : 101794
100
0 0 U -1
1 1 U 0
2 0 U 1
3 1 U 2
4 0 U 3
5 0 U 4
6 1 U 5
7 1 U 6
8 1 U 7
9 0 U 8
10 0 U -1
11 0 U 10
12 1 U 11
13 0 U 12
14 0 U 13
15 1 U 14
16 1 U 15
17 1 U 16
18 1 U 17
19 0 U 18
20 1 U -1
21 0 U 20
22 0 U 21
23 1 U 22
24 1 U 23
25 0 U 24
26 1 U 25
27 1 U 26
28 1 U 27
29 1 U 28
30 0 U -1
31 1 U 30
32 0 U 31
33 0 U 32
34 1 U 33
35 1 U 34
36 1 U 35
37 0 U 36
38 0 U 37
39 1 U 38
40 1 U -1
41 1 U 40
42 0 U 41
43 0 U 42
44 0 U 43
45 0 U 44
46 0 U 45
47 1 U 46
48 0 U 47
49 0 U 48
50 0 U -1
51 1 U 50
52 1 U 51
53 1 U 52
54 1 U 53
55 0 U 54
56 0 U 55
57 0 U 56
58 0 U 57
59 1 U 58
60 1 U -1
61 0 U 60
62 0 U 61
63 0 U 62
64 1 U 63
65 0 U 64
66 0 U 65
67 1 U 66
68 1 U 67
69 0 U 68
70 0 U -1
71 0 U 70
72 1 U 71
73 1 U 72
74 0 U 73
75 0 U 74
76 0 U 75
77 1 U 76
78 1 U 77
79 0 U 78
80 1 U -1
81 1 U 80
82 1 U 81
83 0 U 82
84 1 U 83
85 0 U 84
86 1 U 85
87 0 U 86
88 1 U 87
89 0 U 88
90 1 U -1
91 1 U 90
92 1 U 91
93 1 U 92
94 0 U 93
95 1 U 94
96 1 U 95
97 0 U 96
98 1 U 97
99 0 U 98
# score :36 1761543
# W : 76028 , H : 88289 W + H : 164317
100
0 0 U -1
1 0 U 0
2 0 U 1
3 1 U 2
4 1 U 3
5 0 U 4
6 1 U 5
7 1 U 6
8 1 U 7
9 0 U 8
10 1 U -1
11 0 U 10
12 1 U 11
13 0 U 12
14 0 U 13
15 1 U 14
16 1 U 15
17 1 U 16
18 0 U 17
19 0 U 18
20 0 U -1
21 1 U 20
22 0 U 21
23 0 U 22
24 0 U 23
25 1 U 24
26 0 U 25
27 0 U 26
28 1 U 27
29 0 U 28
30 1 U -1
31 1 U 30
32 1 U 31
33 1 U 32
34 0 U 33
35 0 U 34
36 0 U 35
37 0 U 36
38 1 U 37
39 1 U 38
40 0 U -1
41 1 U 40
42 1 U 41
43 0 U 42
44 0 U 43
45 1 U 44
46 1 U 45
47 1 U 46
48 0 U 47
49 1 U 48
50 0 U -1
51 0 U 50
52 0 U 51
53 1 U 52
54 1 U 53
55 1 U 54
56 0 U 55
57 1 U 56
58 0 U 57
59 1 U 58
60 0 U -1
61 1 U 60
62 1 U 61
63 0 U 62
64 1 U 63
65 1 U 64
66 0 U 65
67 1 U 66
68 1 U 67
69 0 U 68
70 1 U -1
71 0 U 70
72 1 U 71
73 0 U 72
74 0 U 73
75 0 U 74
76 0 U 75
77 1 U 76
78 0 U 77
79 1 U 78
80 0 U -1
81 0 U 80
82 0 U 81
83 1 U 82
84 1 U 83
85 0 U 84
86 0 U 85
87 1 U 86
88 0 U 87
89 1 U 88
90 0 U -1
91 0 U 90
92 1 U 91
93 0 U 92
94 1 U 93
95 0 U 94
96 0 U 95
97 1 U 96
98 1 U 97
99 0 U 98
# score :37 1764906
# W : 99200 , H : 55499 W + H : 154699
100
0 0 U -1
1 1 U 0
2 0 U 1
3 1 U 2
4 0 U 3
5 0 U 4
6 1 U 5
7 0 U 6
8 0 U 7
9 0 U 8
10 1 U -1
11 1 U 10
12 0 U 11
13 0 U 12
14 1 U 13
15 1 U 14
16 0 U 15
17 1 U 16
18 1 U 17
19 0 U 18
20 0 U -1
21 1 U 20
22 0 U 21
23 0 U 22
24 1 U 23
25 1 U 24
26 1 U 25
27 0 U 26
28 1 U 27
29 1 U 28
30 1 U -1
31 0 U 30
32 1 U 31
33 0 U 32
34 1 U 33
35 0 U 34
36 1 U 35
37 1 U 36
38 1 U 37
39 0 U 38
40 0 U -1
41 0 U 40
42 1 U 41
43 0 U 42
44 0 U 43
45 1 U 44
46 0 U 45
47 0 U 46
48 1 U 47
49 0 U 48
50 1 U -1
51 1 U 50
52 1 U 51
53 0 U 52
54 0 U 53
55 1 U 54
56 0 U 55
57 1 U 56
58 1 U 57
59 1 U 58
60 1 U -1
61 0 U 60
62 1 U 61
63 1 U 62
64 0 U 63
65 1 U 64
66 0 U 65
67 0 U 66
68 0 U 67
69 1 U 68
70 1 U -1
71 1 U 70
72 0 U 71
73 1 U 72
74 0 U 73
75 0 U 74
76 0 U 75
77 0 U 76
78 0 U 77
79 0 U 78
80 1 U -1
81 0 U 80
82 1 U 81
83 1 U 82
84 0 U 83
85 0 U 84
86 1 U 85
87 0 U 86
88 1 U 87
89 1 U 88
90 1 U -1
91 1 U 90
92 1 U 91
93 1 U 92
94 1 U 93
95 0 U 94
96 0 U 95
97 1 U 96
98 0 U 97
99 0 U 98
# score :38 1680427
# W : 85734 , H : 55558 W + H : 141292
100
0 0 U -1
1 1 U 0
2 1 U 1
3 1 U 2
4 0 U 3
5 0 U 4
6 1 U 5
7 1 U 6
8 1 U 7
9 1 U 8
10 0 U -1
11 0 U 10
12 0 U 11
13 0 U 12
14 1 U 13
15 0 U 14
16 1 U 15
17 0 U 16
18 0 U 17
19 1 U 18
20 1 U -1
21 1 U 20
22 0 U 21
23 1 U 22
24 1 U 23
25 1 U 24
26 1 U 25
27 1 U 26
28 1 U 27
29 1 U 28
30 0 U -1
31 1 U 30
32 0 U 31
33 0 U 32
34 1 U 33
35 1 U 34
36 1 U 35
37 1 U 36
38 1 U 37
39 1 U 38
40 1 U -1
41 1 U 40
42 0 U 41
43 0 U 42
44 1 U 43
45 1 U 44
46 0 U 45
47 0 U 46
48 0 U 47
49 0 U 48
50 0 U -1
51 1 U 50
52 1 U 51
53 1 U 52
54 1 U 53
55 0 U 54
56 0 U 55
57 0 U 56
58 0 U 57
59 1 U 58
60 1 U -1
61 0 U 60
62 0 U 61
63 0 U 62
64 0 U 63
65 0 U 64
66 0 U 65
67 0 U 66
68 1 U 67
69 0 U 68
70 1 U -1
71 0 U 70
72 1 U 71
73 1 U 72
74 1 U 73
75 0 U 74
76 0 U 75
77 1 U 76
78 0 U 77
79 1 U 78
80 0 U -1
81 1 U 80
82 1 U 81
83 1 U 82
84 1 U 83
85 1 U 84
86 0 U 85
87 0 U 86
88 1 U 87
89 1 U 88
90 1 U -1
91 0 U 90
92 1 U 91
93 1 U 92
94 0 U 93
95 1 U 94
96 0 U 95
97 1 U 96
98 1 U 97
99 1 U 98
# score :39 1757193
# W : 37717 , H : 85380 W + H : 123097
100
0 0 U -1
1 0 U 0
2 0 U 1
3 1 U 2
4 1 U 3
5 0 U 4
6 0 U 5
7 1 U 6
8 0 U 7
9 0 U 8
10 1 U -1
11 0 U 10
12 1 U 11
13 1 U 12
14 0 U 13
15 0 U 14
16 0 U 15
17 0 U 16
18 0 U 17
19 1 U 18
20 1 U -1
21 0 U 20
22 0 U 21
23 1 U 22
24 0 U 23
25 0 U 24
26 0 U 25
27 1 U 26
28 0 U 27
29 0 U 28
30 0 U -1
31 1 U 30
32 0 U 31
33 0 U 32
34 1 U 33
35 0 U 34
36 1 U 35
37 0 U 36
38 1 U 37
39 1 U 38
40 1 U -1
41 0 U 40
42 1 U 41
43 1 U 42
44 0 U 43
45 1 U 44
46 0 U 45
47 1 U 46
48 1 U 47
49 1 U 48
50 1 U -1
51 1 U 50
52 1 U 51
53 0 U 52
54 1 U 53
55 1 U 54
56 0 U 55
57 0 U 56
58 1 U 57
59 0 U 58
60 0 U -1
61 0 U 60
62 1 U 61
63 1 U 62
64 0 U 63
65 0 U 64
66 0 U 65
67 1 U 66
68 0 U 67
69 0 U 68
70 1 U -1
71 0 U 70
72 1 U 71
73 1 U 72
74 1 U 73
75 1 U 74
76 0 U 75
77 0 U 76
78 1 U 77
79 0 U 78
80 0 U -1
81 1 U 80
82 0 U 81
83 0 U 82
84 0 U 83
85 0 U 84
86 0 U 85
87 1 U 86
88 0 U 87
89 0 U 88
90 1 U -1
91 1 U 90
92 0 U 91
93 0 U 92
94 0 U 93
95 1 U 94
96 1 U 95
97 0 U 96
98 1 U 97
99 1 U 98
# score :40 1820980
# W : 84642 , H : 99106 W + H : 183748
100
0 0 U -1
1 0 U 0
2 1 U 1
3 0 U 2
4 0 U 3
5 0 U 4
6 0 U 5
7 0 U 6
8 1 U 7
9 1 U 8
10 1 U -1
11 0 U 10
12 0 U 11
13 1 U 12
14 1 U 13
15 0 U 14
16 1 U 15
17 0 U 16
18 1 U 17
19 1 U 18
20 1 U -1
21 1 U 20
22 0 U 21
23 0 U 22
24 1 U 23
25 1 U 24
26 1 U 25
27 1 U 26
28 0 U 27
29 1 U 28
30 1 U -1
31 1 U 30
32 0 U 31
33 1 U 32
34 1 U 33
35 1 U 34
36 0 U 35
37 1 U 36
38 1 U 37
39 0 U 38
40 1 U -1
41 1 U 40
42 0 U 41
43 0 U 42
44 1 U 43
45 1 U 44
46 0 U 45
47 1 U 46
48 1 U 47
49 1 U 48
50 1 U -1
51 0 U 50
52 0 U 51
53 1 U 52
54 0 U 53
55 0 U 54
56 1 U 55
57 1 U 56
58 0 U 57
59 0 U 58
60 1 U -1
61 1 U 60
62 1 U 61
63 1 U 62
64 0 U 63
65 1 U 64
66 1 U 65
67 1 U 66
68 1 U 67
69 1 U 68
70 1 U -1
71 0 U 70
72 0 U 71
73 0 U 72
74 0 U 73
75 0 U 74
76 1 U 75
77 1 U 76
78 0 U 77
79 0 U 78
80 0 U -1
81 0 U 80
82 0 U 81
83 0 U 82
84 0 U 83
85 1 U 84
86 0 U 85
87 0 U 86
88 0 U 87
89 0 U 88
90 0 U -1
91 0 U 90
92 1 U 91
93 0 U 92
94 1 U 93
95 0 U 94
96 1 U 95
97 1 U 96
98 1 U 97
99 0 U 98
# score :41 1692046
# W : 52157 , H : 75709 W + H : 127866
100
0 1 U -1
1 1 U 0
2 0 U 1
3 0 U 2
4 1 U 3
5 1 U 4
6 0 U 5
7 0 U 6
8 1 U 7
9 0 U 8
10 1 U -1
11 1 U 10
12 1 U 11
13 0 U 12
14 1 U 13
15 1 U 14
16 0 U 15
17 0 U 16
18 0 U 17
19 1 U 18
20 1 U -1
21 0 U 20
22 1 U 21
23 1 U 22
24 1 U 23
25 0 U 24
26 0 U 25
27 0 U 26
28 0 U 27
29 0 U 28
30 0 U -1
31 0 U 30
32 0 U 31
33 0 U 32
34 0 U 33
35 0 U 34
36 1 U 35
37 1 U 36
38 1 U 37
39 1 U 38
40 1 U -1
41 1 U 40
42 1 U 41
43 1 U 42
44 0 U 43
45 0 U 44
46 0 U 45
47 1 U 46
48 1 U 47
49 0 U 48
50 0 U -1
51 1 U 50
52 1 U 51
53 1 U 52
54 0 U 53
55 0 U 54
56 0 U 55
57 1 U 56
58 1 U 57
59 1 U 58
60 1 U -1
61 1 U 60
62 0 U 61
63 0 U 62
64 1 U 63
65 1 U 64
66 1 U 65
67 1 U 66
68 1 U 67
69 0 U 68
70 1 U -1
71 0 U 70
72 0 U 71
73 1 U 72
74 0 U 73
75 0 U 74
76 1 U 75
77 0 U 76
78 0 U 77
79 1 U 78
80 1 U -1
81 0 U 80
82 0 U 81
83 0 U 82
84 0 U 83
85 0 U 84
86 1 U 85
87 1 U 86
88 0 U 87
89 1 U 88
90 0 U -1
91 0 U 90
92 1 U 91
93 1 U 92
94 0 U 93
95 1 U 94
96 0 U 95
97 0 U 96
98 1 U 97
99 0 U 98
# score :42 1674801
# W : 95840 , H : 77998 W + H : 173838
100
0 0 U -1
1 0 U 0
2 0 U 1
3 0 U 2
4 0 U 3
5 0 U 4
6 1 U 5
7 0 U 6
8 1 U 7
9 1 U 8
10 1 U -1
11 0 U 10
12 0 U 11
13 1 U 12
14 0 U 13
15 0 U 14
16 1 U 15
17 0 U 16
18 0 U 17
19 1 U 18
20 1 U -1
21 0 U 20
22 0 U 21
23 0 U 22
24 1 U 23
25 1 U 24
26 1 U 25
27 0 U 26
28 1 U 27
29 0 U 28
30 0 U -1
31 0 U 30
32 1 U 31
33 0 U 32
34 0 U 33
35 1 U 34
36 1 U 35
37 0 U 36
38 1 U 37
39 0 U 38
40 0 U -1
41 0 U 40
42 1 U 41
43 0 U 42
44 0 U 43
45 1 U 44
46 0 U 45
47 0 U 46
48 0 U 47
49 0 U 48
50 1 U -1
51 1 U 50
52 1 U 51
53 0 U 52
54 0 U 53
55 0 U 54
56 1 U 55
57 0 U 56
58 1 U 57
59 0 U 58
60 0 U -1
61 0 U 60
62 1 U 61
63 1 U 62
64 0 U 63
65 0 U 64
66 0 U 65
67 0 U 66
68 0 U 67
69 1 U 68
70 1 U -1
71 0 U 70
72 0 U 71
73 1 U 72
74 0 U 73
75 0 U 74
76 1 U 75
77 1 U 76
78 0 U 77
79 1 U 78
80 1 U -1
81 1 U 80
82 0 U 81
83 0 U 82
84 0 U 83
85 1 U 84
86 0 U 85
87 1 U 86
88 0 U 87
89 0 U 88
90 0 U -1
91 0 U 90
92 0 U 91
93 0 U 92
94 1 U 93
95 1 U 94
96 1 U 95
97 0 U 96
98 1 U 97
99 1 U 98
# score :43 1756766
# W : 96292 , H : 62510 W + H : 158802
100
0 1 U -1
1 1 U 0
2 0 U 1
3 1 U 2
4 0 U 3
5 1 U 4
6 1 U 5
7 0 U 6
8 0 U 7
9 1 U 8
10 1 U -1
11 0 U 10
12 1 U 11
13 1 U 12
14 0 U 13
15 1 U 14
16 0 U 15
17 0 U 16
18 1 U 17
19 0 U 18
20 1 U -1
21 0 U 20
22 1 U 21
23 0 U 22
24 0 U 23
25 1 U 24
26 0 U 25
27 1 U 26
28 1 U 27
29 1 U 28
30 1 U -1
31 1 U 30
32 0 U 31
33 1 U 32
34 1 U 33
35 1 U 34
36 1 U 35
37 0 U 36
38 1 U 37
39 0 U 38
40 1 U -1
41 0 U 40
42 0 U 41
43 0 U 42
44 0 U 43
45 0 U 44
46 1 U 45
47 1 U 46
48 1 U 47
49 1 U 48
50 0 U -1
51 1 U 50
52 0 U 51
53 0 U 52
54 1 U 53
55 0 U 54
56 0 U 55
57 1 U 56
58 1 U 57
59 0 U 58
60 1 U -1
61 1 U 60
62 0 U 61
63 0 U 62
64 0 U 63
65 0 U 64
66 0 U 65
67 1 U 66
68 0 U 67
69 0 U 68
70 0 U -1
71 0 U 70
72 1 U 71
73 1 U 72
74 1 U 73
75 0 U 74
76 1 U 75
77 0 U 76
78 1 U 77
79 0 U 78
80 0 U -1
81 1 U 80
82 0 U 81
83 0 U 82
84 0 U 83
85 1 U 84
86 0 U 85
87 0 U 86
88 0 U 87
89 0 U 88
90 0 U -1
91 0 U 90
92 0 U 91
93 0 U 92
94 0 U 93
95 0 U 94
96 0 U 95
97 1 U 96
98 1 U 97
99 0 U 98
# score :44 1712630
# W : 89138 , H : 91534 W + H : 180672
100
0 0 U -1
1 0 U 0
2 0 U 1
3 1 U 2
4 1 U 3
5 0 U 4
6 1 U 5
7 0 U 6
8 0 U 7
9 1 U 8
10 0 U -1
11 0 U 10
12 1 U 11
13 1 U 12
14 0 U 13
15 0 U 14
16 1 U 15
17 1 U 16
18 0 U 17
19 1 U 18
20 1 U -1
21 1 U 20
22 0 U 21
23 0 U 22
24 0 U 23
25 1 U 24
26 0 U 25
27 0 U 26
28 0 U 27
29 1 U 28
30 0 U -1
31 0 U 30
32 0 U 31
33 0 U 32
34 1 U 33
35 0 U 34
36 0 U 35
37 0 U 36
38 0 U 37
39 0 U 38
40 0 U -1
41 0 U 40
42 0 U 41
43 1 U 42
44 0 U 43
45 0 U 44
46 1 U 45
47 0 U 46
48 0 U 47
49 0 U 48
50 1 U -1
51 1 U 50
52 0 U 51
53 0 U 52
54 0 U 53
55 0 U 54
56 1 U 55
57 0 U 56
58 1 U 57
59 0 U 58
60 1 U -1
61 1 U 60
62 1 U 61
63 0 U 62
64 0 U 63
65 1 U 64
66 0 U 65
67 0 U 66
68 0 U 67
69 1 U 68
70 0 U -1
71 0 U 70
72 1 U 71
73 0 U 72
74 0 U 73
75 0 U 74
76 1 U 75
77 1 U 76
78 1 U 77
79 0 U 78
80 1 U -1
81 1 U 80
82 1 U 81
83 0 U 82
84 1 U 83
85 1 U 84
86 0 U 85
87 0 U 86
88 1 U 87
89 1 U 88
90 0 U -1
91 0 U 90
92 1 U 91
93 0 U 92
94 0 U 93
95 0 U 94
96 0 U 95
97 0 U 96
98 1 U 97
99 1 U 98
# score :45 1674486
# W : 72202 , H : 51506 W + H : 123708
100
0 0 U -1
1 1 U 0
2 1 U 1
3 0 U 2
4 0 U 3
5 1 U 4
6 0 U 5
7 1 U 6
8 0 U 7
9 1 U 8
10 1 U -1
11 0 U 10
12 0 U 11
13 0 U 12
14 1 U 13
15 0 U 14
16 1 U 15
17 0 U 16
18 0 U 17
19 0 U 18
20 0 U -1
21 1 U 20
22 1 U 21
23 0 U 22
24 0 U 23
25 1 U 24
26 0 U 25
27 1 U 26
28 1 U 27
29 0 U 28
30 1 U -1
31 1 U 30
32 0 U 31
33 1 U 32
34 1 U 33
35 1 U 34
36 0 U 35
37 1 U 36
38 1 U 37
39 1 U 38
40 1 U -1
41 1 U 40
42 0 U 41
43 0 U 42
44 0 U 43
45 1 U 44
46 1 U 45
47 0 U 46
48 0 U 47
49 0 U 48
50 1 U -1
51 0 U 50
52 0 U 51
53 0 U 52
54 1 U 53
55 0 U 54
56 1 U 55
57 0 U 56
58 0 U 57
59 1 U 58
60 1 U -1
61 0 U 60
62 1 U 61
63 1 U 62
64 0 U 63
65 0 U 64
66 1 U 65
67 0 U 66
68 1 U 67
69 0 U 68
70 0 U -1
71 1 U 70
72 0 U 71
73 1 U 72
74 0 U 73
75 0 U 74
76 0 U 75
77 0 U 76
78 1 U 77
79 0 U 78
80 0 U -1
81 1 U 80
82 0 U 81
83 1 U 82
84 0 U 83
85 0 U 84
86 1 U 85
87 0 U 86
88 0 U 87
89 1 U 88
90 1 U -1
91 1 U 90
92 1 U 91
93 0 U 92
94 0 U 93
95 1 U 94
96 0 U 95
97 0 U 96
98 0 U 97
99 0 U 98
# score :46 1724598
# W : 74843 , H : 56365 W + H : 131208
100
0 1 U -1
1 0 U 0
2 1 U 1
3 1 U 2
4 1 U 3
5 1 U 4
6 0 U 5
7 0 U 6
8 0 U 7
9 1 U 8
10 1 U -1
11 1 U 10
12 0 U 11
13 0 U 12
14 1 U 13
15 0 U 14
16 1 U 15
17 0 U 16
18 0 U 17
19 0 U 18
20 1 U -1
21 1 U 20
22 0 U 21
23 1 U 22
24 1 U 23
25 1 U 24
26 1 U 25
27 0 U 26
28 1 U 27
29 1 U 28
30 1 U -1
31 0 U 30
32 1 U 31
33 1 U 32
34 1 U 33
35 0 U 34
36 1 U 35
37 1 U 36
38 0 U 37
39 0 U 38
40 0 U -1
41 1 U 40
42 0 U 41
43 1 U 42
44 1 U 43
45 0 U 44
46 1 U 45
47 1 U 46
48 1 U 47
49 0 U 48
50 1 U -1
51 0 U 50
52 1 U 51
53 1 U 52
54 1 U 53
55 0 U 54
56 1 U 55
57 1 U 56
58 0 U 57
59 1 U 58
60 1 U -1
61 0 U 60
62 0 U 61
63 1 U 62
64 1 U 63
65 1 U 64
66 1 U 65
67 0 U 66
68 0 U 67
69 0 U 68
70 0 U -1
71 0 U 70
72 1 U 71
73 1 U 72
74 0 U 73
75 0 U 74
76 0 U 75
77 0 U 76
78 0 U 77
79 1 U 78
80 1 U -1
81 1 U 80
82 0 U 81
83 0 U 82
84 1 U 83
85 0 U 84
86 0 U 85
87 0 U 86
88 0 U 87
89 0 U 88
90 1 U -1
91 0 U 90
92 0 U 91
93 1 U 92
94 1 U 93
95 1 U 94
96 0 U 95
97 0 U 96
98 0 U 97
99 0 U 98
# score :47 1661021
# W : 71373 , H : 92163 W + H : 163536
100
0 0 U -1
1 0 U 0
2 0 U 1
3 1 U 2
4 0 U 3
5 1 U 4
6 0 U 5
7 0 U 6
8 0 U 7
9 1 U 8
10 0 U -1
11 0 U 10
12 1 U 11
13 0 U 12
14 1 U 13
15 0 U 14
16 0 U 15
17 1 U 16
18 0 U 17
19 0 U 18
20 0 U -1
21 0 U 20
22 0 U 21
23 0 U 22
24 1 U 23
25 1 U 24
26 0 U 25
27 1 U 26
28 0 U 27
29 1 U 28
30 1 U -1
31 1 U 30
32 1 U 31
33 0 U 32
34 1 U 33
35 1 U 34
36 1 U 35
37 1 U 36
38 0 U 37
39 1 U 38
40 0 U -1
41 1 U 40
42 0 U 41
43 1 U 42
44 1 U 43
45 0 U 44
46 0 U 45
47 0 U 46
48 1 U 47
49 0 U 48
50 0 U -1
51 1 U 50
52 0 U 51
53 0 U 52
54 1 U 53
55 0 U 54
56 0 U 55
57 0 U 56
58 1 U 57
59 1 U 58
60 1 U -1
61 0 U 60
62 1 U 61
63 1 U 62
64 1 U 63
65 0 U 64
66 0 U 65
67 0 U 66
68 0 U 67
69 1 U 68
70 0 U -1
71 0 U 70
72 0 U 71
73 1 U 72
74 0 U 73
75 0 U 74
76 0 U 75
77 1 U 76
78 0 U 77
79 0 U 78
80 0 U -1
81 1 U 80
82 1 U 81
83 1 U 82
84 0 U 83
85 0 U 84
86 0 U 85
87 1 U 86
88 1 U 87
89 1 U 88
90 1 U -1
91 0 U 90
92 0 U 91
93 0 U 92
94 0 U 93
95 1 U 94
96 0 U 95
97 0 U 96
98 1 U 97
99 0 U 98
# score :48 1700872
# W : 99458 , H : 43846 W + H : 143304
100
0 0 U -1
1 1 U 0
2 0 U 1
3 1 U 2
4 1 U 3
5 1 U 4
6 0 U 5
7 0 U 6
8 1 U 7
9 1 U 8
10 1 U -1
11 1 U 10
12 1 U 11
13 1 U 12
14 1 U 13
15 0 U 14
16 1 U 15
17 1 U 16
18 0 U 17
19 1 U 18
20 0 U -1
21 1 U 20
22 0 U 21
23 0 U 22
24 0 U 23
25 1 U 24
26 1 U 25
27 0 U 26
28 1 U 27
29 1 U 28
30 1 U -1
31 1 U 30
32 1 U 31
33 0 U 32
34 0 U 33
35 1 U 34
36 0 U 35
37 0 U 36
38 1 U 37
39 0 U 38
40 1 U -1
41 1 U 40
42 1 U 41
43 0 U 42
44 0 U 43
45 0 U 44
46 1 U 45
47 1 U 46
48 1 U 47
49 1 U 48
50 0 U -1
51 0 U 50
52 1 U 51
53 0 U 52
54 0 U 53
55 0 U 54
56 0 U 55
57 1 U 56
58 0 U 57
59 0 U 58
60 1 U -1
61 0 U 60
62 0 U 61
63 1 U 62
64 0 U 63
65 1 U 64
66 0 U 65
67 1 U 66
68 1 U 67
69 1 U 68
70 0 U -1
71 1 U 70
72 0 U 71
73 0 U 72
74 1 U 73
75 0 U 74
76 0 U 75
77 0 U 76
78 0 U 77
79 1 U 78
80 1 U -1
81 1 U 80
82 1 U 81
83 1 U 82
84 1 U 83
85 1 U 84
86 0 U 85
87 0 U 86
88 1 U 87
89 1 U 88
90 1 U -1
91 0 U 90
92 1 U 91
93 1 U 92
94 0 U 93
95 0 U 94
96 1 U 95
97 1 U 96
98 0 U 97
99 0 U 98
# score :49 1673045
# W : 52410 , H : 72828 W + H : 125238
100
0 1 U -1
1 1 U 0
2 0 U 1
3 1 U 2
4 1 U 3
5 1 U 4
6 1 U 5
7 0 U 6
8 0 U 7
9 1 U 8
10 0 U -1
11 0 U 10
12 1 U 11
13 1 U 12
14 1 U 13
15 0 U 14
16 0 U 15
17 0 U 16
18 0 U 17
19 0 U 18
20 0 U -1
21 0 U 20
22 0 U 21
23 0 U 22
24 1 U 23
25 1 U 24
26 1 U 25
27 0 U 26
28 0 U 27
29 1 U 28
30 1 U -1
31 0 U 30
32 1 U 31
33 0 U 32
34 0 U 33
35 1 U 34
36 1 U 35
37 1 U 36
38 0 U 37
39 1 U 38
40 0 U -1
41 0 U 40
42 0 U 41
43 0 U 42
44 1 U 43
45 1 U 44
46 1 U 45
47 0 U 46
48 1 U 47
49 0 U 48
50 1 U -1
51 1 U 50
52 0 U 51
53 1 U 52
54 0 U 53
55 0 U 54
56 1 U 55
57 1 U 56
58 1 U 57
59 0 U 58
60 1 U -1
61 1 U 60
62 0 U 61
63 1 U 62
64 0 U 63
65 0 U 64
66 1 U 65
67 1 U 66
68 1 U 67
69 0 U 68
70 1 U -1
71 0 U 70
72 1 U 71
73 1 U 72
74 0 U 73
75 0 U 74
76 0 U 75
77 0 U 76
78 1 U 77
79 0 U 78
80 1 U -1
81 1 U 80
82 0 U 81
83 1 U 82
84 0 U 83
85 0 U 84
86 0 U 85
87 0 U 86
88 0 U 87
89 1 U 88
90 1 U -1
91 1 U 90
92 0 U 91
93 0 U 92
94 1 U 93
95 0 U 94
96 0 U 95
97 1 U 96
98 1 U 97
99 0 U 98
# score :50 1653079
# W : 95625 , H : 99030 W + H : 194655
100
0 1 U -1
1 1 U 0
2 0 U 1
3 1 U 2
4 0 U 3
5 0 U 4
6 0 U 5
7 1 U 6
8 1 U 7
9 0 U 8
10 1 U -1
11 0 U 10
12 1 U 11
13 0 U 12
14 1 U 13
15 0 U 14
16 0 U 15
17 1 U 16
18 1 U 17
19 0 U 18
20 0 U -1
21 0 U 20
22 0 U 21
23 0 U 22
24 0 U 23
25 1 U 24
26 0 U 25
27 0 U 26
28 0 U 27
29 1 U 28
30 1 U -1
31 1 U 30
32 0 U 31
33 1 U 32
34 1 U 33
35 1 U 34
36 1 U 35
37 0 U 36
38 1 U 37
39 1 U 38
40 0 U -1
41 0 U 40
42 1 U 41
43 0 U 42
44 0 U 43
45 1 U 44
46 0 U 45
47 1 U 46
48 0 U 47
49 0 U 48
50 1 U -1
51 0 U 50
52 0 U 51
53 0 U 52
54 0 U 53
55 0 U 54
56 0 U 55
57 1 U 56
58 1 U 57
59 1 U 58
60 1 U -1
61 0 U 60
62 1 U 61
63 1 U 62
64 0 U 63
65 1 U 64
66 1 U 65
67 0 U 66
68 0 U 67
69 0 U 68
70 0 U -1
71 1 U 70
72 1 U 71
73 1 U 72
74 1 U 73
75 1 U 74
76 0 U 75
77 1 U 76
78 0 U 77
79 0 U 78
80 0 U -1
81 1 U 80
82 0 U 81
83 0 U 82
84 0 U 83
85 0 U 84
86 1 U 85
87 1 U 86
88 0 U 87
89 1 U 88
90 0 U -1
91 0 U 90
92 0 U 91
93 1 U 92
94 1 U 93
95 0 U 94
96 0 U 95
97 1 U 96
98 1 U 97
99 1 U 98
# score :51 1793266
# W : 90904 , H : 62008 W + H : 152912
100
0 1 U -1
1 1 U 0
2 0 U 1
3 1 U 2
4 0 U 3
5 0 U 4
6 0 U 5
7 0 U 6
8 1 U 7
9 1 U 8
10 1 U -1
11 0 U 10
12 0 U 11
13 0 U 12
14 1 U 13
15 0 U 14
16 0 U 15
17 1 U 16
18 1 U 17
19 1 U 18
20 1 U -1
21 0 U 20
22 1 U 21
23 0 U 22
24 0 U 23
25 1 U 24
26 0 U 25
27 1 U 26
28 0 U 27
29 0 U 28
30 1 U -1
31 1 U 30
32 0 U 31
33 0 U 32
34 0 U 33
35 0 U 34
36 1 U 35
37 0 U 36
38 0 U 37
39 0 U 38
40 1 U -1
41 1 U 40
42 1 U 41
43 0 U 42
44 1 U 43
45 1 U 44
46 0 U 45
47 0 U 46
48 0 U 47
49 0 U 48
50 0 U -1
51 1 U 50
52 0 U 51
53 1 U 52
54 1 U 53
55 1 U 54
56 1 U 55
57 0 U 56
58 1 U 57
59 0 U 58
60 1 U -1
61 0 U 60
62 0 U 61
63 0 U 62
64 1 U 63
65 0 U 64
66 0 U 65
67 0 U 66
68 0 U 67
69 0 U 68
70 0 U -1
71 1 U 70
72 0 U 71
73 0 U 72
74 1 U 73
75 0 U 74
76 0 U 75
77 0 U 76
78 0 U 77
79 0 U 78
80 1 U -1
81 0 U 80
82 0 U 81
83 1 U 82
84 0 U 83
85 0 U 84
86 1 U 85
87 0 U 86
88 1 U 87
89 0 U 88
90 0 U -1
91 0 U 90
92 0 U 91
93 0 U 92
94 1 U 93
95 1 U 94
96 1 U 95
97 1 U 96
98 1 U 97
99 1 U 98
# score :52 1674478
# W : 74130 , H : 51497 W + H : 125627
100
0 1 U -1
1 1 U 0
2 0 U 1
3 0 U 2
4 0 U 3
5 1 U 4
6 1 U 5
7 0 U 6
8 0 U 7
9 0 U 8
10 0 U -1
11 0 U 10
12 0 U 11
13 1 U 12
14 0 U 13
15 0 U 14
16 1 U 15
17 1 U 16
18 0 U 17
19 0 U 18
20 0 U -1
21 0 U 20
22 1 U 21
23 0 U 22
24 1 U 23
25 0 U 24
26 1 U 25
27 0 U 26
28 1 U 27
29 1 U 28
30 1 U -1
31 1 U 30
32 1 U 31
33 0 U 32
34 0 U 33
35 0 U 34
36 0 U 35
37 1 U 36
38 1 U 37
39 1 U 38
40 1 U -1
41 1 U 40
42 1 U 41
43 1 U 42
44 0 U 43
45 0 U 44
46 0 U 45
47 1 U 46
48 1 U 47
49 0 U 48
50 1 U -1
51 0 U 50
52 1 U 51
53 1 U 52
54 0 U 53
55 0 U 54
56 1 U 55
57 0 U 56
58 1 U 57
59 1 U 58
60 1 U -1
61 0 U 60
62 1 U 61
63 0 U 62
64 1 U 63
65 0 U 64
66 0 U 65
67 1 U 66
68 0 U 67
69 0 U 68
70 0 U -1
71 0 U 70
72 0 U 71
73 0 U 72
74 0 U 73
75 0 U 74
76 1 U 75
77 0 U 76
78 0 U 77
79 0 U 78
80 1 U -1
81 0 U 80
82 0 U 81
83 0 U 82
84 1 U 83
85 0 U 84
86 1 U 85
87 0 U 86
88 1 U 87
89 0 U 88
90 0 U -1
91 0 U 90
92 0 U 91
93 0 U 92
94 1 U 93
95 1 U 94
96 0 U 95
97 1 U 96
98 0 U 97
99 1 U 98
# score :53 1654991
# W : 66286 , H : 39728 W + H : 106014
100
0 0 U -1
1 0 U 0
2 1 U 1
3 0 U 2
4 0 U 3
5 1 U 4
6 0 U 5
7 1 U 6
8 1 U 7
9 1 U 8
10 1 U -1
11 0 U 10
12 1 U 11
13 0 U 12
14 0 U 13
15 1 U 14
16 0 U 15
17 0 U 16
18 1 U 17
19 1 U 18
20 1 U -1
21 0 U 20
22 0 U 21
23 0 U 22
24 1 U 23
25 1 U 24
26 0 U 25
27 1 U 26
28 1 U 27
29 0 U 28
30 0 U -1
31 0 U 30
32 0 U 31
33 1 U 32
34 0 U 33
35 1 U 34
36 1 U 35
37 0 U 36
38 1 U 37
39 1 U 38
40 1 U -1
41 1 U 40
42 1 U 41
43 0 U 42
44 0 U 43
45 1 U 44
46 1 U 45
47 1 U 46
48 0 U 47
49 0 U 48
50 1 U -1
51 0 U 50
52 1 U 51
53 0 U 52
54 1 U 53
55 1 U 54
56 1 U 55
57 1 U 56
58 1 U 57
59 0 U 58
60 1 U -1
61 1 U 60
62 0 U 61
63 0 U 62
64 0 U 63
65 1 U 64
66 1 U 65
67 0 U 66
68 1 U 67
69 0 U 68
70 1 U -1
71 1 U 70
72 0 U 71
73 1 U 72
74 0 U 73
75 0 U 74
76 1 U 75
77 1 U 76
78 1 U 77
79 0 U 78
80 1 U -1
81 0 U 80
82 0 U 81
83 1 U 82
84 0 U 83
85 1 U 84
86 1 U 85
87 0 U 86
88 1 U 87
89 0 U 88
90 0 U -1
91 1 U 90
92 1 U 91
93 0 U 92
94 1 U 93
95 1 U 94
96 0 U 95
97 1 U 96
98 0 U 97
99 1 U 98
# score :54 1792419
# W : 89368 , H : 43614 W + H : 132982
100
0 0 U -1
1 1 U 0
2 0 U 1
3 1 U 2
4 0 U 3
5 1 U 4
6 0 U 5
7 1 U 6
8 0 U 7
9 1 U 8
10 1 U -1
11 0 U 10
12 0 U 11
13 1 U 12
14 1 U 13
15 0 U 14
16 0 U 15
17 1 U 16
18 1 U 17
19 1 U 18
20 1 U -1
21 0 U 20
22 0 U 21
23 0 U 22
24 0 U 23
25 0 U 24
26 0 U 25
27 0 U 26
28 1 U 27
29 0 U 28
30 0 U -1
31 1 U 30
32 0 U 31
33 0 U 32
34 0 U 33
35 0 U 34
36 0 U 35
37 0 U 36
38 0 U 37
39 0 U 38
40 1 U -1
41 0 U 40
42 0 U 41
43 1 U 42
44 0 U 43
45 0 U 44
46 1 U 45
47 0 U 46
48 1 U 47
49 0 U 48
50 1 U -1
51 0 U 50
52 0 U 51
53 1 U 52
54 0 U 53
55 1 U 54
56 1 U 55
57 0 U 56
58 0 U 57
59 0 U 58
60 1 U -1
61 1 U 60
62 1 U 61
63 1 U 62
64 1 U 63
65 0 U 64
66 1 U 65
67 0 U 66
68 1 U 67
69 0 U 68
70 1 U -1
71 1 U 70
72 0 U 71
73 0 U 72
74 1 U 73
75 1 U 74
76 0 U 75
77 1 U 76
78 1 U 77
79 0 U 78
80 0 U -1
81 1 U 80
82 1 U 81
83 1 U 82
84 0 U 83
85 1 U 84
86 1 U 85
87 0 U 86
88 1 U 87
89 0 U 88
90 1 U -1
91 1 U 90
92 0 U 91
93 0 U 92
94 0 U 93
95 1 U 94
96 1 U 95
97 1 U 96
98 0 U 97
99 1 U 98
# score :55 1669745
# W : 69108 , H : 46112 W + H : 115220
100
0 1 U -1
1 0 U 0
2 0 U 1
3 0 U 2
4 1 U 3
5 0 U 4
6 1 U 5
7 0 U 6
8 1 U 7
9 1 U 8
10 1 U -1
11 1 U 10
12 1 U 11
13 1 U 12
14 1 U 13
15 1 U 14
16 1 U 15
17 1 U 16
18 0 U 17
19 0 U 18
20 1 U -1
21 1 U 20
22 1 U 21
23 1 U 22
24 1 U 23
25 0 U 24
26 0 U 25
27 0 U 26
28 1 U 27
29 1 U 28
30 0 U -1
31 1 U 30
32 1 U 31
33 0 U 32
34 1 U 33
35 0 U 34
36 0 U 35
37 1 U 36
38 1 U 37
39 0 U 38
40 1 U -1
41 1 U 40
42 0 U 41
43 1 U 42
44 1 U 43
45 1 U 44
46 0 U 45
47 0 U 46
48 1 U 47
49 1 U 48
50 0 U -1
51 1 U 50
52 1 U 51
53 1 U 52
54 0 U 53
55 1 U 54
56 0 U 55
57 1 U 56
58 0 U 57
59 1 U 58
60 0 U -1
61 1 U 60
62 0 U 61
63 1 U 62
64 1 U 63
65 1 U 64
66 1 U 65
67 0 U 66
68 1 U 67
69 0 U 68
70 1 U -1
71 1 U 70
72 1 U 71
73 0 U 72
74 1 U 73
75 1 U 74
76 0 U 75
77 1 U 76
78 0 U 77
79 1 U 78
80 0 U -1
81 0 U 80
82 0 U 81
83 1 U 82
84 1 U 83
85 0 U 84
86 1 U 85
87 0 U 86
88 0 U 87
89 0 U 88
90 0 U -1
91 0 U 90
92 0 U 91
93 0 U 92
94 0 U 93
95 1 U 94
96 1 U 95
97 0 U 96
98 1 U 97
99 0 U 98
# score :56 1740460
# W : 97663 , H : 62040 W + H : 159703
100
0 0 U -1
1 1 U 0
2 0 U 1
3 0 U 2
4 0 U 3
5 0 U 4
6 0 U 5
7 1 U 6
8 0 U 7
9 1 U 8
10 1 U -1
11 0 U 10
12 0 U 11
13 1 U 12
14 0 U 13
15 1 U 14
16 1 U 15
17 0 U 16
18 0 U 17
19 1 U 18
20 0 U -1
21 1 U 20
22 0 U 21
23 0 U 22
24 1 U 23
25 0 U 24
26 0 U 25
27 1 U 26
28 1 U 27
29 1 U 28
30 1 U -1
31 0 U 30
32 0 U 31
33 0 U 32
34 1 U 33
35 1 U 34
36 1 U 35
37 0 U 36
38 1 U 37
39 0 U 38
40 0 U -1
41 0 U 40
42 1 U 41
43 0 U 42
44 1 U 43
45 0 U 44
46 0 U 45
47 0 U 46
48 1 U 47
49 1 U 48
50 0 U -1
51 1 U 50
52 0 U 51
53 0 U 52
54 1 U 53
55 0 U 54
56 1 U 55
57 1 U 56
58 0 U 57
59 1 U 58
60 0 U -1
61 0 U 60
62 0 U 61
63 1 U 62
64 0 U 63
65 0 U 64
66 0 U 65
67 1 U 66
68 1 U 67
69 0 U 68
70 1 U -1
71 1 U 70
72 0 U 71
73 1 U 72
74 1 U 73
75 1 U 74
76 0 U 75
77 0 U 76
78 1 U 77
79 0 U 78
80 1 U -1
81 0 U 80
82 1 U 81
83 1 U 82
84 0 U 83
85 1 U 84
86 0 U 85
87 1 U 86
88 0 U 87
89 0 U 88
90 1 U -1
91 1 U 90
92 0 U 91
93 1 U 92
94 0 U 93
95 1 U 94
96 1 U 95
97 0 U 96
98 1 U 97
99 1 U 98
# score :57 1743924
# W : 80274 , H : 90935 W + H : 171209
100
0 0 U -1
1 1 U 0
2 0 U 1
3 1 U 2
4 0 U 3
5 1 U 4
6 0 U 5
7 0 U 6
8 0 U 7
9 1 U 8
10 1 U -1
11 0 U 10
12 1 U 11
13 0 U 12
14 1 U 13
15 1 U 14
16 1 U 15
17 1 U 16
18 1 U 17
19 1 U 18
20 1 U -1
21 0 U 20
22 0 U 21
23 1 U 22
24 1 U 23
25 1 U 24
26 0 U 25
27 1 U 26
28 0 U 27
29 1 U 28
30 1 U -1
31 1 U 30
32 1 U 31
33 0 U 32
34 1 U 33
35 0 U 34
36 0 U 35
37 1 U 36
38 1 U 37
39 0 U 38
40 1 U -1
41 0 U 40
42 1 U 41
43 1 U 42
44 0 U 43
45 1 U 44
46 0 U 45
47 1 U 46
48 0 U 47
49 0 U 48
50 0 U -1
51 1 U 50
52 1 U 51
53 0 U 52
54 0 U 53
55 0 U 54
56 1 U 55
57 0 U 56
58 1 U 57
59 1 U 58
60 0 U -1
61 1 U 60
62 1 U 61
63 0 U 62
64 0 U 63
65 0 U 64
66 0 U 65
67 1 U 66
68 0 U 67
69 0 U 68
70 0 U -1
71 0 U 70
72 0 U 71
73 0 U 72
74 1 U 73
75 1 U 74
76 1 U 75
77 0 U 76
78 1 U 77
79 0 U 78
80 1 U -1
81 1 U 80
82 1 U 81
83 0 U 82
84 1 U 83
85 0 U 84
86 1 U 85
87 1 U 86
88 1 U 87
89 1 U 88
90 1 U -1
91 0 U 90
92 1 U 91
93 0 U 92
94 1 U 93
95 0 U 94
96 0 U 95
97 1 U 96
98 1 U 97
99 1 U 98
# score :58 1614806
# W : 49810 , H : 36664 W + H : 86474
100
0 0 U -1
1 0 U 0
2 0 U 1
3 1 U 2
4 1 U 3
5 0 U 4
6 0 U 5
7 0 U 6
8 1 U 7
9 1 U 8
10 1 U -1
11 0 U 10
12 0 U 11
13 0 U 12
14 1 U 13
15 0 U 14
16 1 U 15
17 1 U 16
18 0 U 17
19 0 U 18
20 0 U -1
21 0 U 20
22 0 U 21
23 1 U 22
24 1 U 23
25 0 U 24
26 0 U 25
27 1 U 26
28 1 U 27
29 1 U 28
30 1 U -1
31 1 U 30
32 0 U 31
33 0 U 32
34 1 U 33
35 0 U 34
36 0 U 35
37 1 U 36
38 0 U 37
39 1 U 38
40 0 U -1
41 1 U 40
42 1 U 41
43 1 U 42
44 1 U 43
45 1 U 44
46 0 U 45
47 1 U 46
48 0 U 47
49 1 U 48
50 0 U -1
51 1 U 50
52 0 U 51
53 0 U 52
54 1 U 53
55 0 U 54
56 0 U 55
57 1 U 56
58 0 U 57
59 0 U 58
60 0 U -1
61 0 U 60
62 1 U 61
63 0 U 62
64 1 U 63
65 0 U 64
66 0 U 65
67 0 U 66
68 1 U 67
69 0 U 68
70 1 U -1
71 1 U 70
72 0 U 71
73 1 U 72
74 1 U 73
75 1 U 74
76 0 U 75
77 0 U 76
78 1 U 77
79 0 U 78
80 1 U -1
81 1 U 80
82 1 U 81
83 1 U 82
84 1 U 83
85 0 U 84
86 1 U 85
87 0 U 86
88 0 U 87
89 0 U 88
90 0 U -1
91 1 U 90
92 1 U 91
93 1 U 92
94 0 U 93
95 0 U 94
96 1 U 95
97 1 U 96
98 1 U 97
99 0 U 98
# score :59 1672620
# W : 90576 , H : 39204 W + H : 129780
100
0 0 U -1
1 1 U 0
2 0 U 1
3 0 U 2
4 0 U 3
5 1 U 4
6 0 U 5
7 1 U 6
8 1 U 7
9 1 U 8
10 0 U -1
11 1 U 10
12 1 U 11
13 0 U 12
14 0 U 13
15 0 U 14
16 0 U 15
17 1 U 16
18 1 U 17
19 1 U 18
20 0 U -1
21 1 U 20
22 1 U 21
23 1 U 22
24 0 U 23
25 1 U 24
26 0 U 25
27 0 U 26
28 1 U 27
29 1 U 28
30 1 U -1
31 0 U 30
32 1 U 31
33 0 U 32
34 1 U 33
35 0 U 34
36 0 U 35
37 1 U 36
38 1 U 37
39 1 U 38
40 1 U -1
41 0 U 40
42 1 U 41
43 1 U 42
44 0 U 43
45 1 U 44
46 1 U 45
47 1 U 46
48 1 U 47
49 0 U 48
50 1 U -1
51 0 U 50
52 1 U 51
53 0 U 52
54 1 U 53
55 1 U 54
56 1 U 55
57 0 U 56
58 1 U 57
59 1 U 58
60 0 U -1
61 0 U 60
62 1 U 61
63 0 U 62
64 1 U 63
65 0 U 64
66 1 U 65
67 1 U 66
68 0 U 67
69 0 U 68
70 1 U -1
71 0 U 70
72 1 U 71
73 0 U 72
74 1 U 73
75 1 U 74
76 0 U 75
77 0 U 76
78 1 U 77
79 0 U 78
80 0 U -1
81 1 U 80
82 0 U 81
83 0 U 82
84 1 U 83
85 0 U 84
86 0 U 85
87 0 U 86
88 1 U 87
89 1 U 88
90 1 U -1
91 0 U 90
92 1 U 91
93 0 U 92
94 0 U 93
95 0 U 94
96 1 U 95
97 1 U 96
98 1 U 97
99 0 U 98
# score :60 1693989
# W : 59675 , H : 91487 W + H : 151162
100
0 1 U -1
1 0 U 0
2 0 U 1
3 0 U 2
4 1 U 3
5 0 U 4
6 0 U 5
7 1 U 6
8 0 U 7
9 0 U 8
10 1 U -1
11 0 U 10
12 1 U 11
13 1 U 12
14 0 U 13
15 0 U 14
16 1 U 15
17 1 U 16
18 1 U 17
19 1 U 18
20 1 U -1
21 1 U 20
22 0 U 21
23 0 U 22
24 1 U 23
25 1 U 24
26 0 U 25
27 1 U 26
28 0 U 27
29 0 U 28
30 0 U -1
31 1 U 30
32 0 U 31
33 1 U 32
34 0 U 33
35 0 U 34
36 1 U 35
37 0 U 36
38 0 U 37
39 1 U 38
40 0 U -1
41 1 U 40
42 1 U 41
43 0 U 42
44 1 U 43
45 1 U 44
46 0 U 45
47 1 U 46
48 0 U 47
49 1 U 48
50 1 U -1
51 1 U 50
52 0 U 51
53 1 U 52
54 1 U 53
55 0 U 54
56 0 U 55
57 1 U 56
58 0 U 57
59 1 U 58
60 1 U -1
61 0 U 60
62 1 U 61
63 1 U 62
64 1 U 63
65 1 U 64
66 0 U 65
67 0 U 66
68 1 U 67
69 1 U 68
70 1 U -1
71 0 U 70
72 0 U 71
73 1 U 72
74 0 U 73
75 0 U 74
76 0 U 75
77 0 U 76
78 0 U 77
79 0 U 78
80 0 U -1
81 1 U 80
82 1 U 81
83 0 U 82
84 0 U 83
85 1 U 84
86 0 U 85
87 1 U 86
88 1 U 87
89 0 U 88
90 1 U -1
91 0 U 90
92 1 U 91
93 0 U 92
94 1 U 93
95 0 U 94
96 1 U 95
97 1 U 96
98 1 U 97
99 1 U 98
# score :61 1722652
# W : 42409 , H : 74095 W + H : 116504
100
0 1 U -1
1 1 U 0
2 0 U 1
3 1 U 2
4 0 U 3
5 1 U 4
6 1 U 5
7 1 U 6
8 1 U 7
9 1 U 8
10 1 U -1
11 1 U 10
12 1 U 11
13 1 U 12
14 0 U 13
15 1 U 14
16 0 U 15
17 0 U 16
18 1 U 17
19 1 U 18
20 0 U -1
21 1 U 20
22 0 U 21
23 1 U 22
24 0 U 23
25 1 U 24
26 1 U 25
27 1 U 26
28 0 U 27
29 0 U 28
30 0 U -1
31 1 U 30
32 1 U 31
33 0 U 32
34 1 U 33
35 1 U 34
36 1 U 35
37 0 U 36
38 0 U 37
39 0 U 38
40 1 U -1
41 0 U 40
42 1 U 41
43 0 U 42
44 0 U 43
45 1 U 44
46 1 U 45
47 1 U 46
48 0 U 47
49 1 U 48
50 1 U -1
51 0 U 50
52 0 U 51
53 0 U 52
54 1 U 53
55 0 U 54
56 0 U 55
57 0 U 56
58 1 U 57
59 0 U 58
60 1 U -1
61 0 U 60
62 1 U 61
63 0 U 62
64 1 U 63
65 1 U 64
66 0 U 65
67 0 U 66
68 0 U 67
69 0 U 68
70 1 U -1
71 1 U 70
72 1 U 71
73 0 U 72
74 1 U 73
75 1 U 74
76 0 U 75
77 1 U 76
78 0 U 77
79 0 U 78
80 0 U -1
81 1 U 80
82 1 U 81
83 1 U 8