100 120 7669
73131 80665
37182 43873
46147 62717
52907 64574
61014 37836
60229 63296
91353 66519
101052 77502
68302 78154
74844 42150
43063 37436
93850 84303
51430 76671
43336 93890
42564 83108
59967 43733
55988 84939
45179 106259
42257 48490
51049 42120
73743 50517
95327 69431
86919 44100
103324 98179
102429 85659
69625 73812
50359 75987
55652 103752
72735 96362
67988 27779
77801 101087
43662 103126
59180 68630
44087 100341
93724 87853
48600 62566
65046 80699
95087 41577
81102 68827
41820 88111
87356 102028
47396 89373
83397 65205
99669 61478
88198 94458
73301 46355
69692 61520
67898 79797
101675 43818
47153 82148
95518 109886
76821 62584
63119 44924
69615 48945
93110 48532
91370 60024
96974 60489
81032 93962
43624 25844
98898 42100
61416 93171
44352 67524
96932 51627
69283 96014
51557 108732
54748 44708
43770 56801
52531 42455
77226 87575
41539 60430
98082 61282
50614 37849
82890 83039
85272 42187
91000 62992
43345 69932
75008 52910
47456 45025
61251 41930
49396 69957
57264 58469
40531 91114
50111 42485
65360 105271
96016 92498
95024 24805
59515 56519
97986 39475
80314 82091
88572 42873
78047 67366
64839 91024
57048 43595
74406 68894
80335 50528
62183 47347
81740 29661
58269 65964
68117 43633
68455 40134
73127 88484
40095 47029
41293 55171
52190 50154
64812 36304
63611 66756
84644 74912
93401 81846
67603 79312
73320 41219
42621 39810
99314 79649
53850 80075
43281 99639
49736 89061
62378 42110
48697 90542
54316 97468
42705 59921
48523 41913
69851 56917
87975 64695
94972 54203
95305 90166
89910 84814
81128 71903
54098 88984
59970 97608
76350 92238
58821 35945
95159 94793
43671 91333
61023 68522
43051 98427
85644 92346
45772 56022
76028 88289
99200 55499
85734 55558
37717 85380
84642 99106
52157 75709
95840 77998
96292 62510
89138 91534
72202 51506
74843 56365
71373 92163
99458 43846
52410 72828
95625 99030
90904 62008
74130 51497
66286 39728
89368 43614
69108 46112
97663 62040
80274 90935
49810 36664
90576 39204
59675 91487
42409 74095
93083 42837
60812 99588
50360 85026
60378 52902
47613 54583
47491 52870
55368 87539
40376 63996
94446 52528
66729 43612
84233 75827
88391 53352
95802 50954
36333 58862
65346 57292
57145 49909
67040 35904
43178 76219
51570 49124
45774 92394
50422 39307
72293 91546
98158 87438
97411 37106
45468 50289
97392 44190
91336 88876
84173 42917
81876 64473
66455 83757
57167 37880
77092 87940
79790 50100
72648 36424
80443 41379
48894 72807
42616 48673
62989 37620
980 11554
14171 -13600
4728 -2041
-1010 8168
-6893 11742
-1793 -2867
-3226 7999
-6249 -6442
3314 1007
-823 6898
-878 -5787
5126 -7120
-7219 -12302
-1933 5380
324 375
-12138 -1768
-1387 -4835
-4910 5468
-6234 8348
-12865 -218
-3956 4992
986 6466
4408 -2273
-7091 -3643
12148 -7843
-3004 -1977
-3656 -1728
1147 544
8904 -9776
-10126 1321
-2968 2870
-3880 -4007
9689 -7955
3588 5034
-6786 -5660
-16356 -5152
796 -8350
-2625 14616
-14123 -7062
8058 18605
-2745 -6182
-14229 903
-6143 1208
1013 3027
2102 96
-3156 4973
7338 1072
-10738 13537
-4022 -4274
6853 -2229
5314 4578
11378 -179
-1229 -13006
-4544 8641
9788 1295
8098 4797
-1826 9262
10659 5277
-4404 800
-9713 -3223
11082 -10012
9271 2048
6322 -10219
6016 -2774
-5483 5866
4973 -14963
739 -10434
7134 -17946
-29403 5100
-2835 458
-1433 -5321
-5032 4152
1823 -1746
-2082 -8881
-17356 -488
8543 -3515
2227 13212
-8368 5839
3377 5256
8312 -4884
8474 -3484
3906 1357
9986 2639
2676 -9092
-11063 -99
-4971 -17947
6229 -297
-10930 -8925
-8271 6284
-144 -2070
-680 4380
-1648 -610
1786 593
-1723 0
-6114 14386
-7154 5657
3737 7052
1541 -10765
-5555 -17899
525 -2587
4062 11073
-10454 254
-8731 17331
4770 6139
5197 -10522
10432 -7235
-1160 -917
-5523 -9718
-6612 1493
1772 10071
-7282 -28213
7451 2503
-12403 8326
-3183 -1410
-9525 6235
-3799 -443
669 1732
-6034 -362
-21731 -8495
3320 4215
