q 25 0 0 0 1 0 2 0 3 0 4 1 0 1 1 1 2 1 3 1 4 2 0 2 1 2 2 2 3 2 4 3 0 3 1 3 2 3 3 3 4 4 0 4 1 4 2 4 3 4 4 
q 30 0 5 0 6 0 7 0 8 0 9 0 10 1 5 1 6 1 7 1 8 1 9 1 10 2 5 2 6 2 7 2 8 2 9 2 10 3 5 3 6 3 7 3 8 3 9 3 10 4 5 4 6 4 7 4 8 4 9 4 10 
q 30 5 0 5 1 5 2 5 3 5 4 6 0 6 1 6 2 6 3 6 4 7 0 7 1 7 2 7 3 7 4 8 0 8 1 8 2 8 3 8 4 9 0 9 1 9 2 9 3 9 4 10 0 10 1 10 2 10 3 10 4 
q 36 5 5 5 6 5 7 5 8 5 9 5 10 6 5 6 6 6 7 6 8 6 9 6 10 7 5 7 6 7 7 7 8 7 9 7 10 8 5 8 6 8 7 8 8 8 9 8 10 9 5 9 6 9 7 9 8 9 9 9 10 10 5 10 6 10 7 10 8 10 9 10 10 
# score, mode = 3, 2
# score, mode = 11, 3
# score, mode = 16, 0
# score, mode = 19, 1
# chosen score, mode = 19, 1
q 1 4 5
q 1 5 5
q 1 6 5
q 1 7 5
q 1 8 5
q 1 9 5
q 1 8 6
q 1 8 4
q 1 7 6
q 1 7 7
q 1 6 6
q 1 6 7
q 1 5 6
q 1 5 7
q 1 5 8
q 1 4 7
q 1 4 8
q 1 3 7
q 1 3 8
q 1 2 7
q 1 2 8
q 1 2 9
q 1 1 8
q 1 1 9
q 1 0 8
q 1 1 7
q 1 0 7
q 1 1 6
q 1 2 6
q 1 3 6
q 1 4 6
q 1 3 5
q 1 2 5
q 1 3 4
q 1 4 4
q 1 5 4
q 1 6 4
q 1 5 3
q 1 4 3
q 1 2 4
q 1 1 4
q 1 1 5
q 1 0 5
q 1 0 4
q 1 0 3
q 1 1 3
q 1 2 3
q 1 3 3
q 1 3 2
q 1 4 2
q 1 2 2
q 1 1 2
q 1 2 1
q 1 3 1
q 1 4 1
q 1 3 0
q 1 1 1
q 1 2 0
q 1 0 2
q 1 0 6
q 1 7 4
a 36 0 3 0 4 1 3 1 4 1 5 1 6 1 7 1 8 2 1 2 2 2 3 2 4 2 6 2 7 2 8 3 1 3 2 3 3 3 4 3 5 3 6 3 7 4 4 4 5 4 6 4 7 5 4 5 5 5 6 5 7 6 5 6 6 7 4 7 5 7 6 8 5 
