q 25 0 0 0 1 0 2 0 3 0 4 1 0 1 1 1 2 1 3 1 4 2 0 2 1 2 2 2 3 2 4 3 0 3 1 3 2 3 3 3 4 4 0 4 1 4 2 4 3 4 4 
q 25 0 5 0 6 0 7 0 8 0 9 1 5 1 6 1 7 1 8 1 9 2 5 2 6 2 7 2 8 2 9 3 5 3 6 3 7 3 8 3 9 4 5 4 6 4 7 4 8 4 9 
q 25 5 0 5 1 5 2 5 3 5 4 6 0 6 1 6 2 6 3 6 4 7 0 7 1 7 2 7 3 7 4 8 0 8 1 8 2 8 3 8 4 9 0 9 1 9 2 9 3 9 4 
q 25 5 5 5 6 5 7 5 8 5 9 6 5 6 6 6 7 6 8 6 9 7 5 7 6 7 7 7 8 7 9 8 5 8 6 8 7 8 8 8 9 9 5 9 6 9 7 9 8 9 9 
# score, mode = 1, 1
# score, mode = 5, 0
# score, mode = 9, 2
# score, mode = 15, 3
# chosen score, mode = 15, 3
q 1 5 5
q 1 6 5
q 1 5 6
q 1 6 6
q 1 5 7
q 1 6 7
q 1 7 7
q 1 8 7
q 1 9 7
q 1 8 8
q 1 9 8
q 1 8 9
q 1 9 9
q 1 7 9
q 1 6 9
q 1 7 8
q 1 8 6
q 1 9 6
q 1 7 6
q 1 7 5
q 1 8 5
q 1 9 5
q 1 9 4
q 1 8 4
q 1 7 4
q 1 6 4
q 1 5 4
q 1 4 4
q 1 4 5
q 1 3 4
q 1 3 5
q 1 2 4
q 1 3 3
q 1 4 3
q 1 5 3
q 1 6 3
q 1 5 2
q 1 6 2
q 1 7 2
q 1 6 1
q 1 4 2
q 1 5 1
q 1 7 3
q 1 8 3
q 1 9 3
q 1 8 2
q 1 6 8
q 1 5 8
q 1 4 7
q 1 4 6
a 26 3 4 4 4 5 2 5 3 5 4 5 5 5 6 5 7 5 8 6 2 6 4 6 7 6 8 7 4 7 6 7 7 7 9 8 3 8 4 8 5 8 6 8 7 8 8 8 9 9 4 9 5 
